0 0.2760369203125 0.2119300578125 0.28212139375 0.22713249218749998 0.289286109375 0.23610394375000002 0.2955996796875 0.23814335625 0.3003637578125 0.236151090625 0.30712468125000003 0.23109902343750002 0.314640690625 0.22360872812500002 0.3170194328125 0.21721831093750002 0.31525168125 0.20711509062500003 0.2433894453125 0.027752901562499998 0.2139554515625 0.0313669421875 0.20687652031249998 0.039413679687499995 0.2077844109375 0.0468078578125 0.2686889390625 0.195025115625 0.2760369203125 0.2119300578125
3 0.403125 0.1140625 0.0625 0.1578125
3 0.92421875 0.1546875 0.0828125 0.090625
1 0.95 0.1546875 0.03125 0.084375
2 0.93671875 0.01875 0.0171875 0.0375
2 0.78125 0.18046875 0.040625 0.0453125
2 0.63359375 0.23984375 0.040625 0.053125
2 0.62265625 0.29453125 0.040625 0.0515625
2 0.52421875 0.30859375 0.0390625 0.05
2 0.375 0.4703125 0.0375 0.04375
2 0.40859375 0.41328125 0.0390625 0.0421875
2 0.50234375 0.4796875 0.0359375 0.046875
2 0.590625 0.66484375 0.0359375 0.04375
2 0.7234375 0.5875 0.0375 0.04375
2 0.38125 0.7703125 0.0359375 0.046875
2 0.26953125 0.5203125 0.0390625 0.046875
2 0.3296875 0.97578125 0.0359375 0.0421875
1 0.1234375 0.96953125 0.053125 0.0609375
1 0.265625 0.96484375 0.0515625 0.0515625
1 0.153125 0.7078125 0.0703125 0.078125
1 0.31015625 0.58515625 0.059375 0.05625
1 0.45546875 0.47265625 0.0625 0.065625
1 0.43984375 0.26953125 0.0375 0.1078125
1 0.46171875 0.171875 0.040625 0.1125
1 0.58359375 0.53046875 0.0625 0.0640625
1 0.68828125 0.55859375 0.0640625 0.0703125
1 0.56171875 0.87109375 0.040625 0.0828125
1 0.56171875 0.334375 0.06875 0.075
1 0.6828125 0.35390625 0.065625 0.065625
1 0.84375 0.3765625 0.0703125 0.08125
1 0.96015625 0.31640625 0.05 0.075
1 0.71171875 0.134375 0.0734375 0.078125
1 0.6734375 0.3140625 0.0640625 0.06875
1 0.7484375 0.315625 0.0640625 0.0609375
1 0.86796875 0.41328125 0.0609375 0.0703125
1 0.8859375 0.6484375 0.0640625 0.09375
1 0.57109375 0.6359375 0.0609375 0.0625