0 0.3812024484375 0.2959669796875 0.3879999796875 0.30313375468750003 0.398540421875 0.30680739375 0.4266539171875 0.3103931078125 0.43917494062499995 0.309229790625 0.452234128125 0.19779760468750002 0.43657460156249994 0.1842700484375 0.41759171093749997 0.1805060390625 0.3987934125 0.1800563875 0.3909719296875 0.1848032140625 0.39040118281249997 0.19349210156250002 0.3760330078125 0.2864713625 0.3812024484375 0.2959669796875
3 0.5144188921875 0.2284143453125 0.520369815625 0.15452101406250002 0.5115590234375 0.14509805781250001 0.5115918078125 0.13585041874999998 0.5083715875 0.1272131671875 0.4963894875 0.12232649375 0.47814659531250003 0.1169157765625 0.4671778875 0.12284719375 0.458971746875 0.131657853125 0.46232270781249996 0.143872034375 0.4593474421875 0.1605349578125 0.4591511375 0.1754533046875 0.46253474843750003 0.19194234375000002 0.4566008734375 0.1935993828125 0.4545246515625 0.212879646875 0.460033396875 0.2232619515625 0.46657205625 0.2263160359375 0.489653603125 0.2288482234375 0.5144188921875 0.2284143453125
3 0.090281940625 0.5548820078125 0.10951934375000001 0.559751775 0.12386448125 0.5628509171875 0.1309127296875 0.558426165625 0.1330189546875 0.5525848171875001 0.128342340625 0.5447071375 0.072819234375 0.528239365625 0.050712778125 0.525493525 0.0429346953125 0.5442565546875 0.082570375 0.5548812812499999 0.090281940625 0.5548820078125
3 0.48727014375 0.6677164078125 0.4260844578125 0.69417803125 0.42616415312499994 0.698007725 0.443322084375 0.7122217296875 0.45461198124999996 0.7110313359375 0.5129432765625 0.6872927765625 0.48727014375 0.6677164078125
2 0.3530136640625 0.298992465625 0.35896213125 0.30077830156249996 0.36124549687499996 0.3045819296875 0.36907015 0.305048390625 0.37027734375 0.30046888437499997 0.3758622640625 0.2968212390625 0.3767496640625 0.27446656406250003 0.367019775 0.27151606093749997 0.3520540453125 0.2697293765625 0.3469781609375 0.27376517499999997 0.34670165000000003 0.291773146875 0.3530136640625 0.298992465625
2 0.51008843125 0.312202775 0.49525360625000003 0.3094846515625 0.48504373437500004 0.309949415625 0.483909225 0.318021859375 0.484970815625 0.330518890625 0.489072146875 0.33742751718749997 0.49526783906249994 0.3414643765625 0.498191146875 0.3447247203125 0.5043577890625001 0.3449581640625 0.5064521484375 0.3420863953125 0.5129242359374999 0.34014648593749996 0.5149604921875001 0.3296678859375 0.5177675953125 0.3177145640625 0.51008843125 0.312202775
2 0.7574162328125 0.554237225 0.7458790890625 0.5584060765625 0.7519301796875 0.56577058125 0.76168846875 0.5696752703125 0.800937803125 0.5791722296875 0.8106628859375 0.5787295359375 0.8147358859375 0.5680832687499999 0.8095492203125 0.5637353984375 0.7687372046875 0.5561901765624999 0.7574162328125 0.554237225
2 0.7339486984375 0.9333949859375 0.7311932156250001 0.927246353125 0.7221015171875 0.9232573640625 0.7233937109374999 0.9183554031250001 0.7145199375 0.917108275 0.7131810359374999 0.9223425765625001 0.706206528125 0.9247514156250001 0.702003115625 0.9289053265625 0.6997455515625 0.9492612156250001 0.7039177421875 0.95391443125 0.7244830921875 0.9578214171875 0.7251213843750001 0.95757221875 0.7335593046875 0.9533356187500001 0.7339486984375 0.9333949859375
2 0.0473609984375 0.3563262859375 0.0470790140625 0.3624239546875 0.05430514843749999 0.36828475781250003 0.093730125 0.37414859218749996 0.10163890312499999 0.37106089531249997 0.100852584375 0.360290865625 0.09036202343750001 0.35720143437499996 0.0557000734375 0.35426810937500003 0.0473609984375 0.3563262859375
1 0.34140625 0.4625 0.115625 0.053125
1 0.47890625 0.5203125 0.096875 0.046875
1 0.521875 0.271875 0.059375 0.059375
1 0.47890625 0.06640625 0.0609375 0.0703125
1 0.9484375 0.26953125 0.103125 0.0859375
1 0.95390625 0.20546875 0.0921875 0.0640625
1 0.90625 0.57265625 0.1140625 0.053125
1 0.79375 0.66171875 0.121875 0.0484375
1 0.1703125 0.92109375 0.1125 0.06875
1 0.6125 0.5875 0.1015625 0.053125
1 0.784375 0.59609375 0.1140625 0.05
1 0.18984375 0.43046875 0.096875 0.040625
1 0.05625 0.50546875 0.096875 0.0421875
1 0.0484375 0.56015625 0.096875 0.0453125
1 0.38203125 0.975 0.0609375 0.034375
1 0.63203125 0.98671875 0.0515625 0.0265625
1 0.68125 0.9890625 0.046875 0.021875
1 0.45546875 0.74921875 0.0859375 0.0546875
1 0.25625 0.0953125 0.0765625 0.0625
1 0.6625 0.51796875 0.1078125 0.0421875