0 0 0.348106028125 0.050489814062500006 0.34613548125000004 0.053753853124999994 0.333186815625 0.052832595312499994 0.3019299625 0.034807275 0.2862637421875 0 0.2870695796875 0 0.348106028125
0 0.24093301406249998 0.3074051640625 0.23315962968749998 0.3027015078125 0.1337576609375 0.3072720640625 0.1251123 0.3064473875 0.12174808906250001 0.31748466406250003 0.12190136250000001 0.33408751875 0.1229030796875 0.353201428125 0.13417041093749998 0.3698607015625 0.24680755 0.3716242015625 0.2523262609375 0.3675016953125 0.2539935828125 0.3514423078125 0.252657959375 0.3259570953125 0.24858268906249997 0.316587465625 0.24093301406249998 0.3074051640625
0 1 0.6306763078125 0.9585623078125 0.63012428125 0.9447792109375 0.627013340625 0.9330936875000001 0.6365700765625 0.9267462421875001 0.6522358578125 0.9293446765625 0.674460490625 0.93586510625 0.6894518953125 0.9463978453124999 0.6920943 1 0.692536759375 1 0.6306763078125
3 0.6208725687500001 0.57435061875 0.6215403796875 0.587093225 0.6284751765625 0.5963129921875 0.67647243125 0.5957142046875 0.6739779921875 0.55495659375 0.629231096875 0.55602391875 0.6212103 0.5602775531249999 0.6208725687500001 0.57435061875
3 0.5086933390625 0 0.51003556875 0.0256112625 0.5231492390625 0.0843398703125 0.5312132828125 0.0877505328125 0.537089434375 0.083609296875 0.54058720625 0.075120540625 0.5388706078125 0.056044096875000005 0.536282028125 0.0408466328125 0.536886884375 0.0318706078125 0.5310508765625 0 0.5086933390625 0
3 0.10888693437500001 0.37281697812500003 0.10263294375000001 0.3731447359375 0.0983937203125 0.3804268296875 0.09423766875 0.3829979484375 0.090204609375 0.3879159296875 0.0916316359375 0.40254931875000005 0.0953844375 0.41117755 0.09716229374999999 0.4199092828125 0.1010290140625 0.4244132546875 0.10597545 0.43062562031249996 0.1119002828125 0.43031511250000004 0.11696063906250001 0.4324032203125 0.1225653921875 0.438581084375 0.1988774953125 0.4398766828125 0.20081613593749997 0.4138886890625 0.2005736703125 0.39036831250000004 0.1991864671875 0.382792759375 0.18723547812500002 0.375182503125 0.17008854375 0.3754928078125 0.168750240625 0.3814462171875 0.15351675468749998 0.3804795890625 0.1507297515625 0.3776840140625 0.14148259531250001 0.3775803109375 0.1288516203125 0.3758889640625 0.11590056093750001 0.380685990625 0.11374112656249999 0.3772691984375 0.10888693437500001 0.37281697812500003
2 0.18919276093749998 0.770339478125 0.19083551875 0.783031834375 0.1953636703125 0.7886029078125001 0.22192891406249998 0.7918573921875 0.22608382031250002 0.7840887421875 0.22507307656250003 0.758584815625 0.22031102812499997 0.7547685125 0.1966490984375 0.7571702609375001 0.1915710421875 0.75975974375 0.18919276093749998 0.770339478125
2 0.3622661609375 0.665430721875 0.335995528125 0.6615799609375 0.33124244062499997 0.6641524125 0.32943198125 0.6793491 0.33399945 0.691888175 0.3579435546875 0.7010884140625 0.3629608953125 0.6973404328125 0.364671321875 0.6740172515625 0.3622661609375 0.665430721875
2 0.0911911734375 0.3055771203125 0.11298540937499998 0.29862654843750003 0.11548511875 0.290363803125 0.1202685640625 0.2883705984375 0.119193628125 0.2802951921875 0.11467443906250001 0.2811128734375 0.11161934062500001 0.2725604046875 0.10703047343750001 0.265830834375 0.1020952453125 0.2649278015625 0.0829007515625 0.271742128125 0.08297938593750001 0.28567813124999997 0.0857398734375 0.29482687812499997 0.0911911734375 0.3055771203125
2 0.1285066953125 0.22172325937499998 0.12310367343749999 0.2243297734375 0.12303948125 0.24175829375000002 0.1248857796875 0.252116628125 0.15171527499999998 0.25419558593749997 0.1551077796875 0.2505327609375 0.15959661249999998 0.2491358328125 0.1595572953125 0.24216783125000002 0.1552112859375 0.240072240625 0.15368995624999998 0.22969687656249999 0.1455264453125 0.223154646875 0.1285066953125 0.22172325937499998
2 0.147505140625 0.2857815125 0.1505423171875 0.28155647031250003 0.149913778125 0.275781025 0.1546972234375 0.27378781874999997 0.1543329390625 0.26683684687500003 0.15004764375 0.2658997546875 0.141164521875 0.2518443359375 0.12042730312500001 0.254092803125 0.11836502812500001 0.2582667515625 0.12040242812499999 0.27848932656250003 0.12671616562500002 0.293260240625 0.147505140625 0.2857815125
2 0.2193623265625 0.2889857 0.2192070625 0.304676478125 0.241365584375 0.304676875 0.24765243906249998 0.30028152656249996 0.25344114375000004 0.298816475 0.2523358515625 0.29016182343749997 0.248752246875 0.283960409375 0.2457578640625 0.276566434375 0.23963523125 0.2716597609375 0.220106809375 0.2721023640625 0.2193623265625 0.2889857
1 0.16462291406250001 0.251776609375 0.1581628765625 0.25908522968750003 0.157427353125 0.28235731875000003 0.16187339375 0.29257940625 0.1955272140625 0.29430071562500004 0.212862971875 0.2893263171875 0.2173642421875 0.275731128125 0.21287888437500002 0.2585410390625 0.20562956250000003 0.25078921875 0.1698527546875 0.2520833640625 0.16462291406250001 0.251776609375
1 0.0745218015625 0.3854447703125 0.07275761562500001 0.37043542500000004 0.0593946203125 0.3641656890625 0.01705774375 0.3646419515625 0.0132581625 0.3729728203125 0.013852867187500001 0.39675603593750003 0.0247982625 0.40663750624999995 0.058959190625000005 0.41181727031250004 0.07145079062500001 0.40767758125000003 0.0745218015625 0.3854447703125
1 0.10529718125000001 0.35711332812499996 0.11427485 0.35431947343750003 0.117111965625 0.3338414375 0.117042290625 0.3262941875 0.1058629984375 0.318167490625 0.0819278546875 0.3153560078125 0.0662686890625 0.31501499375 0.058915859375000004 0.317723690625 0.058648129687499995 0.3374862359375 0.059610596875 0.3496334046875 0.0649315078125 0.3516779 0.10529718125000001 0.35711332812499996
1 0.2627428484375 0.4638679875 0.26441047968750003 0.45216381875 0.26122499375 0.43490560624999997 0.246947809375 0.42984545625 0.2179346109375 0.42962345625 0.20925155312500002 0.43182103281249995 0.2093481078125 0.458534546875 0.2124335640625 0.46766626093749997 0.2190239890625 0.4690633875 0.25403839375000004 0.47187506875 0.2627428484375 0.4638679875
1 0.1643390171875 0.9551869953125 0.17282749687500001 0.961712196875 0.185422603125 0.9471119890624999 0.18889721875 0.9387981515625 0.1880472203125 0.9225792187499999 0.153302015625 0.8378551906249999 0.144354703125 0.8412282921875001 0.1323274203125 0.86044545 0.1335934578125 0.8783850953125001 0.1643390171875 0.9551869953125
1 0.10597521406249999 0.9669582921875 0.1203379859375 0.9487804140625 0.119193378125 0.9331577578125 0.08647661250000001 0.86226755 0.08012904374999999 0.86550440625 0.0695141015625 0.880581675 0.07045517031250001 0.8985383515625 0.0997097578125 0.9655441343750001 0.10597521406249999 0.9669582921875
1 0.039392131250000004 0.8902920406250001 0.047932364062499996 0.89158698125 0.0735848890625 0.8339012484375001 0.08265710468750001 0.8142581203124999 0.079562690625 0.7987376515625 0.06714424062499999 0.7918375734375 0.0598003703125 0.8009350281250001 0.03063391875 0.8599665953125 0.029200181250000002 0.8699159906249999 0.039392131250000004 0.8902920406250001
1 0.5370415640624999 0.63652261875 0.5372575390625001 0.6219903375 0.5367325093749999 0.6057543734374999 0.5284261734375 0.60270465625 0.4862624796875 0.6002676546875 0.4775276671875 0.6076954906250001 0.47814376875000003 0.625669196875 0.48179704843750004 0.6394178609375001 0.48859101406249994 0.638480965625 0.5304904546875 0.6420934968750001 0.5370415640624999 0.63652261875
1 0.49882963125 0.355076 0.490112740625 0.37528134375 0.49178585625000004 0.3885529484375 0.53252678125 0.45089088750000006 0.5383154859375 0.44942583750000004 0.5501392296875001 0.43254270000000006 0.5489125109375 0.4215710578125 0.51322824375 0.362453140625 0.506364603125 0.3558427859375 0.49882963125 0.355076
1 0.8720130859375 0.5057039859375 0.8668653562499999 0.50074621875 0.812270778125 0.5036074 0.8040948296874999 0.5092634312500001 0.80456810625 0.5307296546875 0.8093391140625 0.540934709375 0.813511940625 0.54594356875 0.8678119093750001 0.543678665625 0.8730541859375001 0.531787159375 0.8720130859375 0.5057039859375
1 0.7976278390625 0.5537460828125 0.797491965625 0.5200645671874999 0.7907801125 0.5163504484375 0.7461595015625 0.5105571765625 0.7377406984375 0.5115792265625 0.7333732921875 0.5152931421875 0.730852184375 0.5293653953125 0.7311129609375 0.546776884375 0.7385961796875 0.5527739296874999 0.7927926390625 0.5609695453125 0.7976278390625 0.5537460828125
2 0.521289825 0.9321577234375 0.5168218140625 0.93239188125 0.516240221875 0.9410226734375 0.5116627375 0.9523201109375 0.5148183078125 0.999909578125 0.53163791875 0.9990281 0.5326848828124999 0.9917627124999999 0.528622653125 0.947131125 0.5223624859375 0.9394732031249999 0.521289825 0.9321577234375
1 0.9054508374999999 0.693331065625 0.9016286296875 0.6861596828125001 0.8505693984375 0.6851497375 0.8436086921875001 0.6904289968749999 0.8411028437500001 0.7083752515625 0.8443113546875001 0.7235648 0.8514741765625 0.728718184375 0.9017175953125 0.7273136546875001 0.9076151156250001 0.72147580625 0.9054508374999999 0.693331065625
1 0.823049190625 0.6466619921875 0.8244692234375 0.6343014124999999 0.8235060328125 0.6159226531249999 0.8192438140625 0.6069314078125 0.7738989421875 0.6031647515625 0.7634049843749999 0.60678625625 0.76017964375 0.6241559125 0.7620454875 0.6400301328125 0.7727415578125 0.646841271875 0.8183980171874999 0.6499772890625 0.823049190625 0.6466619921875
1 0.90564290625 0.5852028 0.9000285453125001 0.5701393359375 0.868184025 0.5675080828125 0.8497209109374999 0.570318615625 0.8421465093749999 0.5836160421875001 0.8431097 0.6019948015625001 0.85506159375 0.6130402796875 0.8990222171875001 0.61012209375 0.9058866046875 0.6030049578125001 0.90564290625 0.5852028
1 0.44077436875 0.19809298749999998 0.4501082421875 0.22480089531249997 0.4544825 0.226747415625 0.46813189375 0.2135214265625 0.4663744515625 0.2032786421875 0.44575865312499996 0.141805796875 0.4402523828125 0.14155042812500002 0.43375624375 0.145698465625 0.4290860515625 0.1497508125 0.42710631406250005 0.1585576296875 0.4302516265625 0.171991328125 0.44077436875 0.19809298749999998
1 0.4869070296875 0 0.47786670937500003 0.0004737828125 0.48265960156250004 0.041188359375 0.4901232140625 0.0506056296875 0.5010301 0.0487262359375 0.5048392140625 0.037410396875 0.49991262187499996 0 0.4869070296875 0
1 0.5325467359375 0 0.5364281703125 0.031177628125000002 0.5406093000000001 0.0479597671875 0.5552429484375 0.047192849999999995 0.5594179031250001 0.0358578390625 0.5557952796875 0 0.5325467359375 0