0 0 0.466610075 0.10532021250000001 0.475675478125 0.15215027812499998 0.4752344328125 0.1554462125 0.4664532046875 0.15923319062500002 0.45788395625 0.158792584375 0.449231865625 0.015105137499999999 0.43797523906249997 0 0.4394096671875 0 0.466610075
0 0.835765746875 0.6931893625 0.8496872828124999 0.6853480281250001 0.8553246046874999 0.6742316234375 0.8592127875 0.6626612484375001 0.856637484375 0.6597428640625 0.6742123203125 0.6400099859374999 0.66322548125 0.6433970921875 0.65818225625 0.6547699609375 0.6566041593749999 0.6667353484375 0.657001984375 0.6705204078125 0.6647584046875 0.674169859375 0.835765746875 0.6931893625
0 1 0.6669991390625001 0.889565540625 0.648230559375 0.876125115625 0.647903603125 0.8690781640624999 0.654442940625 0.8612222234375 0.66309684375 0.8580164218749999 0.6718418625 0.8603300218750001 0.6791369703125001 0.8737728468749999 0.6843925468750001 1 0.7074666984375 1 0.6669991390625001
0 0.049892759375 0.6107026125 0.1579307296875 0.626906053125 0.18560505624999998 0.6237513031249999 0.18964975625 0.6164365171874999 0.19409965 0.6046500671875 0.19223847031250002 0.5994323703125 0.069713103125 0.5827831375 0.0537758328125 0.585196390625 0.043644159375000005 0.5887218703125 0.0398020578125 0.5938008265625 0.0355547609375 0.6033514453125 0.0365247390625 0.6084167500000001 0.049892759375 0.6107026125
3 0.29375 0.5859375 0.06875 0.0625
1 0.08125 0.97578125 0.071875 0.0484375
2 0.178125 0.99609375 0.05 0.0078125
2 0.459375 0.87890625 0.05 0.0390625
2 0.46484375 0.8390625 0.053125 0.0359375
2 0.47421875 0.80390625 0.0515625 0.0359375
2 0.84609375 0.5921875 0.065625 0.03125
3 0.59765625 0.5328125 0.0609375 0.0546875
2 0.6046875 0.6125 0.046875 0.0359375
2 0.5359375 0.4875 0.04375 0.0359375
2 0.39296875 0.49140625 0.04375 0.0359375
2 0.6390625 0.4640625 0.0453125 0.0359375
2 0.659375 0.40625 0.05 0.0359375
2 0.70234375 0.334375 0.05 0.0375
2 0.8140625 0.12265625 0.05 0.0421875
2 0.89296875 0.32578125 0.046875 0.0390625
2 0.121875 0.48828125 0.053125 0.0203125
2 0.246875 0.69765625 0.04375 0.0328125
2 0.38671875 0.9109375 0.046875 0.0359375
1 0.15390625 0.96171875 0.078125 0.0609375
1 0.22265625 0.96328125 0.0703125 0.05
1 0.2578125 0.89921875 0.0703125 0.0578125
1 0.21484375 0.86484375 0.06875 0.05625
1 0.228125 0.78125 0.06875 0.05625
1 0.384375 0.82421875 0.0609375 0.053125
1 0.4125 0.759375 0.0578125 0.0546875
1 0.45625 0.76640625 0.0640625 0.0578125
1 0.52421875 0.7140625 0.059375 0.0546875
1 0.48828125 0.6984375 0.0609375 0.0578125
1 0.51640625 0.62578125 0.0625 0.05625
1 0.56640625 0.60859375 0.065625 0.0625
1 0.53984375 0.5484375 0.0609375 0.059375
1 0.4828125 0.58671875 0.0640625 0.059375
1 0.34453125 0.575 0.0609375 0.0515625
1 0.12109375 0.53046875 0.08125 0.0375
1 0.60859375 0.078125 0.078125 0.065625
1 0.71875 0.06796875 0.08125 0.0671875
1 0.74609375 0.21328125 0.078125 0.0703125
1 0.65625 0.3015625 0.071875 0.065625
1 0.45625 0.23984375 0.0671875 0.059375
1 0.52734375 0.128125 0.0671875 0.0609375
1 0.4953125 0.03046875 0.0828125 0.0609375
1 0.28125 0.18359375 0.0859375 0.0578125
1 0.5609375 0.38984375 0.0671875 0.0640625
1 0.61171875 0.4203125 0.0609375 0.059375
1 0.66640625 0.16015625 0.06875 0.0625
1 0.79765625 0.0359375 0.078125 0.0640625
1 0.7734375 0.628125 0.1 0.04375
1 0.41484375 0.85546875 0.0609375 0.05625
1 0.34609375 0.9609375 0.0640625 0.0546875
1 0.44453125 0.41640625 0.0640625 0.059375
1 0.3796875 0.45859375 0.0640625 0.0546875