0 0.308965359375 0.8121510781250001 0.327532584375 0.8157834421875 0.34876971874999996 0.8177354093750001 0.36635615625 0.806977296875 0.38250049218750004 0.7008183328125 0.36515266562500004 0.695072971875 0.338548471875 0.6919966140625 0.3255484125 0.6970735859375 0.3166377640625 0.7059421140625 0.3092659671875 0.7855689046875 0.3067614140625 0.80939813125 0.308965359375 0.8121510781250001
3 0.39455183437499997 0.888713453125 0.406309290625 0.8825715359374999 0.40707814375 0.87045080625 0.41624736406249996 0.8697119875 0.4321459671875 0.7953361890624999 0.41454498281249996 0.7897974140625 0.38477737031250003 0.7846824125 0.3794867046875 0.786963909375 0.37334059218750004 0.7973844406249999 0.369190853125 0.812838665625 0.3745091171875 0.8151001765625001 0.3683887 0.8348873828125001 0.3639753796875 0.848043846875 0.36584995625 0.8638474953124999 0.35617736875 0.8741811359374999 0.36187720625 0.8776177796875 0.3627859484375 0.8833884281250001 0.371658284375 0.8902798390625 0.38329584843750003 0.8900842125 0.39455183437499997 0.888713453125
3 0.0633837296875 0.40355275312499994 0.08893397812500001 0.40594237343749995 0.14754300781250002 0.40441111249999995 0.1493534265625 0.3972059 0.1483445484375 0.3917751046875 0.14209685625 0.3860895078125 0.1253388078125 0.3852156265625 0.10851925 0.38492691875 0.09923699999999999 0.3830638546875 0.060726121875000004 0.3837493171875 0.0601438109375 0.384279753125 0.0633837296875 0.40355275312499994
2 0.44140625 0.69609375 0.0359375 0.034375
2 0.30078125 0.70234375 0.034375 0.034375
2 0.69375 0.534375 0.0578125 0.025
2 0.79296875 0.171875 0.0328125 0.040625
2 0.01796875 0.559375 0.0359375 0.021875
2 0.78671875 0.04375 0.0375 0.034375
3 0.5161792468749999 0.34257838125 0.4690783515625 0.304234753125 0.46231129375 0.30172817812499997 0.44516608281250003 0.3067483953125 0.437391196875 0.31383066875 0.485681746875 0.35301746562499997 0.5161792468749999 0.34257838125
1 0.3640625 0.93359375 0.05 0.0625
1 0.284375 0.7921875 0.053125 0.0609375
1 0.77890625 0.9484375 0.103125 0.04375
1 0.86640625 0.8609375 0.1265625 0.065625
1 0.8640625 0.9234375 0.125 0.053125
1 0.8125 0.55859375 0.10625 0.0390625
1 0.7203125 0.428125 0.103125 0.0453125
1 0.67421875 0.5078125 0.1046875 0.0390625
1 0.56015625 0.54921875 0.1 0.034375
1 0.5375 0.47734375 0.103125 0.0421875
1 0.39609375 0.50859375 0.096875 0.0375
1 0.25859375 0.5328125 0.103125 0.0421875
1 0.11796875 0.52265625 0.090625 0.034375
1 0.1421875 0.56875 0.084375 0.0328125
1 0.20078125 0.48828125 0.090625 0.040625
1 0.071875 0.371875 0.09375 0.034375
1 0.06484375 0.4234375 0.0890625 0.034375
1 0.7765625 0.0921875 0.046875 0.065625
1 0.72734375 0.07734375 0.05625 0.075
1 0.70390625 0.15234375 0.05 0.065625
1 0.75234375 0.15234375 0.05 0.0640625
1 0.61875 0.08046875 0.046875 0.0640625
1 0.29296875 0.05234375 0.10625 0.0578125
1 0.4796875 0.2515625 0.0671875 0.05625