0 0.2075929125 0.3155545875 0.20194162968749998 0.3235206609375 0.199272834375 0.3560822625 0.2104908546875 0.37498274062500003 0.3158300515625 0.3872261703125 0.3214792640625 0.37368578750000003 0.324150128125 0.34669849531249997 0.3195149765625 0.3345292734375 0.310493315625 0.32344685625 0.2139292109375 0.3146041234375 0.2075929125 0.3155545875
0 0.0365932578125 0.2952358796875 0.0347972109375 0.3153166375 0.0476235484375 0.333632809375 0.134390221875 0.342487209375 0.1397928609375 0.3212651078125 0.14173436875 0.299104209375 0.1259358953125 0.2840640578125 0.0448731328125 0.2776988265625 0.039023765625 0.2772897984375 0.0365932578125 0.2952358796875
0 0.5887903078125001 0.6820395390625 0.5845465062499999 0.69186208125 0.5818983609374999 0.7093856781250001 0.5823478640624999 0.72839079375 0.5857573453125 0.7355862265625001 0.6939399765625 0.7501081109375 0.7060198984375 0.7434076078125 0.7075784171875 0.7211197484375 0.7082997640625 0.697353471875 0.6185232265625 0.6841186671874999 0.5887903078125001 0.6820395390625
3 0.16917416093749998 0.40500765781250003 0.17249790468749998 0.41958069531250003 0.1778640546875 0.4271262421875 0.1852726125 0.42764429843749996 0.1908706921875 0.43630918750000003 0.2613303890625 0.44454558437499997 0.26753273125 0.41795274375 0.269183128125 0.39435097343750003 0.2565619453125 0.38409185625000003 0.2405484515625 0.382420521875 0.23842764375 0.38613315625 0.218863396875 0.382007278125 0.20369757187499998 0.3770858453125 0.189923309375 0.3788804671875 0.1833223984375 0.37124857499999997 0.177961165625 0.3769408671875 0.1693962515625 0.37965132343749997 0.16461729687499999 0.394760890625 0.16917416093749998 0.40500765781250003
3 0.1828125 0.5390625 0.053125 0.05625
3 0.88671875 0.68515625 0.0625 0.05
3 0.609375 0.11484375 0.034375 0.0890625
2 0.1890625 0.29296875 0.0359375 0.0328125
2 0.22421875 0.2828125 0.0375 0.040625
2 0.23125 0.25 0.0359375 0.0328125
2 0.31171875 0.30859375 0.0328125 0.0296875
2 0.23125 0.75390625 0.0375 0.0390625
2 0.49765625 0.96796875 0.0234375 0.0640625
1 0.29375 0.4578125 0.0546875 0.04375
1 0.2703125 0.28984375 0.05625 0.04375
1 0.1703125 0.3375 0.059375 0.05
1 0.12421875 0.3765625 0.0625 0.053125
1 0.175 0.86484375 0.0765625 0.1203125
1 0.0765625 0.80390625 0.06875 0.1015625
1 0.41171875 0.7046875 0.0625 0.0609375
1 0.53984375 0.6390625 0.059375 0.05625
1 0.6421875 0.4953125 0.0640625 0.09375
1 0.65078125 0.58984375 0.059375 0.08125
1 0.76484375 0.3921875 0.0625 0.090625
1 0.81875 0.6203125 0.0625 0.046875
1 0.9484375 0.80390625 0.0703125 0.1078125
1 0.95859375 0.63203125 0.0703125 0.0515625
1 0.5796875 0.0765625 0.03125 0.0875