1 0.73799905625 0.9135767515625 0.7085850671875 0.8867843000000001 0.68928225 0.8768009156250001 0.663222409375 0.8918450874999999 0.6863531187499999 0.9134383343750001 0.708480684375 0.93044933125 0.7147924828125001 0.93095785625 0.7272009421875001 0.9249659890625 0.7357853859375 0.9173251812500001 0.73799905625 0.9135767515625
1 0.9024427796875001 0.934966415625 0.872269303125 0.905909946875 0.8564554734375 0.8943879359375 0.8363095515625 0.901193040625 0.8226601078125 0.9152258078125 0.8463695 0.94232485625 0.8605120718749999 0.9478699390624999 0.8810558734375 0.949812421875 0.8973473234375 0.9410685937500001 0.9024427796875001 0.934966415625
1 0.9245659125 0.862618896875 0.9095744218749999 0.858920921875 0.8931002296875 0.8659260734374999 0.8899786640625 0.8759225109375001 0.9197561984375 0.9012118515624999 0.9427288078125 0.9064148203125001 0.9605068375 0.8969287874999999 0.9245659125 0.862618896875
0 0.8886230484375 0.8233285453124999 0.8769967812499999 0.8119523640624999 0.8565424109374999 0.8058987578125001 0.8421924562499999 0.813266603125 0.83385166875 0.8232256437500001 0.8744046140625 0.8567578109375 0.8937054921875 0.861760734375 0.9158823437500001 0.8494685234375 0.8886230484375 0.8233285453124999
1 0.9300398640624999 0.8154597000000001 0.913346659375 0.8054950140624999 0.9026645578125001 0.8031019859375 0.88904169375 0.807463609375 0.8814279984375 0.8144164265624999 0.8887144203125 0.8241978812499999 0.9227708874999999 0.8505023890625001 0.93697049375 0.846666109375 0.9495597578125 0.8374324578125 0.9300398640624999 0.8154597000000001
1 0.8213615296875 0.853250475 0.8037908859374999 0.8498235812500001 0.7812200328125 0.8633291234374999 0.8070841203124999 0.8910806453125 0.8260233906250001 0.902567140625 0.8399508234375 0.9011033078124999 0.8534499203125 0.8906021078125 0.8213615296875 0.853250475
1 0.7872040015625 0.8011743265625 0.77366669375 0.7914639046875 0.756550965625 0.7874032343749999 0.7350726890625 0.8013799031250001 0.7707738328125 0.8433324843750001 0.7931982171875 0.8433194281249999 0.81036904375 0.8330182734375 0.7872040015625 0.8011743265625
1 0.8293343390624999 0.75543603125 0.8167677796874999 0.74503761875 0.798591871875 0.7457760625 0.7789332609375 0.757217634375 0.803101446875 0.79364383125 0.82546879375 0.803012140625 0.8504075390624999 0.7921875234375 0.8293343390624999 0.75543603125
1 0.9079784703125 0.7345720499999999 0.89483710625 0.7286287546875 0.8732959765625001 0.7370454046875 0.8684422375 0.74048535625 0.87211590625 0.7456658625 0.896799921875 0.78203784375 0.9087573421874999 0.7866406734375 0.9325730562500001 0.7750551531250001 0.9079784703125 0.7345720499999999
3 0.8741072421875 0.79438426875 0.8988327890625 0.7815312 0.8955550625 0.780117821875 0.8841057187500001 0.7555389328125 0.8728449359375 0.7476401015625 0.8564886953125 0.745843446875 0.8409852499999999 0.752160609375 0.8354044203125 0.7586067828124999 0.853650934375 0.7833502015625 0.8664002343749999 0.7954872890625 0.8741072421875 0.79438426875
2 0.8381145374999999 0.7049995296875 0.8220913859375001 0.7014099875 0.8185090875000001 0.6970988171875 0.8097399640624999 0.6980204890625 0.8055867359375 0.708125359375 0.8147880750000001 0.7262019765625001 0.821343528125 0.729028734375 0.8333294671875 0.7289408828124999 0.8503804031250001 0.7224610734375 0.8381145374999999 0.7049995296875
2 0.800485465625 0.69928615625 0.790469540625 0.6933073453125 0.7740219296874999 0.69064135625 0.7627954781249999 0.6929932234375 0.7668423843750001 0.7215729234375 0.7896931656249999 0.725616775 0.809717259375 0.717652553125 0.800485465625 0.69928615625
2 0.8486878234375 0.6616990734375 0.8338486171874999 0.6594499953125 0.8261701296874999 0.65586233125 0.8143060203125 0.6571093 0.8118221140624999 0.6682106390625 0.822390140625 0.6893663953125 0.8417195390625001 0.6896786359375 0.862289921875 0.6819499765625 0.8486878234375 0.6616990734375
2 0.800096721875 0.6360432781250001 0.7868030703125 0.6286510875 0.7720552359374999 0.6272713453125001 0.7646242828125 0.6359628359375 0.7723105218749999 0.65947234375 0.78390245625 0.6605978234375 0.7979212609374999 0.6600033296875 0.8113918390625001 0.654192809375 0.800096721875 0.6360432781250001
2 0.7665198125 0.594453390625 0.74579326875 0.5907722328125 0.732592928125 0.5892298421875 0.7285615296875 0.6004938281250001 0.7378542375 0.619439784375 0.7445619765625 0.6237154375 0.759521071875 0.6221431734375 0.7769355546875001 0.6141602515625 0.7665198125 0.594453390625
1 0.7375211484374999 0.621232675 0.7232872078125 0.6148182546875 0.69528393125 0.6262579453125 0.7212432671875 0.664839728125 0.743730503125 0.6703866921875 0.76684958125 0.6620971734375 0.7375211484374999 0.621232675
1 0.6475398125 0.59377458125 0.629331509375 0.589242784375 0.6134321218750001 0.59179281875 0.603482928125 0.6013349484375 0.6312353500000001 0.6470527749999999 0.647591590625 0.6488494296875 0.670255753125 0.641193684375 0.6475398125 0.59377458125
1 0.7282768984375 0.726798240625 0.7089073515625001 0.7012939171875 0.6971307359375001 0.6934492999999999 0.66648739375 0.7045805125 0.6777235359375 0.7271309484375 0.69888229375 0.7498103953124999 0.712931553125 0.7495056796874999 0.7302546671875 0.740653421875 0.7282768984375 0.726798240625
3 0.6975598984375 0.548671940625 0.6483161875000001 0.5614651515625 0.685656196875 0.6041244203125 0.722731228125 0.5896803875 0.6975598984375 0.548671940625
0 0.17110259375 0.6655306890625 0.0204743984375 0.721004784375 0.025593178124999998 0.7697067093750001 0.19150961718749998 0.7058679640625 0.199334575 0.695963140625 0.1909212421875 0.6754598578125 0.17110259375 0.6655306890625
0 0.014686779687500002 0.5319647578125 0.0010429125 0.5361265328125 0.00487104375 0.57254876875 0.2220527234375 0.5151503828124999 0.211937675 0.48838039218749996 0.1909389578125 0.4870716828125 0.014686779687500002 0.5319647578125
1 0.0653340078125 0.616879440625 0.011103328125 0.6318449968750001 0.0139703265625 0.659122665625 0.0236566484375 0.6570035015625 0.08324549375 0.6384352890625 0.078473434375 0.617842275 0.0653340078125 0.616879440625
2 0.0551464171875 0.5596471265625 0.0329371703125 0.566669096875 0.0052312093749999995 0.575975521875 0.0068611171875 0.591483059375 0.017411021875 0.592618325 0.071266753125 0.5790473921875 0.0624918140625 0.5650276812499999 0.0551464171875 0.5596471265625
2 0.286209565625 0.46065144374999994 0.2349919640625 0.46955039374999996 0.217213934375 0.47903642656249995 0.23566589375000002 0.4858864546875 0.291708715625 0.47823823593750003 0.286209565625 0.46065144374999994
2 0.33925458750000004 0.469139240625 0.2912538 0.47887201093750004 0.272990396875 0.4887020390625 0.293444765625 0.49475564531250005 0.34699980468749997 0.48824784218749995 0.33925458750000004 0.469139240625
2 0.4327567515625 0.42093135156250006 0.3823595515625 0.43267387656249995 0.37028805781249996 0.44683377343749997 0.390831859375 0.44877625625000006 0.44119860156249996 0.436743953125 0.4327567515625 0.42093135156250006
3 0.35738121093749997 0.49770400312499996 0.205184528125 0.5233688671875 0.2144221375 0.556676646875 0.36713465312500004 0.5309575671875 0.35738121093749997 0.49770400312499996
1 0.5366129171875 0.54566549375 0.5506012640625 0.5447812187500001 0.5549638140625001 0.52674388125 0.4842567765625 0.5139598515625 0.46234822343750004 0.5139186890625 0.44842466718749996 0.5253434453125 0.450522325 0.53537728125 0.5330021015625 0.5460450046875 0.5366129171875 0.54566549375
1 0.673025671875 0.42937080156249996 0.6695917828125 0.41654760468749996 0.659303684375 0.41294124375 0.5797782390624999 0.43038209375 0.572164540625 0.4373349109375 0.5774180984374999 0.447623009375 0.5892536890625 0.4510667234375 0.6670793578125 0.4323396265625 0.673025671875 0.42937080156249996
2 0.6972054890625 0.4956797625 0.6864851765625 0.47307511093750004 0.6668797265624999 0.46517439843749997 0.653319715625 0.4750960390625 0.6633738499999999 0.5012864734375 0.6972054890625 0.4956797625
2 0.7036164109375 0.5169794671875 0.6896565828125001 0.513173059375 0.6738161734375 0.511322190625 0.6675387078125 0.5210643687500001 0.6779563875 0.5457516890624999 0.6940689718749999 0.545230109375 0.71655039375 0.5358356890625 0.7036164109375 0.5169794671875
0 0.9647732953125001 0.47605368124999997 0.952176278125 0.46536548906249997 0.7875711359374999 0.4970222203125 0.775739421875 0.5035394296875 0.7827899406250001 0.5309244953125 0.8170175203125 0.5290849140625 0.9606848578125 0.49669903125000003 0.9647732953125001 0.47605368124999997
1 0.9170513218749999 0.3445406578125 0.8482669515625 0.3599736328125 0.8415935453125 0.3659486828125 0.8447228656249999 0.3758740859375 0.8537680421875 0.3825408875 0.9245528828125 0.361331028125 0.9170513218749999 0.3445406578125
1 0.683360828125 0.0860835796875 0.7001661718750001 0.072305075 0.679253009375 0.056924321874999996 0.64520041875 0.040580734375 0.6256882781249999 0.038529820312500004 0.6104589484375 0.0474549921875 0.6034543921875 0.0602033921875 0.6685559578125 0.09408520000000001 0.683360828125 0.0860835796875
1 0.33620583593750003 0.27638568124999996 0.349493671875 0.2688364875 0.34432761093750003 0.24945680312500002 0.3263817890625 0.21765025468750002 0.311816696875 0.21800918593750002 0.2838723984375 0.22504797499999998 0.2958680265625 0.24986242656250002 0.3117790421875 0.2771951578125 0.33620583593750003 0.27638568124999996
1 0.2833560109375 0.1457045953125 0.258548228125 0.1031930375 0.231936284375 0.1030602625 0.21367288125 0.112890290625 0.2423390125 0.16730149218749998 0.26430847968750004 0.16792221093749998 0.28384719999999997 0.16030198281250002 0.2833560109375 0.1457045953125
1 0.2952115421875 0.2783505109375 0.2681862109375 0.2296264609375 0.2356888671875 0.23304206875000003 0.22331086562500002 0.23932371562500002 0.2460592015625 0.292013059375 0.26884906875 0.2954773515625 0.288994990625 0.2886722453125 0.2952115421875 0.2783505109375
1 0.24620705312500002 0.2041034390625 0.22158007500000002 0.15835009375 0.2094399125 0.1520085890625 0.181251959375 0.15672914375 0.17491357968750001 0.1658917640625 0.20548881093750002 0.21365674375000002 0.21422941718750002 0.21742575312499998 0.23744180468749998 0.2149860328125 0.24514687343750002 0.208902553125 0.24620705312500002 0.2041034390625
1 0.1885920984375 0.226565909375 0.142987721875 0.23428892499999998 0.137620090625 0.242763553125 0.16825623750000002 0.2911080921875 0.1813995421875 0.302031846875 0.202124146875 0.3007325421875 0.2265794578125 0.29523238281249997 0.1885920984375 0.226565909375
1 0.180989475 0.1840038984375 0.1656779078125 0.13756444375000002 0.155749478125 0.12249405 0.1294421046875 0.1252590671875 0.11245208124999999 0.132318434375 0.1356287546875 0.19404514687500002 0.15862988281249998 0.1945574328125 0.1779268859375 0.189599434375 0.180989475 0.1840038984375
1 0.060969503125000005 0.0841140828125 0.0536260421875 0.08371398906250001 0.03429664375 0.08340175 0.0237687671875 0.0874380765625 0.0211001796875 0.09182027968749999 0.032075778124999996 0.1466259296875 0.0432127953125 0.14838518437499998 0.0634520265625 0.1474298765625 0.0737362484375 0.1410753171875 0.0670395828125 0.087284834375 0.060969503125000005 0.0841140828125
3 0.0896458828125 0.24282518125000002 0.0275900171875 0.2379212859375 0.008165928125 0.3061763796875 0.011268667187500001 0.3257729265625 0.045528640625 0.32920358437499997 0.0657069578125 0.32766871875 0.0896458828125 0.24282518125000002
2 0.086219190625 0.170526234375 0.0546925953125 0.1732538515625 0.04531820625 0.1783408640625 0.064963803125 0.2114336609375 0.0788627171875 0.2146605109375 0.0933915390625 0.19907041718750002 0.086219190625 0.170526234375
2 0.12859955625 0.22144515 0.09318997031250001 0.22692472812500003 0.088427603125 0.23123401562499998 0.10913338125000001 0.2595277 0.12558099218750002 0.26219369062500003 0.137622028125 0.24774401406250002 0.12859955625 0.22144515
2 0.1523737390625 0.25908467812499997 0.1134751640625 0.2661028859375 0.11897237812499999 0.27870921875 0.13982462499999998 0.2935104125 0.1466541921875 0.2989451828125 0.1597936203125 0.29990801562499997 0.1685569296875 0.2840449609375 0.1523737390625 0.25908467812499997
2 0.16595645312500001 0.2295309734375 0.16458782656249998 0.22147137187500002 0.1645230359375 0.21093089375 0.1311081046875 0.19569220781250002 0.1160880953125 0.1966849125 0.097645828125 0.2147371890625 0.1357926703125 0.22537680624999998 0.156580128125 0.22963752343750002 0.16595645312500001 0.2295309734375
2 0.2060229140625 0.104611946875 0.1954626390625 0.103378034375 0.16967109687499998 0.10608883437500001 0.1597504203125 0.110940284375 0.1672234625 0.1324213359375 0.177665784375 0.142457053125 0.1898059453125 0.1487985578125 0.2053664265625 0.1331000328125 0.2060229140625 0.104611946875
2 0.2945312390625 0.1676754734375 0.2550578578125 0.1791487984375 0.2720005359375 0.20637309843749999 0.2984640703125 0.2150179 0.315691934375 0.1953353828125 0.2945312390625 0.1676754734375