0 0.28816030000000004 0.9986079999999999 0.3387513390625 0.8006481031250001 0.3392728953125 0.791839584375 0.3369258890625 0.7858127015624999 0.32910253125 0.7788586078125 0.3238869609375 0.7765405765625 0.319453725 0.77422254375 0.31345581875 0.7737589375 0.305893240625 0.7825674578124999 0.2949405421875 0.8215103875 0.254519865625 0.973109653125 0.259996215625 0.9814545671875001 0.270948915625 0.9907266921875 0.28816030000000004 0.9986079999999999
0 0.45400539531249995 1 0.4734154265625 0.8550934640625 0.47081164218750005 0.8403649859375 0.46773444218750004 0.8344735921875 0.45779271875000005 0.8281613875 0.4469041625 0.8226908093749999 0.43909280937500006 0.8226908093749999 0.43435865468749996 0.8521477687499999 0.4137650828125 1 0.45400539531249995 1
0 0.511463565625 0.496744065625 0.52012824375 0.4980643984375 0.525822175 0.48090008281249996 0.5446369046874999 0.323340478125 0.54240884375 0.3088168265625 0.53176366875 0.3022151671875 0.5240892390624999 0.301334946875 0.52012824375 0.3022151671875 0.5188904328125 0.3120384375 0.4990854546875 0.4519936171875 0.49710495625 0.4739991484375 0.4990854546875 0.4880826890625 0.511463565625 0.496744065625
0 0.40087965781249996 0.329189578125 0.4091392765625 0.330555509375 0.41893556875 0.3264577140625 0.43564689218749997 0.1837178359375 0.4344943859375 0.1727903796875 0.43161312343749997 0.16493627187499998 0.4270031046875 0.1615214421875 0.41778306406250004 0.1601555109375 0.41106011875000004 0.15947254375 0.40856302343750006 0.1622044078125 0.407218434375 0.172448896875 0.3910833640625 0.289577553125 0.39050711250000003 0.30255390625 0.393388375 0.3250917828125 0.40087965781249996 0.329189578125
0 0.42873186093750004 0.161043365625 0.44429067968749997 0.0459636078125 0.4423698375 0.029572425000000003 0.43603105937500003 0.026499078125 0.42585059843749995 0.02342573125 0.419895990625 0.02342573125 0.4179751484375 0.037904609374999995 0.401455909375 0.13748104218749999 0.40241633125 0.1692389578125 0.4064500984375 0.1716293375 0.42873186093750004 0.161043365625
3 0.16796875 0.1796875 0.04375 0.053125
3 0.2953125 0.28046875 0.04296875 0.05546875
3 0.47578125 0.29375 0.03046875 0.12578125
3 0.8375 0.76328125 0.0796875 0.08828125
2 0.8390625 0.86796875 0.03828125 0.04140625
3 0.4671875 0.7125 0.0296875 0.090625
2 0.44609375 0.7875 0.02265625 0.06171875
2 0.49296875 0.79296875 0.01953125 0.0609375
2 0.5359375 0.2484375 0.0171875 0.05234375
2 0.53984375 0.12421875 0.0171875 0.05390625
2 0.58359375 0.05 0.01640625 0.05625
2 0.2765625 0.2328125 0.0296875 0.0390625
2 0.321875 0.24765625 0.028125 0.0421875
1 0.04765625 0.0875 0.04453125 0.0578125
1 0.10703125 0.17109375 0.0515625 0.071875
1 0.1328125 0.12734375 0.04921875 0.05390625
1 0.046875 0.20703125 0.05078125 0.0625
1 0.13828125 0.26640625 0.05 0.059375
2 0.2 0.2296875 0.03125 0.0375
2 0.253125 0.19140625 0.03125 0.0390625
2 0.340625 0.03671875 0.028125 0.0421875
1 0.328125 0.4625 0.0546875 0.04375
1 0.4015625 0.43203125 0.05390625 0.08671875
1 0.69453125 0.7453125 0.0671875 0.06875
1 0.690625 0.67734375 0.0546875 0.05390625
1 0.90859375 0.8234375 0.06796875 0.0671875
1 0.190625 0.3046875 0.05 0.0546875