0 0.2757731953125 0.9815163625000001 0.2855355640625 0.9874822546875001 0.337703221875 0.790065465625 0.3380082953125 0.7824725124999999 0.33465248124999997 0.774879559375 0.3248901125 0.7683713125 0.3184835578125 0.7645748359375 0.312992225 0.7645748359375 0.308416115625 0.76728660625 0.3047552265625 0.773252496875 0.294687784375 0.8057937265625 0.2525875703125 0.9619916249999999 0.26173979062499997 0.97338105625 0.271197084375 0.9804316546875 0.2757731953125 0.9815163625000001
0 0.48327824843749995 0.8231817578125 0.47933312031249997 0.8139764578124999 0.4682374453125 0.8069628968749999 0.46010061875 0.803456115625 0.458374625 0.8087162875 0.41571792187499995 0.99943256875 0.44949808593749996 1 0.4845111015625 0.8354554921874999 0.48327824843749995 0.8231817578125
0 0.43828125 0.06015625 0.04140625 0.11953125
3 0.44609375 0.75 0.0375 0.13828125
3 0.628125 0.4359375 0.04375 0.05546875
3 0.15625 0.08046875 0.0546875 0.04921875
2 0.0359375 0.0421875 0.0296875 0.04453125
2 0.1109375 0.04921875 0.03125 0.0390625
2 0.3875 0.246875 0.028125 0.0390625
2 0.43671875 0.54609375 0.03125 0.0421875
2 0.52890625 0.64921875 0.03203125 0.05078125
2 0.57421875 0.68359375 0.03203125 0.0515625
2 0.62421875 0.70078125 0.03359375 0.04453125
2 0.71328125 0.63046875 0.034375 0.04140625
2 0.8125 0.72578125 0.0359375 0.0390625
2 0.78046875 0.81015625 0.0359375 0.04375
2 0.778125 0.84765625 0.0359375 0.03984375
2 0.89453125 0.5796875 0.0328125 0.04140625
2 0.921875 0.48984375 0.0328125 0.05
2 0.7265625 0.4671875 0.03203125 0.040625
2 0.778125 0.48359375 0.03125 0.04140625
2 0.7859375 0.4390625 0.03046875 0.0359375
2 0.47734375 0.77578125 0.01953125 0.0625
2 0.49453125 0.853125 0.01953125 0.065625
1 0.10390625 0.13671875 0.04765625 0.05703125
1 0.20625 0.209375 0.04921875 0.05546875
1 0.296875 0.23125 0.0515625 0.06171875
1 0.296875 0.27734375 0.05 0.05390625
1 0.30625 0.346875 0.053125 0.0546875
1 0.38828125 0.3890625 0.0515625 0.05546875
1 0.41328125 0.296875 0.04765625 0.05390625
1 0.4984375 0.3390625 0.04765625 0.0515625
1 0.47265625 0.36953125 0.053125 0.06484375
1 0.52578125 0.44140625 0.05390625 0.05703125
1 0.6390625 0.48984375 0.0515625 0.05703125
1 0.6578125 0.60390625 0.053125 0.05234375
1 0.65234375 0.64921875 0.05546875 0.059375
1 0.53203125 0.59375 0.0625 0.07734375
1 0.54453125 0.9578125 0.05703125 0.084375
1 0.70625 0.7265625 0.06171875 0.0609375
1 0.80234375 0.66640625 0.05859375 0.059375
1 0.8703125 0.7 0.05703125 0.0609375
1 0.896875 0.82109375 0.06796875 0.06953125
1 0.83046875 0.303125 0.04921875 0.08203125
1 0.45234375 0.63359375 0.02578125 0.09609375
1 0.4859375 0.67109375 0.021875 0.1015625
1 0.18671875 0.28828125 0.05078125 0.0546875
1 0.63828125 0.39921875 0.053125 0.0625
1 0.82578125 0.5828125 0.053125 0.0609375
1 0.871875 0.746875 0.05625 0.06171875
1 0.515625 0.03515625 0.028125 0.06953125
1 0.54921875 0.14140625 0.02734375 0.0765625