0 0.274918753125 0.2511971328125 0.281967853125 0.258172821875 0.28734207968750003 0.25653204218750003 0.295385009375 0.2513918421875 0.3063825109375 0.2373314359375 0.3069665328125 0.2282758828125 0.305192278125 0.220871003125 0.22060582968750003 0.044950378125 0.176494025 0.053524843749999995 0.17630100312500002 0.0539693203125 0.26094566874999997 0.22410645312500002 0.26891258281249997 0.239249634375 0.274918753125 0.2511971328125
3 0.37890625 0.08203125 0.078125 0.140625
3 0.89140625 0.18359375 0.0921875 0.0921875
2 0.13203125 0.928125 0.0421875 0.053125
2 0.19609375 0.6203125 0.0453125 0.0546875
2 0.30859375 0.53984375 0.04375 0.05
2 0.3453125 0.4765625 0.0421875 0.0515625
2 0.446875 0.56328125 0.040625 0.0515625
2 0.46796875 0.4 0.04375 0.05625
2 0.59453125 0.33125 0.046875 0.05625
2 0.59609375 0.2796875 0.04375 0.053125
2 0.703125 0.2125 0.0453125 0.053125
2 0.90234375 0.02109375 0.0328125 0.0421875
2 0.85546875 0.5375 0.040625 0.046875
2 0.75078125 0.60859375 0.0421875 0.0484375
2 0.56171875 0.71328125 0.040625 0.0484375
1 0.27578125 0.925 0.0640625 0.0734375
1 0.19609375 0.73046875 0.0640625 0.0703125
1 0.3734375 0.578125 0.0671875 0.06875
1 0.4375 0.665625 0.0703125 0.0734375
1 0.2921875 0.15078125 0.059375 0.109375
1 0.32421875 0.090625 0.0625 0.1265625
1 0.65703125 0.0859375 0.0828125 0.0953125
1 0.94921875 0.653125 0.071875 0.096875
1 0.865625 0.35859375 0.0734375 0.0828125
1 0.8671875 0.4234375 0.071875 0.0734375
1 0.82578125 0.5 0.075 0.0828125
1 0.69765625 0.59765625 0.06875 0.0734375
1 0.71484375 0.484375 0.0734375 0.0734375
1 0.68125 0.378125 0.075 0.0828125
1 0.75390625 0.3203125 0.071875 0.0703125
1 0.62578125 0.36796875 0.0703125 0.075
1 0.54140625 0.3796875 0.075 0.0859375
1 0.6703125 0.56484375 0.06875 0.0734375
1 0.5 0.47890625 0.0703125 0.071875
1 0.61875 0.91640625 0.046875 0.0875
1 0.60859375 0.60859375 0.06875 0.0734375
1 0.440625 0.11640625 0.05625 0.1203125