2 0.1953125 0.80859375 0.04375 0.04375
1 0.030690984375 0.9148670375 0.074142359375 0.8239126734375001 0.061325064062500004 0.799017665625 0.048095981249999996 0.7977140875 0.009809871874999999 0.8860769484375 0.030690984375 0.9148670375
1 0.0455410125 0.9440881859375001 0.0465097828125 0.9403507703124999 0.0720649390625 0.9926065296875001 0.0983420296875 0.9930651984375001 0.10576149531250001 0.9794646 0.06827838593749999 0.901042159375 0.05030839375 0.9125278 0.0455410125 0.9440881859375001
1 0.24609375 0.49140625 0.059375 0.0546875
1 0.06015625 0.4171875 0.065625 0.0609375
1 0.10546875 0.365625 0.0578125 0.046875
1 0.2078125 0.3109375 0.0625 0.0484375
1 0.0140625 0.409375 0.0265625 0.065625
3 0.159375 0.44296875 0.1140625 0.075
0 0.2046875 0.3765625 0.1359375 0.0765625
0 0.03125 0.34453125 0.0578125 0.075
2 0.121875 0.31875 0.0375 0.040625
2 0.1578125 0.30703125 0.0390625 0.0453125
2 0.165625 0.27265625 0.0375 0.034375
2 0.25625 0.328125 0.034375 0.03125
1 0.0796875 0.190625 0.0609375 0.06875
1 0.3359375 0.6609375 0.0671875 0.0578125
2 0.42265625 0.7265625 0.0390625 0.04375
1 0.65390625 0.6 0.065625 0.0859375
1 0.5828125 0.49765625 0.0609375 0.0921875
1 0.4796875 0.34453125 0.0484375 0.096875
1 0.52734375 0.065625 0.0296875 0.1
1 0.54921875 0.0296875 0.0265625 0.0578125
1 0.58359375 0.0671875 0.0296875 0.096875
1 0.60390625 0.03125 0.028125 0.059375
3 0.56328125 0.10703125 0.0359375 0.084375
2 0.94921875 0.78359375 0.040625 0.040625
2 0.86171875 0.75859375 0.040625 0.04375
1 0.7796875 0.75390625 0.0671875 0.0578125
1 0.83671875 0.70546875 0.0734375 0.0640625
1 0.9234375 0.728125 0.0703125 0.0578125
1 0.9765625 0.659375 0.04375 0.05625
1 0.85625 0.60078125 0.0625 0.0484375
1 0.7765625 0.61171875 0.0671875 0.0578125
3 0.8828125 0.65546875 0.059375 0.0453125
1 0.9140625 0.03046875 0.0515625 0.0484375
1 0.95546875 0.18671875 0.0625 0.0734375
1 0.832279040625 0.0433743109375 0.8138253343749999 0.013553926562499999 0.7951799015625001 0.04648106875 0.8287004906250001 0.1103533734375 0.8389748625 0.10838738437499999 0.8484005281250001 0.0860259578125 0.8462070890625 0.07365203125 0.832279040625 0.0433743109375