0 0.01564819375 0.5126079875 0.0126509140625 0.517007175 0.0149574125 0.5242941703125 0.01883499375 0.53394438125 0.040076537499999995 0.53853649375 0.18660350312500001 0.53529518125 0.19280629062500002 0.5284006812500001 0.190831965625 0.51875015625 0.1854069921875 0.5099536796875 0.15202097187500002 0.507136190625 0.01564819375 0.5126079875
0 0.1066446203125 0.3898891328125 0.23261533124999997 0.3907216671875 0.23737372343750002 0.3670204765625 0.2259305015625 0.3638054296875 0.20637076406250002 0.360788684375 0.07978583593750001 0.3609410359375 0.08049481562500001 0.37282394218750003 0.08407713125 0.3845750671875 0.093580190625 0.388053046875 0.1066446203125 0.3898891328125
0 0.411102115625 0.39706024218749997 0.41026919531250006 0.3894447390625 0.40599884375000006 0.3792037265625 0.402745953125 0.37526514375 0.3812223625 0.36929438281250004 0.2368437921875 0.374176640625 0.2304829 0.3754250890625 0.229536509375 0.3787735015625 0.23108115625 0.3880958390625 0.23303179062499998 0.3945294171875 0.2384699828125 0.39984633125 0.2543945328125 0.405030196875 0.40935696562499996 0.40270661093750004 0.411102115625 0.39706024218749997
0 0.7638054750000001 0.5339211890625 0.9703102156250001 0.541751803125 0.9773823390624999 0.539802428125 0.9788832109375001 0.529123165625 0.977388375 0.5174342249999999 0.9715882640625001 0.5066118656249999 0.946110203125 0.5018538390625 0.7450435109375 0.49625913906249997 0.73470625625 0.4953949921875 0.735514521875 0.500806521875 0.7417693265625 0.526997925 0.7638054750000001 0.5339211890625
0 1 0.334803615625 0.8660008937500001 0.35373193125 0.8582942703124999 0.3564751203125 0.8513959124999999 0.3646298375 0.85407861875 0.37530840625 0.8613765843750001 0.3866356046875 0.86968865 0.3907470859375 0.88227995 0.3904563703125 1 0.3757187375 1 0.334803615625
3 0.31875 0.265625 0.0625 0.0515625
3 0.22734375 0.10546875 0.0625 0.053125
3 0.57890625 0.51328125 0.0890625 0.0359375
3 0.7203125 0.9359375 0.0765625 0.09375
3 0.14296875 0.45625 0.1328125 0.0546875
2 0.24140625 0.14609375 0.0484375 0.0375
2 0.23046875 0.17421875 0.05 0.034375
2 0.240625 0.21484375 0.0515625 0.0375
2 0.28203125 0.1625 0.0484375 0.0375
2 0.275 0.24375 0.040625 0.034375
2 0.27734375 0.28515625 0.0453125 0.0359375
2 0.29140625 0.32578125 0.0453125 0.0359375
2 0.13671875 0.09375 0.0421875 0.0359375
2 0.38359375 0.52109375 0.059375 0.028125
2 0.78828125 0.75078125 0.0515625 0.0421875
2 0.803125 0.79375 0.046875 0.04375
2 0.84453125 0.87734375 0.0546875 0.0453125
2 0.85546875 0.99375 0.0515625 0.0125
2 0.6703125 0.5 0.065625 0.0296875
1 0.44765625 0.12109375 0.0703125 0.0609375
1 0.36015625 0.1640625 0.0640625 0.0609375
1 0.33046875 0.10546875 0.071875 0.0625
1 0.30625 0.2125 0.0625 0.0578125
1 0.3390625 0.33671875 0.06875 0.059375
1 0.37890625 0.42734375 0.0921875 0.05
1 0.265625 0.484375 0.103125 0.0546875
1 0.2734375 0.82890625 0.0875 0.0640625
1 0.3265625 0.821875 0.0890625 0.0609375
1 0.80078125 0.98203125 0.0828125 0.0359375
1 0.746875 0.7578125 0.084375 0.08125
1 0.6765625 0.7390625 0.065625 0.065625
1 0.7078125 0.8375 0.06875 0.0703125
1 0.95859375 0.446875 0.0828125 0.05
1 0.49296875 0.384375 0.078125 0.0625
1 0.61875 0.7390625 0.0640625 0.0640625