3 0.50625 0.92109375 0.1015625 0.1234375
0 0.575 0.75859375 0.0984375 0.1375
1 0.47421875 0.75078125 0.0578125 0.0625
2 0.49453125 0.68203125 0.0453125 0.0421875
2 0.63359375 0.7171875 0.0421875 0.0390625
1 0.1765625 0.40859375 0.1125 0.0484375
1 0.284375 0.4859375 0.1109375 0.0484375
2 0.31875 0.4578125 0.0625 0.0296875
2 0.42109375 0.5296875 0.065625 0.0296875
2 0.4609375 0.50390625 0.0703125 0.034375
1 0.55859375 0.50625 0.1078125 0.046875
2 0.6546875 0.5890625 0.0625 0.0328125
1 0.7125 0.54375 0.096875 0.0390625
1 0.8578125 0.58671875 0.09375 0.04375
1 0.8625 0.55703125 0.084375 0.040625
2 0.95703125 0.58125 0.0640625 0.028125
1 0.17265625 0.3546875 0.11875 0.05
1 0.309375 0.38828125 0.1109375 0.05
1 0.05625 0.33203125 0.0796875 0.04375
1 0.45390625 0.31875 0.1078125 0.0671875
1 0.5765625 0.2359375 0.0671875 0.0640625
1 0.93359375 0.5015625 0.096875 0.040625
1 0.93828125 0.45 0.103125 0.0453125
1 0.97421875 0.434375 0.0515625 0.040625
3 0.8984375 0.46484375 0.0875 0.0390625
1 0.9703125 0.48671875 0.059375 0.0359375
2 0.28125 0.0765625 0.046875 0.046875
1 0.31796875 0.01875 0.0578125 0.0375
1 0.3703125 0.02109375 0.059375 0.0421875
1 0.3265625 0.0671875 0.0546875 0.065625
1 0.37578125 0.07890625 0.053125 0.0671875
1 0.41953125 0.03125 0.0546875 0.0625
1 0.45546875 0.08984375 0.05625 0.065625
1 0.47578125 0.03046875 0.0546875 0.0609375