3 0.472201696875 0.41494698124999996 0.4719037359375 0.3868636171875 0.4612913265625 0.3852744671875 0.4253920203125 0.387455659375 0.4220933578125 0.3958215296875 0.421344178125 0.41616512187500004 0.4302827578125 0.4233406875 0.4673394453125 0.4225836046875 0.472201696875 0.41494698124999996
0 0.86879735 0.2792129859375 0.852774684375 0.2703665625 0.7426971609375 0.26455117499999997 0.7362246328125 0.2846868734375 0.7357354 0.3127149609375 0.7429891828125 0.322965915625 0.7578364890625 0.324003871875 0.86620644375 0.32745306875 0.86879735 0.2792129859375
0 0.30363858593750004 0.64550620625 0.304974809375 0.6190504921875 0.30102524062499997 0.5948388984374999 0.192041534375 0.6015033296875 0.180323984375 0.6215474750000001 0.1810644703125 0.6542698 0.18748484999999998 0.6621698203124999 0.287167459375 0.662352196875 0.30363858593750004 0.64550620625
0 0.11695105312500001 0.6702841921875 0.11739951562499999 0.644591778125 0.11376472500000001 0.627394834375 0.021061890625 0.6281130859374999 0.010259279687500001 0.6458368171875 0.0113824921875 0.6816810046875 0.01830790625 0.685695865625 0.10142204531250001 0.68325265 0.11695105312500001 0.6702841921875
3 0.2530138171875 0.5901068796875 0.2547871234375 0.5636587953125 0.251356178125 0.5347834828125 0.22903765312500002 0.5359515046875 0.177844325 0.5381731015625 0.17156205468750002 0.5474089859375 0.159269309375 0.5503095984375 0.1546402515625 0.56502590625 0.147402271875 0.5789178796875001 0.152402678125 0.593023478125 0.15805760625 0.594679775 0.1645051671875 0.6010226796875 0.1711565734375 0.5956872140625 0.189036296875 0.5983356921875 0.20399232343749998 0.5931451828125 0.22449455937499999 0.5958394359375 0.2428657265625 0.5953813125 0.2530138171875 0.5901068796875
1 0.156012621875 0.43984540625 0.15168132343750002 0.41084162187500006 0.14513954375 0.409496446875 0.10035291093750001 0.42164005156249995 0.09909106250000001 0.43454338281249993 0.10289259375 0.454305521875 0.1083873296875 0.4562479125 0.15004356875 0.4452806546875 0.156012621875 0.43984540625
2 0.1809555765625 0.708076025 0.2016486875 0.7141369234375 0.2082055359375 0.7051318531249999 0.2137132125 0.7012382015624999 0.21450217187499998 0.6927024203125 0.21101326718750002 0.6909316125 0.2088934171875 0.68405496875 0.1854009 0.673385446875 0.1809555765625 0.708076025
2 0.146625109375 0.676698403125 0.14594717343750002 0.6972054890625 0.1695888765625 0.6993280671875 0.17684517187499998 0.6869153859375 0.18101363125 0.6864181765625 0.1817628078125 0.6801615828124999 0.1770043046875 0.6777986453125 0.175504334375 0.6720727609375 0.1503924984375 0.6625149125 0.146625109375 0.676698403125
2 0.21413579375 0.73202395625 0.21977276875 0.7207229515625 0.2192424015625 0.7144440234375 0.20971545156250002 0.7102879390625 0.18629417343750002 0.713868909375 0.1863952515625 0.7264100140624999 0.188055975 0.7412582203125 0.207918725 0.7398950171875 0.21413579375 0.73202395625
1 0.30811465312499997 0.5358847718749999 0.310362178125 0.5171149921875 0.30583243125 0.501646734375 0.258989878125 0.5088086734374999 0.258011946875 0.5281705859375 0.26065221875 0.5418959515624999 0.2667201 0.5425718359375 0.30192741875 0.54204644375 0.30811465312499997 0.5358847718749999
3 0.58113883125 0.8980216203125 0.5830167421875 0.8820952406250001 0.58368473125 0.8621579484374999 0.576126825 0.855186384375 0.565510921875 0.8584209046875 0.5578683609375 0.9112947140625 0.5584500765625 0.932963728125 0.576524428125 0.9423987359374999 0.5816691984375 0.90430055 0.58113883125 0.8980216203125
1 0.6923403984375 0.5767896578125 0.7108539859375 0.57939269375 0.7159208078125 0.5640919453125 0.724521409375 0.49299581718749996 0.7218811374999999 0.47927045156250003 0.701168134375 0.47434914375000004 0.690969725 0.563656421875 0.6923403984375 0.5767896578125
1 0.9274459796875 0.8014718328124999 0.919080840625 0.822414709375 0.918842140625 0.8360898234375 0.9576907890624999 0.8652664296875001 0.9653879390625001 0.8642608453125 0.9733834625 0.846161365625 0.9736022703125 0.8336258453125 0.9338039109375 0.8038626921875001 0.9274459796875 0.8014718328124999
1 0.9369969843750001 0.40094963124999994 0.9352698796875 0.4265681359375 0.9405388562500001 0.43634959531249995 0.98787199375 0.43774577031249995 0.9959785421875 0.43161759843749997 0.997705646875 0.40599909375000004 0.9924565609375 0.3950780421875 0.943853825 0.3930897375 0.9369969843750001 0.40094963124999994
1 0.604291109375 0.3415650484375 0.6038634390625 0.36606629375 0.609132415625 0.375847753125 0.648847971875 0.373691140625 0.6614826468749999 0.3647921609375 0.6621307453124999 0.3459944625 0.6576109437500001 0.329956409375 0.6118076125 0.332576728125 0.604291109375 0.3415650484375
1 0.565948078125 0.2650897578125 0.5652403046875001 0.2873062328125 0.5708391140625 0.2965234796875 0.6143833515625 0.2950036671875 0.62184018125 0.289434128125 0.6225777921875 0.2655082609375 0.6194982859375 0.2586148703125 0.573744684375 0.2583862078125 0.565948078125 0.2650897578125
2 0.5376394671875 0.053706725 0.543286384375 0.041835921875 0.5454303828125 0.0007168265625 0.5288809734375 0.0004279546875 0.527542365625 0.0455509 0.5312417515625001 0.053595053125 0.5330516609375 0.059896315624999995 0.5376394671875 0.053706725
1 0.44670079375 0.8272785953125 0.45864758749999995 0.839456496875 0.46804362343749994 0.8327808671874999 0.4845916375 0.7646733125 0.486459603125 0.7493167265625 0.47322331875 0.7376862859375 0.466155996875 0.7392728359375 0.44959803750000005 0.8079501859375 0.44670079375 0.8272785953125
1 0.597219159375 0.9666987046875001 0.6025612265625 0.8989655203125 0.59472321875 0.8897091874999999 0.5860863046875 0.8895584296875001 0.583068090625 0.8974853265625 0.57678625625 0.9640621671874999 0.5806861796875 0.9789494609375 0.593791546875 0.9797481859375001 0.597219159375 0.9666987046875001
1 0.19651983125 0.1576366359375 0.22516244375 0.072159671875 0.2223758375 0.058975667187500004 0.20927435156250002 0.0414321828125 0.2014422453125 0.048460215625000004 0.1722336375 0.12795668124999998 0.172632934375 0.1434872625 0.18774496406250002 0.161065840625 0.19651983125 0.1576366359375
2 0.22852691875 0.225066259375 0.2337320890625 0.23411304687499998 0.260120896875 0.2393501609375 0.263931915625 0.23225193906250002 0.264275728125 0.212554896875 0.25970948125 0.2053104484375 0.23383457812500003 0.2090382328125 0.22852691875 0.225066259375
1 0.75703125 0.434375 0.0703125 0.0546875
1 0.809375 0.3609375 0.065625 0.0546875
1 0.884375 0.41484375 0.0703125 0.0578125
1 0.92578125 0.346875 0.0734375 0.0546875
1 0.5453997703125 0.9909239234375 0.556270625 0.8859840265625 0.53253261875 0.875151425 0.520149746875 0.975329359375 0.5453997703125 0.9909239234375
1 0.92659995 1 0.9315511109375001 0.9531498640624999 0.8779140265625 0.949372284375 0.8770303171875 1 0.92659995 1