0 0.1890717 0.38657591562500004 0.2002906125 0.4035876015625 0.30621035937499996 0.408867090625 0.3091800734375 0.3930286234375 0.3091800734375 0.3672177890625 0.3055504234375 0.3572454203125 0.29433150937499997 0.345513221875 0.2032603265625 0.3460998328125 0.19171144375 0.3449266125 0.18874173125 0.3648713484375 0.1890717 0.38657591562500004
3 0.23105143906249997 0.4081148828125 0.22926725781249999 0.4144586390625 0.21469644687499997 0.41181540625 0.2030992703125 0.409700821875 0.1909073671875 0.4081148828125 0.1790128265625 0.40864353124999997 0.1674156515625 0.40388571406249996 0.164739378125 0.41075811562500003 0.1573052921875 0.41551593125 0.15671056562500002 0.42820344062500004 0.1611710171875 0.43666178125000005 0.1632525609375 0.4472347046875 0.1674156515625 0.45146387343749994 0.174552375 0.45675033593750003 0.1796075546875 0.4588649203125 0.18793373124999999 0.4652086765625 0.25484052031250004 0.4673232609375 0.259300971875 0.44141959531249997 0.2590036078125 0.4218596859375 0.2569220640625 0.416044578125 0.2477037953125 0.4112867609375 0.23105143906249997 0.4081148828125
3 0.5700780015625 0.1539164625 0.5732610171875 0.1578775484375 0.5812185546874999 0.156179940625 0.58662968125 0.14995537812499998 0.5856747765625 0.12901821093750002 0.5837649671875 0.11713495625 0.5850381734375001 0.11034452343750001 0.57994535 0.07186540625 0.562438765625 0.0746947546875 0.5618021625 0.10298822187500001 0.5700780015625 0.1539164625
2 0.142015246875 0.327154084375 0.1595712171875 0.30931945 0.16270621093749998 0.29984479999999997 0.166468203125 0.2976154703125 0.166468203125 0.288698153125 0.1617657125 0.29037015 0.15800371875000002 0.28423949375 0.15173373125 0.2808955 0.13543175937500002 0.291484815625 0.131983265625 0.30040213125 0.1391937515625 0.32436742343749997 0.142015246875 0.327154084375
2 0.1887266640625 0.3277114171875 0.188099665625 0.3199087640625 0.184337671875 0.31935143125 0.181516178125 0.3115487796875 0.1755596875 0.307647453125 0.156436221875 0.30597545625 0.1561227234375 0.3210234296875 0.156436221875 0.333284740625 0.1611387140625 0.3444313875 0.173992190625 0.3394153953125 0.181516178125 0.33662873437499996 0.1852781703125 0.329940746875 0.1887266640625 0.3277114171875
2 0.191234659375 0.323810090625 0.19687765 0.33161274375 0.21317962031249998 0.3226954265625 0.21788211249999997 0.31823676875 0.22258460468750002 0.31600743750000004 0.2228981046875 0.30931945 0.2188226109375 0.3054181234375 0.21631461562499998 0.29984479999999997 0.20910412812499998 0.29538614218750003 0.1943696546875 0.29650080624999997 0.1884131640625 0.30040213125 0.18966716249999999 0.3143354421875 0.191234659375 0.323810090625
2 0.2813672328125 0.344380246875 0.3047414578125 0.34645795625 0.3082475921875 0.34022483124999997 0.31204590312499997 0.341263684375 0.312630259375 0.33399170312500004 0.31000065781249997 0.3303557125 0.307371059375 0.32308373125 0.30065096874999997 0.3194477421875 0.2842890109375 0.31685060625 0.280782878125 0.31996716875 0.280782878125 0.33451113125 0.2813672328125 0.344380246875
2 0.23289067343749997 0.781426353125 0.234620059375 0.790137334375 0.2628667015625 0.7926993875 0.2660372421875 0.7855256374999999 0.266613703125 0.772202959375 0.2651725484375 0.7604175125 0.25652561875 0.7614423328125 0.2412493734375 0.7629795671874999 0.234620059375 0.7624671562499999 0.23173775000000002 0.76964090625 0.23289067343749997 0.781426353125
2 0.796751278125 0.73730689375 0.776707221875 0.73521078125 0.771106675 0.73521078125 0.7658008953125 0.7414991140625 0.7613794125 0.7462153625 0.762263709375 0.75250369375 0.7669799578125 0.754075778125 0.771106675 0.762984246875 0.793214090625 0.76717646875 0.79704604375 0.7593160546875 0.7976355749999999 0.74988355625 0.796751278125 0.73730689375
1 0.2632454671875 0.48001743125 0.2649365515625 0.4950492921875 0.2705734984375 0.49655247812500003 0.30834105 0.5010620359375 0.31313245625 0.49605141562500005 0.31341430312499996 0.483524865625 0.31341430312499996 0.46799194218749995 0.30636811875 0.4629813203125 0.27592859999999997 0.4609770734375 0.26944611093750004 0.4604760109375 0.2655002453125 0.46548663125 0.2632454671875 0.48001743125
1 0.1296498015625 0.39734219375 0.11837590625000001 0.3908283875 0.099773978125 0.393834759375 0.0885000828125 0.3918305125 0.08173574375 0.39132945 0.0749714078125 0.394836884375 0.0735621703125 0.4173846765625 0.07778988125 0.4279069796875 0.0901911671875 0.4304122890625 0.11978514375 0.43291759843750005 0.12795871718750002 0.42890910312499997 0.13077719062499998 0.41337617968749996 0.1296498015625 0.39734219375
1 0.174181690625 0.35475192031249997 0.1479698828125 0.3492402390625 0.1338775125 0.347235990625 0.1276768703125 0.3522466109375 0.126831328125 0.3687816578125 0.12795871718750002 0.3798050234375 0.1341593609375 0.38331245625 0.1736179953125 0.3908283875 0.179536790625 0.380306084375 0.180946028125 0.3637710375 0.174181690625 0.35475192031249997
1 0.1624438015625 0.92825029375 0.13619862968750002 0.8766808328125 0.1323309203125 0.8698049062500001 0.12570056093749998 0.87029604375 0.1149262265625 0.8884681390625 0.1152024921875 0.9027111328125 0.12100405624999999 0.9135161625 0.1444865796875 0.9596831078125 0.15084067343750002 0.961156521875 0.1624438015625 0.9390553234375 0.1624438015625 0.92825029375
1 0.2218407703125 0.9154807140625 0.19559559843750002 0.8378809531250001 0.1900702984375 0.834934128125 0.18095355468750002 0.8418100562499999 0.1740469296875 0.8535973609375 0.1745994609375 0.86931376875 0.199739571875 0.9449489765625 0.2058174015625 0.9513337671875 0.222117034375 0.9326705328125 0.2218407703125 0.9154807140625
1 0.9515385999999999 0.7179265484374999 0.910892053125 0.7200059875 0.9021194156250001 0.722085428125 0.9000724671875 0.739760665625 0.9021194156250001 0.754836603125 0.9067981546875 0.7595153421874999 0.9152783703124999 0.7605550625 0.9582642874999999 0.752237303125 0.95914155 0.7439195437499999 0.9570946031249999 0.72156556875 0.9515385999999999 0.7179265484374999
1 0.8994876250000001 0.6992115921875001 0.905043628125 0.7090889296875 0.9152783703124999 0.7122080890625 0.9614809203125001 0.70648963125 0.9655748171875 0.6986917312500001 0.9661596609374999 0.68101649375 0.9606036578125 0.6690597171875 0.954170390625 0.66594055625 0.9161556328125 0.6675001359375 0.9029966796875 0.66853985625 0.8974406765625 0.679976775 0.8994876250000001 0.6992115921875001
1 0.9413638109375 0.3011241359375 0.9376316593749999 0.2960203375 0.93131570625 0.2858127390625 0.9138032968750001 0.26284564375 0.9089227890625 0.2577418453125 0.9011713953125 0.2638664046875 0.8945683546875 0.27968818125 0.8965779765624999 0.2909165375 0.9275835546875 0.3342988296875 0.9376316593749999 0.3348092078125 0.9445217875 0.3138836328125 0.9413638109375 0.3011241359375
1 0.8634022187499999 0.4151971625 0.8577136234375 0.40733145156250006 0.8175774296875 0.39834206875 0.810624703125 0.40171308593750005 0.8084124718749999 0.41407348906249997 0.8087285046874999 0.42924307500000003 0.8175774296875 0.437108784375 0.8536051953125 0.44834551562499997 0.8618220531249999 0.444412659375 0.8634022187499999 0.430366746875 0.8634022187499999 0.4151971625
1 0.5871741453125 0.11891453437499999 0.5941354890625 0.12375720781249999 0.602004834375 0.12106683437500002 0.6056368375 0.1124576375 0.6032155015625 0.0764066234375 0.5998861625 0.043045985937499996 0.596254159375 0.0344367890625 0.584147475 0.0376652375 0.5820288062500001 0.0484267328125 0.582331471875 0.05972630625000001 0.5871741453125 0.11891453437499999
1 0.5532962140625 0.11981544375 0.556533584375 0.10830479062500001 0.5485873109375 0.040810501562500004 0.5453499374999999 0.0345319625 0.532989065625 0.03714801875 0.5294573875 0.04499619375 0.5306346140625 0.0549372125 0.5324004515625 0.0800513671875 0.5362264375 0.11562975312499998 0.5421125671875 0.1234779265625 0.5532962140625 0.11981544375
2 0.4821944125 0.193742153125 0.482865059375 0.2318944546875 0.4852123203125 0.2402402703125 0.4942660390625 0.23845188125 0.49963120781250003 0.237259621875 0.49795459218750004 0.22116411875000003 0.495272009375 0.19254989375 0.49124813281249996 0.18718472656250001 0.48554764375000004 0.18778085625000002 0.4821944125 0.193742153125
1 0.2233557421875 0.321469853125 0.2249308890625 0.3315507890625 0.2321765609375 0.3321108421875 0.27155521875 0.333790996875 0.2775407734375 0.32931058125 0.2794309484375 0.313629125 0.27502054062500003 0.299627825 0.2687199546875 0.2957074609375 0.24194246718749998 0.296827565625 0.22808118125000001 0.2957074609375 0.2236707703125 0.3041082421875 0.2233557421875 0.321469853125
1 0.7552328765625 0.612942625 0.7544119734375 0.602726915625 0.7453820140625 0.5959164421875001 0.7180185031249999 0.5793767187500001 0.7065258296875 0.5745120953125 0.7018740328125 0.5793767187500001 0.6983167765625 0.5929976671875 0.6994113171875 0.604186303125 0.703242209375 0.6124561625 0.740182946875 0.629968809375 0.749486540625 0.6324011203125 0.7535910671875 0.6270500343750001 0.7552328765625 0.612942625
1 0.90759896875 0.622568196875 0.8910357109374999 0.6213663296874999 0.86466970625 0.62076539375 0.854190909375 0.62316913125 0.850810653125 0.63879343125 0.8521627546874999 0.652013990625 0.8602753734374999 0.662229878125 0.9042187125 0.6586242703125 0.9106411984375 0.65381679375 0.9106411984375 0.6381924953125 0.90759896875 0.622568196875