0 0.282296659375 0.608374721875 0.28742845156249996 0.59899853125 0.2928466796875 0.57267359375 0.29217711875 0.5584377359375 0.1892396078125 0.5387797765625 0.1709666828125 0.5550963359375001 0.1635636484375 0.58859040625 0.1651504203125 0.5959973796875 0.1710973796875 0.59737034375 0.26612013437500004 0.61989479375 0.282296659375 0.608374721875
0 0 0.5853197406249999 0.075737165625 0.600583659375 0.092908484375 0.590466690625 0.0978170859375 0.576345215625 0.10080413749999999 0.547698834375 0.0115269390625 0.5288477296874999 0 0.540353921875 0 0.5853197406249999
3 0.2472690015625 0.54115295625 0.255535478125 0.5105133078125 0.2559687140625 0.48797115937499996 0.2389827140625 0.4840496328125 0.1846742953125 0.47646452031250003 0.167269809375 0.47952205625 0.15304590468749998 0.49463496874999996 0.1465059125 0.514352125 0.150441428125 0.5265817937499999 0.1578151625 0.5325295609375 0.1702247828125 0.5304415734375 0.183880871875 0.5350094671875001 0.199310225 0.5336186390625001 0.216761490625 0.535524878125 0.2187628921875 0.542355046875 0.23530413593750002 0.544758759375 0.2472690015625 0.54115295625
3 0.837725046875 0.46520015625 0.8377980968750001 0.4786608078125 0.8491015859375001 0.4848082625 0.888047940625 0.49521487343750004 0.8974878374999999 0.4577704515625 0.8527916843750001 0.4481591 0.8448443749999999 0.44986215781250005 0.837725046875 0.46520015625
3 0.4777201953125 0.9120547171875 0.4699657640625 0.9456428515624999 0.487376009375 0.9546152984375 0.5119178046874999 0.8810336328125 0.5097818234375 0.8713421218749999 0.50398524375 0.8671736046875 0.495283 0.868702371875 0.47847512812500004 0.9122290078124999 0.4777201953125 0.9120547171875
3 0.915886915625 0.49173605781249996 0.9125890343749999 0.5129092828124999 0.9260227453125 0.516718265625 0.9790846953125 0.5176474984375 0.9855984187500001 0.489433465625 0.982485125 0.47880875781250004 0.924071353125 0.47522882343750006 0.915886915625 0.49173605781249996
2 0.9118448609375 0.3792918765625 0.9161381937499999 0.3861707453125 0.9242704078124999 0.393935890625 0.9476716421875 0.3960675609375 0.9533070312499999 0.376434634375 0.949936240625 0.3671520078125 0.926248228125 0.366262503125 0.9118448609375 0.3792918765625
2 0.782729528125 0.3717255828125 0.780086328125 0.38158233125 0.7868415484375 0.38575863906249996 0.7911348796875 0.39263750937499997 0.8081920968749999 0.391996175 0.81527201875 0.388397215625 0.8177665046874999 0.36803915468750004 0.8146013156249999 0.35945818125 0.792065734375 0.364722409375 0.782729528125 0.3717255828125
2 0.63047206875 0.08863763125 0.6353336296875 0.08190977656250001 0.6414477578125 0.0761252859375 0.6549315703125 0.028865935937499997 0.6534301499999999 0.02263163125 0.65080916875 0.0216649859375 0.64310631875 0.01988664375 0.6393082359375 0.023296446874999998 0.6268713890625001 0.07079750781250001 0.628559446875 0.08100001875 0.63047206875 0.08863763125
2 0.30080045625 0.18392371093749998 0.30115477031250004 0.195126675 0.3297718796875 0.20173345625 0.3379260421875 0.1695983125 0.307114859375 0.16771848125 0.30080045625 0.18392371093749998
2 0.286293315625 0.32318705312499996 0.2885981765625 0.33549452031250004 0.3130653421875 0.33460135 0.31948520937499997 0.3243081421875 0.3211383296875 0.3044100265625 0.3170316359375 0.3014993625 0.2918285671875 0.30876449687499996 0.286293315625 0.32318705312499996
1 0.2690617984375 0.47425095937500006 0.265907259375 0.48791477031249997 0.26667277500000003 0.5005210390625 0.30522393124999997 0.505496159375 0.3136375984375 0.5008967453125 0.320276703125 0.47691624531250004 0.3146063765625 0.46644854062499996 0.27597404375 0.46341723906250004 0.2690617984375 0.47425095937500006
2 0.1639472328125 0.6063338359375 0.15841198125 0.620756390625 0.1507881203125 0.645817915625 0.17353462656250002 0.6523777328125 0.1814938390625 0.641785725 0.1877946078125 0.6399694390625 0.189515265625 0.632516453125 0.18483501875 0.6320901171875 0.1837637640625 0.6239925656249999 0.164564034375 0.60843879375 0.1639472328125 0.6063338359375
2 0.12119989375 0.6259032109375 0.1422014546875 0.6320601765625 0.155333290625 0.6213539906250001 0.1590044953125 0.6150055078125 0.15608815781250002 0.6117154734375 0.1555714921875 0.6044001437500001 0.1331496859375 0.59006505625 0.1243301453125 0.604383559375 0.12119989375 0.6259032109375
2 0.2753612703125 0.6412143984374999 0.28213012656249997 0.6310017640625001 0.27806135625 0.62155799375 0.2523795484375 0.6149746953124999 0.246749484375 0.6457300125 0.26713424375 0.6497820187500001 0.2753612703125 0.6412143984374999
1 0.55155571875 0.619934715625 0.557426321875 0.619981678125 0.5987238031250001 0.57325594375 0.6019215921875001 0.5641814203125 0.59435760625 0.5428095515625 0.5421845750000001 0.5968372578125 0.5438536703125 0.610306321875 0.55155571875 0.619934715625
1 0.7789234781250001 0.41797345 0.775973440625 0.4399372828125 0.7840686234375001 0.4462093796875 0.838167759375 0.44611864843750004 0.8435317031249999 0.436663584375 0.8486694781249999 0.4082855515625 0.8447389671875 0.40234592031250005 0.7855881 0.404415496875 0.7789234781250001 0.41797345
1 0.073355171875 0.5224158531249999 0.07896351406249999 0.5287428421875 0.1179074609375 0.534588634375 0.129844859375 0.5272801984375 0.132693490625 0.4996317265625 0.1278343328125 0.491590625 0.088812334375 0.48761388749999995 0.0779414546875 0.49642659843750003 0.073355171875 0.5224158531249999
1 0.379144909375 0.9018643187500001 0.3875756578125 0.9082138875 0.396833646875 0.9109802874999999 0.41744681874999995 0.844659371875 0.41886201874999995 0.8324055937500001 0.4104910890625 0.8273278875000001 0.401550434375 0.827779875 0.38263332656250004 0.8913472312499999 0.379144909375 0.9018643187500001
1 0.7536904265625 0.48134070468749995 0.7466173046875 0.507384853125 0.75187185 0.5167752859375 0.7893954765625 0.5241802484375 0.7984141828125 0.52185920625 0.8045404265625 0.4968545046875 0.8030551671874999 0.4864472015625 0.7605578640624999 0.479152028125 0.7536904265625 0.48134070468749995
1 0.2796094234375 0.1138397828125 0.3279060453125 0.0297358640625 0.32630781875000003 0.0149759828125 0.316066071875 0.0009617109375 0.3045885484375 0.010646975 0.26290646875 0.0777753890625 0.2616452484375 0.0932456796875 0.27251325 0.11288678125 0.2796094234375 0.1138397828125
1 0.5207452953125 0.9084391546875 0.509874521875 0.9048029375000001 0.5046638531250001 0.910922221875 0.48451035937500003 0.9721698 0.4833502703125 0.9854199984375 0.4937108890625 0.9940076984375 0.4989052328125 0.9907009 0.522182378125 0.9200359515625 0.5207452953125 0.9084391546875
1 0.6528737015625 0.3459031875 0.6480141421875001 0.3669522578125 0.6525766984375 0.37559041875 0.6968806921875 0.3782339890625 0.7039068546875 0.3705209546875 0.7088388125 0.34773825625 0.7081222515625 0.34232180156249997 0.658399090625 0.33901056406249996 0.6528737015625 0.3459031875
1 0.14480816406250002 0.33489231249999996 0.1451276375 0.354724228125 0.151366290625 0.360232390625 0.1916630828125 0.35965655937499996 0.197786478125 0.35293454375 0.200893978125 0.3309881984375 0.19890180468750002 0.3212303109375 0.153080065625 0.32169285312499996 0.14480816406250002 0.33489231249999996
1 0.46052515468750005 0.7070592953125 0.4676433109375 0.721487340625 0.4741535578125 0.72299035 0.5105070734375 0.6744332390625 0.5145493390625 0.6625817796875 0.5061358734375 0.6466924421875 0.5022330937499999 0.64521029375 0.46362054218750004 0.69789484375 0.46052515468750005 0.7070592953125
1 0.844951334375 0.92207794375 0.8722279640625 0.9547246062499999 0.883156940625 0.9593841921875 0.8924456796875001 0.9451493359375001 0.895811975 0.928835034375 0.8584545546875001 0.8895881687499999 0.8427131703124999 0.914439775 0.844951334375 0.92207794375