0 1 0.6140794734374999 0.8260299156249999 0.6028189890625 0.8125750515625001 0.6054343484375 0.8053435999999999 0.61441116875 0.80072489375 0.624001775 0.8011741062500001 0.6340093453125 0.81038575 0.6403507765625001 0.849863009375 0.6433328921875 1 0.6546933546875 1 0.6140794734374999
3 0.96171875 0.49453125 0.0765625 0.0609375
3 0.62265625 0.2578125 0.0765625 0.0765625
2 0.50546875 0.88359375 0.0515625 0.040625
2 0.53828125 0.753125 0.0484375 0.040625
2 0.25546875 0.80546875 0.0484375 0.0390625
2 0.4109375 0.621875 0.0421875 0.0375
2 0.6609375 0.428125 0.05 0.040625
2 0.63203125 0.52421875 0.0484375 0.0390625
2 0.76640625 0.175 0.0484375 0.04375
2 0.425 0.1328125 0.0484375 0.040625
2 0.39765625 0.2578125 0.04375 0.0375
2 0.434375 0.83125 0.0484375 0.0390625
1 0.1421875 0.57578125 0.08125 0.04375
1 0.21796875 0.52578125 0.08125 0.0390625
1 0.5703125 0.28671875 0.065625 0.065625
1 0.52109375 0.18046875 0.06875 0.0640625
1 0.4609375 0.17265625 0.075 0.065625
1 0.5296875 0.03203125 0.090625 0.0640625
1 0.5671875 0.06484375 0.0828125 0.071875
1 0.73203125 0.13671875 0.071875 0.0734375
1 0.93125 0.34375 0.1046875 0.0796875
1 0.9015625 0.4546875 0.1125 0.0546875
1 0.54609375 0.615625 0.0765625 0.06875
1 0.5265625 0.478125 0.0671875 0.0625
1 0.24921875 0.2125 0.0890625 0.0640625
1 0.14453125 0.5203125 0.0828125 0.0421875
1 0.08984375 0.76015625 0.0625 0.0546875
1 0.29140625 0.8453125 0.0671875 0.0609375
1 0.4328125 0.9265625 0.0609375 0.0578125