0 0.7337710562499999 0.3964972484375 0.72629135 0.407648409375 0.7213116296875001 0.4326786921875 0.7204989265624999 0.45252754843750004 0.8371476718749999 0.4694347078125 0.8516484140625 0.45249533125 0.8563719843750001 0.43347775625 0.8575897250000001 0.4149284203125 0.8545076859374999 0.4069927296875 0.8329536546874999 0.40423142656250005 0.7484206875 0.38687010312500003 0.7337710562499999 0.3964972484375
0 1 0.40967797343749995 0.9497412265625 0.40005781249999994 0.92914375625 0.412507953125 0.923969334375 0.43833333124999996 0.9232911078124999 0.45782215156249995 1 0.471435025 1 0.40967797343749995
3 0.76264578125 0.525595121875 0.8370651312499999 0.5376348046875 0.8448714734375 0.5322766234375 0.8539701421875 0.5336708 0.8618552328125 0.525090525 0.8676318249999999 0.51930090625 0.8695684796875 0.511615471875 0.87570544375 0.506982065625 0.8777208453125 0.4960745390625 0.8760681484375 0.488165971875 0.87121750625 0.48389610312500003 0.8682247703125 0.475162896875 0.8556692218749999 0.48005140625 0.8379503765624999 0.473586125 0.8013982078125 0.47445360625 0.8016654828125 0.4674929484375 0.7827390656250001 0.466708846875 0.7713827484375 0.470232846875 0.768835134375 0.4750893890625 0.7645060234375001 0.5011594781250001 0.76264578125 0.525595121875
3 0.48751333125 0.08269998437500001 0.4824176484375 0.0993533015625 0.4775792671875 0.11772410156249999 0.4815857828125 0.1252268765625 0.48969680000000004 0.1280594546875 0.49737407187500005 0.124148671875 0.5171527765625 0.061841121875 0.521210684375 0.0427501625 0.5015286015625 0.0357952875 0.48887453281250004 0.07190404218749999 0.48751333125 0.08269998437500001
3 0.06328125 0.5765625 0.096875 0.0703125
3 0.75 0.66640625 0.059375 0.059375
1 0.925 0.49765625 0.0703125 0.0609375
1 0.97578125 0.50390625 0.0484375 0.0671875
1 0.88828125 0.4421875 0.0671875 0.0578125
1 0.7984375 0.3640625 0.0671875 0.0546875
1 0.725 0.5328125 0.0625 0.0546875
2 0.703125 0.85703125 0.0421875 0.0421875
1 0.728125 0.9609375 0.08125 0.078125
1 0.790625 0.978125 0.06875 0.04375
1 0.57734375 0.6671875 0.0671875 0.0578125
1 0.94296875 0.64765625 0.0703125 0.071875
2 0.17734375 0.7171875 0.0453125 0.0421875
2 0.159375 0.665625 0.04375 0.040625
2 0.14765625 0.59609375 0.04375 0.0421875
2 0.8828125 0.390625 0.04375 0.04375
2 0.84921875 0.3703125 0.0453125 0.0453125
2 0.85078125 0.3359375 0.040625 0.0390625
2 0.75 0.37109375 0.040625 0.0375
1 0.4859375 0.0453125 0.046875 0.090625
1 0.596875 0.13828125 0.0484375 0.1
1 0.540625 0.05 0.0453125 0.096875
1 0.5140625 0.40234375 0.06875 0.1046875
1 0.48359375 0.3609375 0.0671875 0.0984375
1 0.05859375 0.665625 0.075 0.0625
1 0.02265625 0.50859375 0.0453125 0.0578125
1 0.31640625 0.70078125 0.0671875 0.0578125
1 0.2875 0.50859375 0.078125 0.0859375
1 0.21015625 0.5625 0.08125 0.0796875
1 0.20234375 0.6109375 0.0828125 0.084375
1 0.14921875 0.5265625 0.071875 0.05625