2 0.635012621875 0.9108084 0.6277261390625 0.93218061875 0.644523771875 0.9831462296875 0.661969578125 0.9626614625000001 0.6458695999999999 0.9116714859374999 0.635012621875 0.9108084
2 0.6764325015625 0.82675424375 0.6697809015625 0.8363031859375001 0.6754788265625 0.8994575140625001 0.698481996875 0.8880953421875001 0.68894475 0.8350128609375 0.6764325015625 0.82675424375
2 0.63025950625 0.8147022046875 0.6252198484375 0.8304059625000001 0.6357385859375 0.8815908406249999 0.65283335 0.871056103125 0.6554073359375 0.864755109375 0.6403755046875 0.8143489453124999 0.63025950625 0.8147022046875
2 0.6914727046875 0.93740786875 0.700944959375 0.9886292875 0.70328760625 0.9932058125 0.7082346140625 0.993033059375 0.72200680625 0.9816826828125 0.70684499375 0.92755439375 0.69522536875 0.9248546046874999 0.6914727046875 0.93740786875
1 0.6456711828125 0.725966278125 0.6638530484375 0.82657241875 0.681469946875 0.8209883359375001 0.6860285828125 0.8115124828125 0.6696536281250001 0.72264435 0.6456711828125 0.725966278125
0 0.6620360437499999 0.66452594375 0.70694715625 0.8604708562500001 0.73071296875 0.850945384375 0.7417043578125 0.8356548953124999 0.6984918421875 0.64834621875 0.6620360437499999 0.66452594375
0 0.725600109375 0.9924266421875 0.7711397812499999 0.9908363625 0.730951265625 0.8577692828125001 0.7083641296875001 0.8610424859375 0.6960640812500001 0.878863115625 0.725600109375 0.9924266421875
1 0.575 0.49921875 0.0609375 0.0625
1 0.653125 0.46015625 0.0609375 0.0671875
1 0.71796875 0.47265625 0.0546875 0.0515625
1 0.71484375 0.52265625 0.059375 0.0578125
1 0.596875 0.33359375 0.053125 0.0609375
1 0.75234375 0.3984375 0.0515625 0.059375
1 0.8015625 0.42109375 0.0515625 0.0671875
1 0.840625 0.346875 0.0515625 0.0515625
1 0.903125 0.4 0.0515625 0.0609375
1 0.88671875 0.35703125 0.0515625 0.0609375
1 0.90390625 0.30625 0.0546875 0.0609375
1 0.92109375 0.1078125 0.05 0.06875
1 0.96875 0.24375 0.046875 0.05
2 0.96796875 0.3296875 0.040625 0.046875
2 0.9671875 0.36171875 0.0359375 0.046875
2 0.84765625 0.45546875 0.034375 0.0515625
2 0.6484375 0.53359375 0.034375 0.0546875
1 0.38828125 0.61953125 0.0578125 0.0671875
1 0.0859375 0.6171875 0.05625 0.0734375
2 0.109375 0.91796875 0.0453125 0.0546875
2 0.10546875 0.43125 0.0359375 0.0484375
1 0.1640625 0.3171875 0.05625 0.0875
1 0.47883512812499995 0.088942615625 0.474517003125 0.095304515625 0.489260565625 0.1674596265625 0.502997034375 0.1607688296875 0.5068796796874999 0.1519376921875 0.4926799125 0.085353590625 0.47883512812499995 0.088942615625
1 0.45761770156250003 0.011423579687500001 0.46891852968750003 0.0750033609375 0.4752818625 0.0872033640625 0.4933364578125 0.07415066875000001 0.4788528515625 0.009439809375 0.45761770156250003 0.011423579687500001
2 0.4357732703125 0.1059741375 0.44522386249999996 0.1565752046875 0.4552726546875 0.16429873281250001 0.46040118281250003 0.141138540625 0.4541094859375 0.1009860484375 0.4357732703125 0.1059741375
3 0.4235342734375 0.045532671875 0.4373441015625 0.100950396875 0.4467624453125 0.10062150156250001 0.4527813796875 0.092957984375 0.4425681453125 0.0405202203125 0.4235342734375 0.045532671875
3 0.413394515625 0.0027195578125 0.38197665000000003 0.00381669375 0.40648677656250004 0.13743127500000002 0.41646393281250005 0.17310729375 0.4431742234375 0.15788900156250002 0.413394515625 0.0027195578125