0 0.35032562968750003 0.2994448625 0.3619015296875 0.306084446875 0.38706520312500003 0.309286790625 0.40680207656249995 0.308718828125 0.41546623125000004 0.1919709671875 0.39766371875 0.178775228125 0.3784795234375 0.1754107046875 0.360003021875 0.1754874421875 0.3523486671875 0.17909021249999998 0.3511074046875 0.20063746249999997 0.3397629671875 0.285595715625 0.35032562968750003 0.2994448625
0 0.3475391984375 0 0.34731608281250004 0.0054492453125 0.3484387875 0.005298062500000001 0.338860015625 0.08521048125 0.3526347140625 0.104757575 0.378600253125 0.10809782500000001 0.39797080625 0.10742152812500001 0.40818621562499996 0.011223271875 0.396370784375 0 0.3475391984375 0
3 0.476323196875 0.2619037421875 0.4830933921875 0.1873344515625 0.47723863906249997 0.1799704484375 0.47798921562499996 0.1708588328125 0.46893423749999996 0.163639721875 0.46279264375 0.1583166875 0.4550379484375 0.156929509375 0.450017734375 0.1511694234375 0.43906281406250003 0.1499271375 0.43133610625 0.15211180468750002 0.42743927499999995 0.15721333125 0.41898796875000005 0.1607827921875 0.42470679999999994 0.17288490625 0.41952668906249996 0.1908884203125 0.42292482343750004 0.22704510625 0.41600466718750007 0.227261846875 0.41654138124999995 0.2460688078125 0.420824009375 0.25707709843750004 0.42581623906250005 0.259265340625 0.4519657203125 0.26175110625000003 0.476323196875 0.2619037421875
3 0.0562898875 0.56515198125 0.073155725 0.5690487671875 0.0917066046875 0.57257179375 0.0988675265625 0.5680829828125 0.101112878125 0.5598504390625 0.096702203125 0.5525141890625 0.033549982812500004 0.5372276421875 0.014339245312500002 0.5345277484375 0.0088100140625 0.55451035625 0.0454910328125 0.5645501703125 0.0562898875 0.56515198125
3 0.575 0.9515625 0.0640625 0.09375
3 0.61640625 0.26484375 0.0546875 0.05625
1 0.4375 0.103125 0.0578125 0.065625
1 0.44140625 0.03984375 0.0640625 0.0703125
1 0.38515625 0.14296875 0.053125 0.0640625
1 0.31328125 0.23828125 0.0515625 0.065625
1 0.48671875 0.29921875 0.05 0.059375
2 0.809375 0.2984375 0.0390625 0.040625
1 0.93671875 0.26171875 0.1265625 0.0734375
1 0.95078125 0.20078125 0.0984375 0.0609375
1 0.978125 0.13359375 0.04375 0.0859375
1 0.6296875 0.4359375 0.053125 0.065625
1 0.58515625 0.075 0.06875 0.0671875
2 0.70703125 0.828125 0.0390625 0.0421875
2 0.65703125 0.84921875 0.0375 0.0421875
2 0.58828125 0.86640625 0.0390625 0.0421875
2 0.96484375 0.6265625 0.0453125 0.025
2 0.334375 0.15234375 0.0421875 0.0421875
2 0.31640625 0.1859375 0.04375 0.0421875
2 0.28203125 0.1875 0.0375 0.0390625
2 0.32421875 0.284375 0.0359375 0.0390625
1 0.03125 0.56953125 0.0625 0.0390625
1 0.103125 0.453125 0.096875 0.0421875
1 0.0328125 0.51484375 0.065625 0.0359375
1 0.37109375 0.51640625 0.103125 0.0625
1 0.33203125 0.55 0.096875 0.0625
1 0.66484375 0.95 0.059375 0.0734375
1 0.51328125 0.9875 0.0515625 0.025
1 0.68125 0.6921875 0.0546875 0.065625
1 0.49140625 0.73359375 0.08125 0.0734375
1 0.55078125 0.80625 0.075 0.075
1 0.6 0.81171875 0.08125 0.0765625
1 0.5203125 0.86953125 0.0515625 0.06875