1 0.853125 0.86015625 0.109375 0.0453125
1 0.95703125 0.4453125 0.0828125 0.0421875
3 0.84375 0.40078125 0.115625 0.0375
1 0.68515625 0.4828125 0.1171875 0.046875
1 0.6546875 0.4109375 0.1125 0.0484375
1 0.8328125 0.36875 0.109375 0.04375
1 0.50703125 0.48984375 0.0984375 0.0390625
1 0.47890625 0.55859375 0.103125 0.0453125
2 0.38125 0.53828125 0.059375 0.028125
2 0.3703125 0.590625 0.0609375 0.028125
2 0.21640625 0.58515625 0.0671875 0.025
2 0.165625 0.62890625 0.0578125 0.025
2 0.35546875 0.7171875 0.0375 0.0359375
2 0.49296875 0.6828125 0.046875 0.0390625
1 0.5109375 0.7375 0.05625 0.0640625
3 0.48046875 0.84609375 0.084375 0.1078125
0 0.40625 0.76015625 0.078125 0.13125
1 0.2640625 0.54765625 0.096875 0.0390625
1 0.1484375 0.56640625 0.090625 0.0375
1 0.49609375 0.34921875 0.09375 0.0625
1 0.42578125 0.24140625 0.06875 0.06875
1 0.41171875 0.1 0.0640625 0.06875
1 0.6796875 0.0953125 0.05 0.0671875
1 0.63125 0.10703125 0.05 0.0640625
1 0.5921875 0.05625 0.046875 0.065625
1 0.5546875 0.11328125 0.05625 0.0640625
1 0.534375 0.0546875 0.05625 0.065625
1 0.51328125 0.01484375 0.0484375 0.0296875
3 0.56328125 0.0109375 0.0453125 0.021875
1 0.63828125 0.034375 0.0609375 0.06875
1 0.68984375 0.03359375 0.05 0.065625
2 0.721875 0.10625 0.0359375 0.046875
1 0.090625 0.13359375 0.109375 0.05625
1 0.07421875 0.49765625 0.0921875 0.0375
1 0.034375 0.48203125 0.06875 0.0359375
1 0.0703125 0.44609375 0.0984375 0.0359375
1 0.03203125 0.42890625 0.0640625 0.0390625
3 0.10859375 0.46171875 0.09375 0.0421875