0 0.2915504203125 0.8340277578125 0.2985914421875 0.8368093968749999 0.302242340625 0.8307825140625 0.3392728953125 0.6546121140625 0.3390121171875 0.6481216265625 0.335882775 0.6453399890625 0.3317103171875 0.6416311375 0.3262339671875 0.6388495 0.3202360609375 0.636995075 0.315020490625 0.6360678625 0.31058725468750004 0.6360678625 0.3074579125 0.6388495 0.2972875484375 0.68613734375 0.2701665796875 0.8076021984375 0.271470471875 0.8150199 0.27668604375 0.8247556328125001 0.2915504203125 0.8340277578125
0 0.3106788734375 0.8552162015624999 0.30821316875 0.850394378125 0.3045146109375 0.8460109015624999 0.2998297703125 0.8416274265625001 0.293172365625 0.8385589921875001 0.287994384375 0.837682296875 0.28256983281250003 0.8363672546875 0.2791178453125 0.837682296875 0.276652140625 0.842504121875 0.27073444687500003 0.8595996781249999 0.23152973281250003 0.99943256875 0.2734467234375 1 0.3114185859375 0.8622297640625 0.3106788734375 0.8552162015624999
0 0.4121955796875 0.1786447265625 0.41917086093749995 0.1832949140625 0.42505625625 0.18368242968749998 0.4281079421875 0.1790322421875 0.457752890625 0.0585148671875 0.456445025 0.0503770375 0.455573115625 0.043789271875 0.4536113171875 0.0372015046875 0.44990569843749995 0.0325513171875 0.44554614687500005 0.0286761609375 0.4411865953125 0.027126096875 0.43769895468750003 0.026351065624999996 0.4339933359375 0.02828864375 0.4305056953125 0.0418516921875 0.40434838749999996 0.1449308625 0.40478434218750003 0.1646941625 0.405656253125 0.1739945375 0.4121955796875 0.1786447265625
0 0.5640060015625 0.1598240640625 0.5702677656249999 0.1626070703125 0.5754113578125 0.1637997875 0.580331315625 0.1630046421875 0.6064965421874999 0.017890753125 0.6060492734375 0 0.580778584375 0.000397571875 0.5597569484375 0.1065493765625 0.5570733359375 0.1327891484375 0.5559551625 0.1542580515625 0.5640060015625 0.1598240640625
0 0.020197514062499998 0 0.0902705203125 0.0853699890625 0.0937741703125 0.085736384375 0.09707172343750001 0.0809732515625 0.107582675 0.0622871171875 0.1065521890625 0.05422643125 0.0902705203125 0.022716478125 0.0688364234375 0 0.020197514062499998 0
3 0.340625 0.5265625 0.04765625 0.05703125
3 0.8015625 0.51796875 0.06015625 0.07109375
2 0.03046875 0.31796875 0.034375 0.04609375
2 0.2703125 0.5234375 0.0328125 0.04609375
2 0.346875 0.4390625 0.03125 0.04296875
2 0.39375 0.57734375 0.03046875 0.04296875
2 0.4453125 0.59140625 0.03203125 0.0421875
2 0.4671875 0.63125 0.03125 0.03828125
2 0.58359375 0.93203125 0.03359375 0.04609375
2 0.7140625 0.7390625 0.03515625 0.04375
2 0.76484375 0.79453125 0.03515625 0.0453125
2 0.90859375 0.8984375 0.04140625 0.0546875
2 0.88203125 0.59296875 0.03359375 0.0375
2 0.628125 0.38359375 0.0296875 0.03984375
2 0.54609375 0.12265625 0.015625 0.0515625
2 0.13828125 0.2171875 0.03125 0.040625
1 0.0734375 0.1140625 0.05234375 0.07109375
1 0.1296875 0.31171875 0.04921875 0.05703125
1 0.0640625 0.26328125 0.04765625 0.05625
1 0.14296875 0.1609375 0.05 0.05859375
1 0.22265625 0.21796875 0.0546875 0.06953125
1 0.24140625 0.17109375 0.053125 0.0625
1 0.31953125 0.2765625 0.05234375 0.0640625
1 0.1015625 0.34140625 0.05 0.06015625
1 0.11875 0.40703125 0.04921875 0.0578125
1 0.1828125 0.3984375 0.05078125 0.05859375
1 0.2625 0.4390625 0.04921875 0.0546875
1 0.26875 0.4859375 0.053125 0.05859375
1 0.29921875 0.41328125 0.05390625 0.05703125
1 0.35625 0.484375 0.05390625 0.0546875
1 0.4015625 0.4609375 0.05234375 0.06015625
1 0.44140625 0.54609375 0.053125 0.0578125
1 0.52109375 0.578125 0.05703125 0.0609375
1 0.55234375 0.646875 0.05859375 0.06796875
1 0.6625 0.60390625 0.05703125 0.05859375
2 0.615625 0.703125 0.034375 0.0484375
1 0.67265625 0.6625 0.0515625 0.0546875
1 0.54140625 0.38984375 0.05390625 0.06484375
1 0.7140625 0.50078125 0.0484375 0.0578125
1 0.7859375 0.7453125 0.059375 0.06640625
1 0.8765625 0.7359375 0.06171875 0.06640625
1 0.76015625 0.65 0.0609375 0.0640625
1 0.9046875 0.84375 0.06328125 0.07265625
1 0.94609375 0.63359375 0.05625 0.06953125
1 0.971875 0.70390625 0.05546875 0.07421875
1 0.61953125 0.84609375 0.05546875 0.06484375
1 0.5046875 0.11875 0.0296875 0.07890625
2 0.36796875 0.83125 0.02421875 0.065625