1 0.1454022796875 0.8700069984375001 0.07159350625000001 0.9144419906250001 0.10290458281249999 0.9341611671875001 0.173449209375 0.892918353125 0.1454022796875 0.8700069984375001
1 0.10297265625 0.8897003640625 0.126548465625 0.8678335046875001 0.0363638625 0.8311708859375001 0.003471646875 0.8558067078124999 0.08723422812500001 0.8864620593750001 0.10297265625 0.8897003640625
1 0.1184859234375 0.8309276703125 0.14977581874999998 0.8074624640625 0.056046568750000005 0.767131553125 0.035620184375 0.7657032 0.010382553125000001 0.789591621875 0.1025689859375 0.830242203125 0.1184859234375 0.8309276703125
2 0.22531020468750002 0.7383500375 0.1806747734375 0.7352288234375 0.186986234375 0.7754326375 0.2195766453125 0.7768564734375001 0.22531020468750002 0.7383500375
0 0.3841732625 0.9452783203124999 0.3543669265625 0.8170657796875 0.30174963906249996 0.81937216875 0.2884423046875 0.82485493125 0.322936596875 0.95125751875 0.3841732625 0.9452783203124999
0 0.66923490625 1 0.6743333765624999 0.9270884781250001 0.66048205625 0.9077350984375 0.6043201234375 0.906373196875 0.5981062453125 0.9734921296874999 0.60180896875 1 0.66923490625 1
0 0.64745534375 0.8439738203125 0.654714825 0.7401584031249999 0.6410420171875 0.7182521875 0.5895382875 0.7155058015625 0.5832182578125 0.7189118437500001 0.5837153500000001 0.8313931703125 0.597256415625 0.8443115515624999 0.6358990875 0.846158603125 0.64745534375 0.8439738203125
3 0.580221634375 0.8704837859375001 0.5845994609375 0.7861343234375 0.577735446875 0.7647042234375 0.5109225515625 0.763452640625 0.5161713875 0.8514681375 0.5436998015625 0.8709228046874999 0.580221634375 0.8704837859375001
1 0.5323393203125 0.707230525 0.48537478749999996 0.7048015515625 0.4849794421875 0.7539425578125 0.4909424484375 0.75564219375 0.5049000421875001 0.7626039515625 0.530163140625 0.760094984375 0.5323393203125 0.707230525
1 0.65622825625 0.511950671875 0.6776364546875 0.4993384140625 0.6693911171875 0.486790346875 0.6057149125 0.451553821875 0.5764438671875001 0.46789179062499997 0.6415736328125 0.504085065625 0.65622825625 0.511950671875
1 0.8197959234375001 0.9342673359375 0.7928073312499999 0.8853492265625 0.747457853125 0.892439365625 0.7758702546875 0.9427396984374999 0.7975121828125 0.9485285843750001 0.8162640078125 0.94128876875 0.8197959234375001 0.9342673359375
1 0.7001620078124999 0.7642865 0.6918274140625 0.7530148515625 0.6683748984375 0.7513748921875 0.6545192953125001 0.7538264421875 0.65927091875 0.8054651249999999 0.6695648578125 0.8104604828124999 0.6968595390625001 0.81151400625 0.7001620078124999 0.7642865
2 0.6859322375 0.8590634375 0.680385759375 0.8514071812499999 0.67236141875 0.8465705296875001 0.6617699609375001 0.8458299031250001 0.6507322234374999 0.8514713734375 0.6437406328125 0.8753530218750001 0.6515864609375 0.882742509375 0.67888114375 0.8837960328125 0.6859322375 0.8590634375
2 0.6989038546875 0.8257662234375 0.69132579375 0.8145474765625 0.6786432484375 0.81109530625 0.6686298109375 0.81296041875 0.6563424906249999 0.8364717546874999 0.666946684375 0.8479021093749999 0.6941818609375 0.849806578125 0.6989038546875 0.8257662234375
2 0.733793615625 0.82692329375 0.7261262984375 0.8169809656250001 0.71595136875 0.8102837171875 0.7018152625 0.8058747953125 0.6923798453125001 0.8103456484375 0.6958607046874999 0.8366698156249999 0.6998941171874999 0.8442202703125 0.7279453328125001 0.84532669375 0.733793615625 0.82692329375
2 0.6819840390625 0.7198324703125001 0.6479400671875 0.717451884375 0.6500396015625001 0.7526580828125 0.6842025828125 0.753336778125 0.6819840390625 0.7198324703125001
1 0.6406295296875 0.8546129046875001 0.628941534375 0.8478098515625 0.5971076562500001 0.8464389156250001 0.5920329234375 0.85378001875 0.5978981046875 0.9003659296875 0.608889071875 0.906265134375 0.6371783015625 0.9039677749999999 0.6406295296875 0.8546129046875001
1 0.5920838578125001 0.8965389281249999 0.580604125 0.8867575656250001 0.54035913125 0.886081128125 0.5429006609375 0.9367101609375 0.5619159671875 0.947446015625 0.5913612406250001 0.9503601375 0.5920838578125001 0.8965389281249999
1 0.5958308031249999 1 0.5901881796875 0.9562638578125 0.5816155703125 0.9483959937499999 0.5551369265625 0.9465444265625 0.5381064296875 0.9509117343750001 0.5497803218749999 1 0.5958308031249999 1
1 0.3925552375 0.5644867375 0.33157360625 0.5559469515625 0.32623526875 0.62141689375 0.3798895890625 0.6260238765625 0.3925552375 0.5644867375
2 0.001386353125 0.4627138515625 0.05172885625 0.470107509375 0.05928573593749999 0.4381418734375 0.0034210796874999997 0.43361590312500004 0.001386353125 0.4627138515625
3 0.3778838390625 0.4155273078125 0.3241105125 0.4126222171875 0.3277188265625 0.46973914843750003 0.3724137609375 0.472009415625 0.3778838390625 0.4155273078125
1 0.5194744671875 0.423718075 0.5530466921875 0.41110130156249997 0.507990571875 0.3596371265625 0.49146586093750005 0.3567713921875 0.4556537859375 0.3688039875 0.506791921875 0.42026590312499995 0.5194744671875 0.423718075
1 0.3614570765625 0.2916707859375 0.34519596875 0.2306762125 0.2920006609375 0.2303768609375 0.30886954218749996 0.293551703125 0.317471903125 0.3009940953125 0.351813396875 0.29911995 0.3614570765625 0.2916707859375
1 0.365625 0.3421875 0.0546875 0.0671875
1 0.43046875 0.25 0.0671875 0.078125
1 0.440625 0.15078125 0.0546875 0.075
1 0.38515625 0.14375 0.0546875 0.071875
1 0.334375 0.12734375 0.05625 0.071875
1 0.27734375 0.07734375 0.053125 0.0671875
2 0.3765625 0.0859375 0.040625 0.04375
2 0.33828125 0.059375 0.0421875 0.05
2 0.26953125 0.00625 0.0515625 0.0125
1 0.43671875 0.01953125 0.0546875 0.0390625
3 0.3765625 0.00859375 0.05625 0.0171875
1 0.987623625 0.5128913140625 0.9935909171875 0.49278601875000005 0.9139934875 0.47866895468750004 0.89303156875 0.4848991171875 0.8896313953125 0.5009083859375 0.971557928125 0.5143332109375 0.987623625 0.5128913140625
1 0.988316490625 0.459495578125 0.9941945265625 0.44066670312499995 0.9115114625 0.4271889765625 0.8924196328124999 0.428419265625 0.88959748125 0.44703427656250005 0.9721912890625 0.46178842031249995 0.988316490625 0.459495578125
1 1 0.41339541406249997 0.96828545625 0.40892621875 0.9463162546874999 0.4078175375 0.9422190515625 0.422922959375 0.9491595890625 0.4323869109375 1 0.4376769953125 1 0.41339541406249997
1 1 0.46698965000000003 0.9758251937500001 0.46418029531249994 0.956763115625 0.46498511249999996 0.9443610703124999 0.46839341093750003 0.9436767749999999 0.4781792921875 0.9477994453124999 0.48445332499999993 0.9567588296875 0.48679004062500003 1 0.4911935859375 1 0.46698965000000003
3 0.9414369312499999 0.4775951125 0.948887534375 0.45802109687500003 0.8956497421874999 0.44745749218749997 0.8730132640624999 0.4450194890625 0.8583416234374999 0.44826908125 0.8561442640625 0.4579491578125 0.8586646109375 0.46539380625 0.9208617859375 0.47829412656250003 0.9414369312499999 0.4775951125
1 0.8610792921874999 0.1047075171875 0.89673415625 0.0623076328125 0.8733879171875 0.048276053125 0.85377756875 0.04604965625 0.8222623921875 0.0836083765625 0.820005528125 0.094139396875 0.8473724484374999 0.1050317015625 0.8610792921874999 0.1047075171875
1 1 0.193668353125 0.980870659375 0.15284662031250001 0.9513658843749999 0.15078344531250001 0.9346158906250001 0.162011221875 0.9537289031249999 0.203965315625 0.9706828734374999 0.2115641546875 0.997578046875 0.20745909999999998 1 0.20054276875000002 1 0.193668353125