0 0.31343150625 0.340561590625 0.32199345468749996 0.345032053125 0.33290059843750003 0.3450771203125 0.36001360625 0.3394460171875 0.3712099515625 0.334382734375 0.3477856078125 0.22706725 0.32901126718749996 0.2195297421875 0.310276265625 0.22208885625 0.29276732656250004 0.22765745 0.28705364218749996 0.23454194843749998 0.28929357968749997 0.2427673515625 0.3056318984375 0.33341687656249996 0.31343150625 0.340561590625
3 0.4149821078125 0.23561263906250002 0.3969463734375 0.1653116390625 0.38580605625 0.15939349687499998 0.3828912015625 0.150822103125 0.3771656390625 0.1438514390625 0.364540378125 0.1431423921875 0.34596455000000004 0.14394148125 0.337720740625 0.15292459375 0.3329459390625 0.1636936265625 0.3399314390625 0.17393399375000002 0.342489628125 0.19030685625 0.3470593984375 0.204179940625 0.3554364953125 0.2183673390625 0.3504825484375 0.22179051562500002 0.354704825 0.2403001375 0.3631002671875 0.248157675 0.37011328125 0.2489032484375 0.3922422875 0.2438988828125 0.4149821078125 0.23561263906250002
3 0.12713908437500002 0.672871953125 0.1464613578125 0.671255459375 0.16070029375 0.6695573796875001 0.1658022421875 0.6632172203125 0.16588763906249998 0.65713905625 0.15905857343750002 0.6513352375 0.10252215625000001 0.6537672999999999 0.08122588750000001 0.6582634374999999 0.0800160984375 0.67810954375 0.1200149640625 0.6753264296875 0.12713908437500002 0.672871953125
3 0.529808859375 0.65093778125 0.48171331562499997 0.6949143296875 0.48300659531249995 0.6984342765625 0.5033837734375 0.7061302125 0.5134341859375 0.70143381875 0.55976009375 0.6608868921875 0.529808859375 0.65093778125
2 0.2883544484375 0.35233695 0.2944183421875 0.3520963515625 0.297739059375 0.35489057968750004 0.305115975 0.3528312515625 0.3047727140625 0.3482074578125 0.3087703421875 0.34305258437499997 0.30247071718749996 0.32207532968749997 0.29254265468749996 0.32244164375 0.27814840625000004 0.3255523046875 0.2747446390625 0.33090444531249996 0.280224284375 0.3476632703125 0.2883544484375 0.35233695
2 0.43766615 0.3145580640625 0.42309619062500003 0.3167647765625 0.41381239843750006 0.3204455671875 0.41533521718750005 0.328279790625 0.4202958921875 0.339510875 0.42628489687500004 0.3446007515625 0.4332940703125 0.346365315625 0.4370329375 0.3484528640625 0.4428039828125 0.3467056828125 0.443824153125 0.34338037187500003 0.44918520781250004 0.3395239796875 0.44772911875 0.32917517812499997 0.446515471875 0.3172157453125 0.43766615 0.3145580640625
2 0.74322765 0.45987794062500004 0.73389739375 0.46741034218750005 0.7418327546875 0.47230149531250004 0.7520909375 0.47280947500000003 0.791373734375 0.46910533593750003 0.8002167109375 0.465599315625 0.800588753125 0.45444685468749996 0.794412659375 0.45207312499999996 0.7543078484375 0.4580815921875 0.74322765 0.45987794062500004
2 0.842300646875 0.8183527937499999 0.8377969671875001 0.813537996875 0.828127728125 0.812739753125 0.8277602984374999 0.8077903890625 0.819165590625 0.80946103125 0.8195957140625 0.8147329296875 0.8139198703125 0.819183390625 0.8113597015625 0.8243671031250001 0.8157570156249999 0.8439302140624999 0.8210931859375 0.8469095953125001 0.8413355843750001 0.8439790296874999 0.8418458703124999 0.8435451203125 0.8482915140625 0.836936709375 0.842300646875 0.8183527937499999
2 0.024254059375 0.5027248078125 0.0259355171875 0.508459471875 0.0344774859375 0.511584478125 0.0727654796875 0.504461071875 0.0790882015625 0.4990847140625 0.0749318234375 0.48936475625 0.0642568140625 0.4898446359375 0.031302159375 0.49816452968749997 0.024254059375 0.5027248078125
1 0.3296875 0.5078125 0.1140625 0.0578125
1 0.47578125 0.51640625 0.096875 0.0515625
1 0.4359375 0.27265625 0.0609375 0.0625
1 0.33125 0.096875 0.0609375 0.0703125
1 0.8421875 0.13125 0.13125 0.090625
1 0.8328125 0.06796875 0.1296875 0.06875
1 0.88671875 0.4296875 0.1125 0.05625
1 0.8109375 0.54765625 0.11875 0.053125
1 0.31796875 0.975 0.1109375 0.05
1 0.6203125 0.5375 0.1015625 0.0578125
1 0.78203125 0.48984375 0.1140625 0.053125
1 0.17890625 0.52578125 0.09375 0.0453125
1 0.08046875 0.6375 0.09375 0.0453125
1 0.0875 0.69140625 0.1015625 0.0484375
1 0.53203125 0.975 0.0640625 0.05
1 0.7703125 0.92265625 0.05625 0.075
1 0.81875 0.90859375 0.05 0.06875
1 0.5265625 0.73671875 0.084375 0.0578125
1 0.134375 0.19375 0.0765625 0.0625
1 0.64375 0.45703125 0.10625 0.046875