2 0.2484375 0.74609375 0.04140625 0.046875
2 0.52578125 0.946875 0.0234375 0.078125
2 0.1609375 0.95859375 0.0375 0.05859375
1 0.52734375 0.66953125 0.06875 0.07265625
1 0.31015625 0.5953125 0.06640625 0.071875
1 0.1484375 0.546875 0.05390625 0.0640625
1 0.2921875 0.45546875 0.0625 0.05625
1 0.0578125 0.3859375 0.06171875 0.0671875
1 0.11875 0.38984375 0.0625 0.059375
1 0.16015625 0.33828125 0.0546875 0.05625
1 0.25625 0.290625 0.06171875 0.05078125
1 0.46171875 0.2453125 0.0421875 0.0984375
1 0.49375 0.225 0.04375 0.096875
1 0.134375 0.18203125 0.06015625 0.0671875
3 0.21328125 0.41015625 0.109375 0.075
0 0.25078125 0.346875 0.12890625 0.07421875
0 0.07578125 0.32109375 0.1140625 0.07578125
2 0.675 0.734375 0.04921875 0.0453125
2 0.70078125 0.67421875 0.0484375 0.046875
2 0.76875 0.62109375 0.03828125 0.0390625
2 0.903125 0.696875 0.04453125 0.04140625
1 0.80234375 0.6921875 0.0703125 0.05546875
1 0.6640625 0.48671875 0.0625 0.09296875
1 0.7234375 0.5546875 0.06328125 0.0765625
1 0.71796875 0.5984375 0.0625 0.08046875
1 0.790625 0.55625 0.0640625 0.053125
1 0.8921875 0.565625 0.06640625 0.06640625
1 0.97578125 0.703125 0.0484375 0.05390625
1 0.9765625 0.57421875 0.0453125 0.0703125
3 0.8390625 0.6234375 0.08359375 0.07421875
3 0.57578125 0.0984375 0.0296875 0.0828125
1 0.59609375 0.0640625 0.028125 0.09375
1 0.54453125 0.0625 0.034375 0.090625
1 0.56328125 0.0265625 0.028125 0.053125
1 0.61796875 0.03125 0.0234375 0.0625
1 0.8640625 0.05859375 0.0609375 0.07421875
1 0.9421875 0.1703125 0.06015625 0.06171875