0 0.1898250890625 0.3575242875 0.1903892046875 0.37357025781250003 0.202517703125 0.3926248484375 0.3071612515625 0.3986420890625 0.3111100640625 0.38159324375 0.311392121875 0.3585271609375 0.308007425 0.34699411874999997 0.295878928125 0.33445820625 0.2140820828125 0.33445820625 0.19546625 0.33345533125000004 0.1917994953125 0.3414783171875 0.1898250890625 0.3575242875
0 0.0239608625 0.3285300375 0.0236613515625 0.3461013359375 0.0284535234375 0.3519584359375 0.0356417828125 0.3631401703125 0.1242969703125 0.3658024890625 0.12669305625 0.3567506078125 0.128190609375 0.34077670000000004 0.1287896328125 0.32427032968749997 0.12279941718750001 0.317880765625 0.11291556093749999 0.30776395624999997 0.040733465625 0.30669903125000003 0.0269559703125 0.30669903125000003 0.0251589046875 0.315218446875 0.0239608625 0.3285300375
0 0.64490904375 0.6818421609375 0.6432044390625 0.6914384578125 0.6437726406250001 0.709620915625 0.64519314375 0.7232577578125 0.6486023546874999 0.7278033734375 0.6542843734375 0.7278033734375 0.75940170625 0.7283084421875 0.7690611374999999 0.7217425546875 0.7696293390625 0.710631053125 0.7693452375 0.6919435265625 0.7673565328125 0.6762864093750001 0.67616014375 0.67376106875 0.6656484093749999 0.67376106875 0.6503069609375001 0.6732560000000001 0.64490904375 0.6818421609375
3 0.24476808437500003 0.3984201859375 0.23203448437500002 0.39741407500000003 0.2309026078125 0.40244463281250004 0.207416190625 0.3984201859375 0.1969463421875 0.3954018515625 0.181100084375 0.39741407500000003 0.169498359375 0.39037129375 0.167517578125 0.3989232421875 0.16157523125 0.3999293546875 0.15817960625 0.40848130312500003 0.15817960625 0.4195485296875 0.1624241375 0.42306991875 0.1624241375 0.43363409218750004 0.16780054687499998 0.44067687187500004 0.1754407078125 0.44621048593749996 0.1813830546875 0.448222709375 0.18760836875 0.4537563234375 0.2560868390625 0.4572777140625 0.260331371875 0.43665242656250003 0.261304659375 0.4100696734375 0.258350590625 0.40495991093750006 0.25410605625 0.40143852031250005 0.24476808437500003 0.3984201859375
3 0.2984375 0.5734375 0.0484375 0.040625
3 0.9390625 0.64921875 0.06015625 0.040625
2 0.528125 0.96171875 0.01796875 0.0640625
2 0.2484375 0.76484375 0.03359375 0.0328125
2 0.16328125 0.9734375 0.03828125 0.05234375
2 0.1734375 0.31171875 0.03359375 0.03515625
2 0.2078125 0.3 0.0328125 0.0359375
2 0.21328125 0.26875 0.03203125 0.03046875
2 0.296875 0.3203125 0.03125 0.03046875
1 0.11640625 0.4015625 0.05546875 0.04453125
1 0.4578125 0.1 0.0296875 0.09375
1 0.2546875 0.30546875 0.0546875 0.040625
1 0.05703125 0.396875 0.0578125 0.05390625
1 0.159375 0.3578125 0.05390625 0.040625
1 0.28984375 0.46953125 0.05 0.04140625
1 0.49921875 0.7109375 0.05625 0.04140625
1 0.5890625 0.63515625 0.0578125 0.05078125
1 0.715625 0.6171875 0.05703125 0.05234375
1 0.9125 0.5859375 0.06015625 0.04296875
1 0.7234375 0.40625 0.0453125 0.096875
1 0.9421875 0.1796875 0.05546875 0.05859375
1 0.90234375 0.0390625 0.04765625 0.04296875
1 0.13671875 0.89140625 0.04609375 0.09765625
1 0.10078125 0.83046875 0.05546875 0.08515625
3 0.572793665625 0.15065851875 0.5782807796875 0.15120045625 0.5846824125000001 0.1501165828125 0.5889501671875 0.14523914843750002 0.5886453265625 0.12681328593750002 0.5871211296875 0.110555171875 0.5880356484375 0.10350999062499999 0.5834630546875 0.0655743921875 0.565172675 0.067742140625 0.563648478125 0.0883357515625 0.572793665625 0.15065851875
1 0.59609375 0.0734375 0.025 0.0890625
1 0.5453125 0.071875 0.025 0.08671875
1 0.6875 0.5375 0.06015625 0.06484375
1 0.85078125 0.65390625 0.06015625 0.04375
1 0.9796875 0.81953125 0.03984375 0.11328125