0 0.2129914625 0.31714601249999996 0.19907974374999998 0.31356831406249996 0.1939398234375 0.319410115625 0.1895399 0.337191584375 0.1866911375 0.356933590625 0.19578204375 0.37709385625 0.3064862859375 0.398301028125 0.3118422609375 0.384062190625 0.3172819015625 0.3585912609375 0.3152011859375 0.345290503125 0.3065855 0.331399796875 0.2129914625 0.31714601249999996
3 0.095453503125 0.3560827859375 0.08505222500000001 0.3465319015625 0.06798037968750001 0.33966324375 0.065122528125 0.3435689625 0.038044201562500005 0.32666782968749997 0.0234953734375 0.323006784375 0.014070075000000001 0.3764603046875 0.07879671875000001 0.40661255 0.08797134375 0.39500138281249997 0.097834546875 0.36366828125 0.095453503125 0.3560827859375
2 0.2875 0.45703125 0.0390625 0.0421875
2 0.31171875 0.3171875 0.0375 0.0375
2 0.440625 0.40078125 0.0296875 0.0625
2 0.453125 0.79140625 0.0296875 0.0625
2 0.421875 0.65546875 0.0296875 0.0640625
2 0.459375 0.64765625 0.0328125 0.065625
2 0.82265625 0.8578125 0.0453125 0.0390625
2 0.53828125 0.08203125 0.028125 0.0625
1 0.51875 0.0453125 0.0390625 0.090625
1 0.50546875 0.18203125 0.0421875 0.090625
1 0.5359375 0.18203125 0.0421875 0.090625
3 0.629406809375 0.11865181875 0.6289483875 0.1762448234375 0.6385718421875 0.18009772968749999 0.6466390625 0.17559111249999998 0.6493696156250001 0.1566683 0.651218509375 0.1375900296875 0.6525263296875 0.131891546875 0.65550944375 0.09091395 0.634401659375 0.0920431484375 0.629406809375 0.11865181875
1 0.45546875 0.9453125 0.0484375 0.109375
1 0.51640625 0.8984375 0.046875 0.1125
1 0.5046875 0.8 0.046875 0.109375
1 0.41875 0.80625 0.0484375 0.1078125
1 0.484375 0.52265625 0.0421875 0.103125
1 0.496875 0.34296875 0.040625 0.096875
1 0.6140625 0.090625 0.04375 0.0953125
1 0.66875 0.10078125 0.04375 0.096875
1 0.61328125 0.65546875 0.0640625 0.1078125
1 0.725 0.5375 0.0671875 0.0859375
1 0.9203125 0.7953125 0.0765625 0.0640625
1 0.90546875 0.8484375 0.0703125 0.0578125
1 0.85 0.76640625 0.06875 0.05625
1 0.91328125 0.74296875 0.06875 0.0515625
1 0.92890625 0.68515625 0.06875 0.0546875
1 0.96953125 0.18828125 0.0609375 0.1109375