2 0.21015625 0.64453125 0.046875 0.0375
1 0.48125 0.7203125 0.05625 0.0609375
1 0.18518844375000001 0.870583996875 0.15393764999999998 0.8776268859374999 0.134167025 0.8833843234375 0.1071896796875 0.8857447046875 0.08743878125 0.8911257562499999 0.08970255 0.8991702265624999 0.1018116 0.911504875 0.11661955156249999 0.91077124375 0.1342633171875 0.9071668671875001 0.1626782953125 0.9029947234375 0.1859147859375 0.8951544015625 0.19550479999999998 0.8915053671875001 0.18518844375000001 0.870583996875
1 0 0.7993944765625 0.0323888015625 0.8142662703125 0.06741873125 0.8247827828125001 0.08423518906250001 0.824154415625 0.10753202343749999 0.80235269375 0.032609285937499996 0.771629296875 0.0107918703125 0.76520200625 0 0.764636428125 0 0.7993944765625
3 0.52265625 0.84609375 0.084375 0.1171875
0 0.5921875 0.77109375 0.0796875 0.1359375
1 0.54765625 0.94140625 0.053125 0.065625
1 0.55390625 0.98671875 0.0640625 0.0265625
1 0.5984375 0.9484375 0.046875 0.0609375
1 0.65703125 0.771875 0.0484375 0.0625
2 0.6203125 0.996875 0.059375 0.00625
2 0.64375 0.8546875 0.0421875 0.0421875
2 0.65703125 0.8203125 0.0453125 0.0375
2 0.64375 0.72109375 0.05 0.040625
1 0.773564890625 0.8780194218749999 0.7521408187499999 0.876896634375 0.7248084125 0.8860319796875 0.7518797140625 0.9331186203125 0.77099939375 0.9397819500000001 0.799572178125 0.9325987109374999 0.773564890625 0.8780194218749999
1 0.7252762515625 0.5056165312500001 0.6247337296875 0.4897795421875 0.6132117765625 0.517482246875 0.682406046875 0.5294118203125 0.7238757328125 0.5323399953125 0.7252762515625 0.5056165312500001
1 0.5738318359375 0.4874893078125 0.4799843359375 0.4720031921875 0.46726145781249995 0.497001015625 0.5517359234375 0.5119959109375001 0.57327835 0.5108603781250001 0.5738318359375 0.4874893078125
1 0.9258101453125 0.534997096875 0.8381842546874999 0.5288951359375 0.8295178406250001 0.5533507078125 0.9231298000000001 0.5605212265625 0.9258101453125 0.534997096875
2 0.1980473296875 0.43307258125 0.1381866390625 0.422387003125 0.13568382343750002 0.4445236515625 0.197829178125 0.45004507499999996 0.1980473296875 0.43307258125
1 0.39331345156249997 0.3580089890625 0.29678443906249996 0.38087924218749997 0.3203922125 0.4043842890625 0.41290421093749996 0.3813035125 0.39331345156249997 0.3580089890625
1 0.52982235 0.2640143953125 0.45861490156249995 0.3033085203125 0.4964202984375 0.3249156875 0.5575063109375 0.28660080468750004 0.52982235 0.2640143953125
3 0.9449588953125 0.438626125 0.9324356078125 0.43419559999999996 0.8864963875 0.4268815609375 0.843727146875 0.42313043749999996 0.8392750031249999 0.4440326625 0.8784403 0.45250137968750004 0.925797428125 0.458380046875 0.9449588953125 0.438626125
1 0.9749704796875 0.4167988859375 0.8903382078125001 0.404815084375 0.8786016078125 0.4109935671875 0.8804905937499999 0.42618938906250003 0.942989840625 0.43776808906250003 0.9771344546874999 0.43955753125 0.9749704796875 0.4167988859375
1 0.9753591500000001 0.473432346875 0.93288579375 0.4640354203125 0.8801923734375 0.45749967031249994 0.8716048609374999 0.4804496953125 0.97092673125 0.4939581859375 0.9753591500000001 0.473432346875
1 1 0.44854948125 0.9601601921875 0.44319699687499997 0.9319030171874999 0.44435804375 0.9308575609374999 0.46430654687499995 1 0.47261066874999996 1 0.44854948125
1 1 0.3915251984375 0.9530764984375001 0.3862126640625 0.9362994890625 0.3860882609375 0.929661309375 0.41027270781249997 0.9443903578124999 0.411044625 1 0.41758853125 1 0.3915251984375
2 0.5953125 0.1671875 0.0453125 0.04375
2 0.56484375 0.009375 0.046875 0.0171875
1 0.4 0.10234375 0.059375 0.06875
1 0.41484375 0.0375 0.05625 0.06875
1 0.4328125 0.003125 0.046875 0.00625
1 0.35625 0.0421875 0.053125 0.06875
1 0.31640625 0.09765625 0.0578125 0.071875
1 0.26796875 0.090625 0.0515625 0.06875
1 0.3078125 0.02734375 0.046875 0.0546875
1 0.25234375 0.0296875 0.0484375 0.059375
2 0.2234375 0.11796875 0.0390625 0.046875
3 0.38046875 0.00234375 0.0484375 0.0046875
1 0.8489173875 0.0175998125 0.8479346921875001 0.0175483109375 0.8006750015625 0.0660988015625 0.8449004328124999 0.0804940171875 0.8816093765625 0.0333531734375 0.8489173875 0.0175998125
1 0.9024915109375 0.1472963203125 0.8794708343750001 0.1638286265625 0.9497256140625 0.20676226562500002 0.9782601140624999 0.1874995625 0.92923215 0.1494525796875 0.9024915109375 0.1472963203125