0 0.1903216328125 0.35912541875000004 0.191156375 0.377427953125 0.2017298 0.3947411625 0.307185790625 0.40117178124999997 0.313029 0.3853425625 0.311637759375 0.36011474374999997 0.3077422875 0.346264178125 0.2966123671875 0.3378549046875 0.21786818437500002 0.3373602421875 0.1953300953125 0.3353815890625 0.191712871875 0.34032821874999997 0.1903216328125 0.35912541875000004
0 0.024485823437500002 0.32845630625 0.02337283125 0.34824282968750003 0.03561574375 0.366545365625 0.1249333515625 0.3685240171875 0.1274375828125 0.3611040703125 0.1277158328125 0.346758840625 0.128272328125 0.3274669796875 0.12075963125 0.31806838125 0.11241219218750001 0.3131217484375 0.0375634796875 0.30965910625 0.0278248 0.31015376875 0.025598815625 0.3146057375 0.024485823437500002 0.32845630625
3 0.2337100125 0.3992704375 0.2319999390625 0.40585738750000006 0.2129041203125 0.40231056875000004 0.19836849843749998 0.3967369953125 0.182122803125 0.400790503125 0.1704373015625 0.3926834890625 0.16872722812500002 0.400790503125 0.16388202031250002 0.40180388125000005 0.15903681249999999 0.40991089374999995 0.1587518 0.4195379734375 0.16188693437499999 0.4271382984375 0.1635970078125 0.4377787546875 0.169012240625 0.4418322609375 0.1744274734375 0.44943258750000004 0.180412728125 0.44689914374999995 0.18725302187499998 0.45551284687500004 0.25679599999999997 0.45956635468749996 0.2596461234375 0.44588576875 0.26078617187500003 0.4144710890625 0.2596461234375 0.40585738750000006 0.2496706953125 0.400790503125 0.2337100125 0.3992704375
3 0.5718971796875 0.14875170625 0.5774753687499999 0.15252952656250002 0.5841160703125 0.150640615625 0.588631746875 0.14544611093749998 0.5878348625 0.12514032343749998 0.58624109375 0.1105012671875 0.5870379781249999 0.10247339687499998 0.5825223015625001 0.0656396421875 0.5644595953125 0.06847300625 0.5644595953125 0.0892510234375 0.5718971796875 0.14875170625
3 0.784375 0.61171875 0.0546875 0.03984375
2 0.77109375 0.72109375 0.0359375 0.03125
2 0.52890625 0.96171875 0.01796875 0.0625
2 0.24921875 0.76796875 0.034375 0.0328125
2 0.04453125 0.55625 0.0359375 0.04140625
2 0.17421875 0.31484375 0.03203125 0.03359375
2 0.20859375 0.303125 0.0328125 0.03515625
2 0.2140625 0.27109375 0.03359375 0.02734375
2 0.29765625 0.3234375 0.03125 0.03203125
2 0.6109375 0.5859375 0.03046875 0.04921875
1 0.1171875 0.40546875 0.0578125 0.0421875
1 0.0578125 0.39921875 0.05703125 0.053125
1 0.159375 0.36171875 0.0546875 0.0453125
1 0.253125 0.30625 0.0546875 0.0390625
1 0.290625 0.47265625 0.04921875 0.04296875
1 0.2 0.88125 0.05 0.115625
1 0.13828125 0.89375 0.0453125 0.096875
1 0.4390625 0.640625 0.0546875 0.046875
1 0.7796875 0.6640625 0.05703125 0.03984375
1 0.87578125 0.596875 0.06484375 0.05078125
1 0.92421875 0.67734375 0.06015625 0.04765625
1 0.9671875 0.77578125 0.06015625 0.0859375
1 0.93828125 0.571875 0.065625 0.04609375
1 0.6984375 0.609375 0.06328125 0.0671875
1 0.66015625 0.5140625 0.0515625 0.06171875
1 0.5453125 0.07265625 0.0265625 0.0859375
1 0.5953125 0.07421875 0.02578125 0.0890625
1 0.50859375 0.28203125 0.040625 0.08515625
1 0.57578125 0.42578125 0.05 0.08125
1 0.48125 0.13203125 0.028125 0.08046875