0 0.1873690640625 0.377513965625 0.1873690640625 0.3921069421875 0.1984327609375 0.41050678124999995 0.30621458437500004 0.411141259375 0.309426625 0.39337589687499996 0.3090697328125 0.370534715625 0.3037163296875 0.35784517031249996 0.2937233140625 0.35023144375 0.2084257765625 0.3495969671875 0.192722465625 0.3508659203125 0.18808285 0.35721069375000003 0.1873690640625 0.377513965625
3 0.19280678125 0.41707008281249996 0.17694293125 0.41327360625000004 0.1598587875 0.40785006875 0.1436898640625 0.41218889843750006 0.13819853124999998 0.40622300625 0.1327072 0.40622300625 0.1287412359375 0.41273125312500003 0.1229448296875 0.4143583140625 0.11958901562499999 0.423035975 0.12111438593749999 0.43225599062500003 0.124775275 0.437679528125 0.1259955703125 0.44581483593750004 0.1284361625 0.451780728125 0.133012271875 0.45232308125 0.1415543453125 0.45395014375000003 0.14460508593750002 0.4631701578125 0.21782284999999998 0.46913605 0.22239896093749997 0.44689954375 0.22331418281249998 0.42466303749999995 0.21202644375 0.41327360625000004 0.1943321515625 0.41056183749999997 0.19280678125 0.41707008281249996
3 0.5687279000000001 0.156853909375 0.579458615625 0.15844364375 0.5851220484375 0.151554790625 0.58214129375 0.11817034374999999 0.5836316703125 0.1144609609375 0.579458615625 0.0736577484375 0.5603817875 0.080546603125 0.5606798625 0.1028029 0.5687279000000001 0.156853909375
2 0.16796875 0.33046875 0.034375 0.03515625
2 0.2046875 0.3171875 0.0328125 0.034375
2 0.2953125 0.33515625 0.03046875 0.028125
2 0.3734375 0.7265625 0.03125 0.046875
2 0.5296875 0.96953125 0.01953125 0.06015625
2 0.5484375 0.896875 0.01796875 0.06328125
2 0.8421875 0.75546875 0.0359375 0.028125
2 0.9171875 0.44375 0.0328125 0.03359375
2 0.78203125 0.41015625 0.03046875 0.03125
2 0.45546875 0.02578125 0.015625 0.0515625
1 0.2890625 0.484375 0.04921875 0.03984375
1 0.0859375 0.415625 0.05703125 0.0390625
1 0.0703125 0.365625 0.0546875 0.03984375
1 0.25078125 0.3203125 0.0546875 0.03828125
1 0.51484375 0.5296875 0.02734375 0.08984375
1 0.503125 0.38515625 0.03125 0.09609375
1 0.478125 0.190625 0.0234375 0.084375
1 0.434375 0.04140625 0.02265625 0.08046875
1 0.54140625 0.08125 0.02578125 0.0890625
1 0.5921875 0.08203125 0.02421875 0.0859375
1 0.93203125 0.7375 0.059375 0.03828125
1 0.940625 0.6875 0.0671875 0.046875
1 0.8671875 0.671875 0.0578125 0.0421875
1 0.58359375 0.70234375 0.03203125 0.10390625
1 0.67734375 0.50234375 0.046875 0.07890625
1 0.1984375 0.89765625 0.0515625 0.11875
1 0.11171875 0.7984375 0.0421875 0.09765625