0 0.3371866671875 0.76587763125 0.3408375671875 0.7621687796875001 0.37004476406250003 0.5883164125 0.3692624296875 0.5785806796874999 0.363264521875 0.5716265859375 0.3559627234375 0.566526915625 0.3502255953125 0.5642088843749999 0.34448846718750004 0.5642088843749999 0.33953367343749996 0.565599703125 0.3351004390625 0.5924888687500001 0.3092833625 0.7440881328125 0.3142381546875 0.7584599296875 0.3262339671875 0.7630959921875 0.3371866671875 0.76587763125
0 0.378819096875 0.4056490390625 0.3857419609375 0.4090950875 0.3896187640625 0.4036798703125 0.4153718171875 0.2717454734375 0.415925646875 0.26140733125 0.41398724531250003 0.2540229421875 0.4114950140625 0.2495923109375 0.403187578125 0.2431925078125 0.3946032265625 0.2412233375 0.39017259375 0.2412233375 0.3882341921875 0.24663855468749998 0.362758053125 0.3721731484375 0.36414262656249996 0.3894033875 0.366081028125 0.3997415296875 0.378819096875 0.4056490390625
0 0.5651386015625001 0.1731360359375 0.5744540734375 0.1721323484375 0.5956255984375 0.038140112500000004 0.5978838953125 0 0.5730426375000001 0.00050184375 0.5524356859374999 0.111409275 0.54791909375 0.1630991640625 0.5544116953125 0.1686194421875 0.5651386015625001 0.1731360359375
3 0.54609375 0.0765625 0.0234375 0.06484375
3 0.2625 0.2609375 0.04453125 0.0546875
3 0.5015625 0.5328125 0.0515625 0.08125
2 0.13828125 0.13203125 0.03046875 0.04140625
2 0.15703125 0.17734375 0.03046875 0.0421875
2 0.2890625 0.23046875 0.03046875 0.0375
2 0.34765625 0.259375 0.03046875 0.040625
2 0.434375 0.246875 0.01796875 0.0515625
2 0.421875 0.3421875 0.01796875 0.053125
2 0.53828125 0.1328125 0.01640625 0.053125
2 0.7046875 0.43359375 0.03046875 0.0375
2 0.6859375 0.48203125 0.03203125 0.0375
2 0.9390625 0.64921875 0.0359375 0.04375
2 0.90546875 0.90546875 0.04140625 0.0453125
1 0.69140625 0.67578125 0.05546875 0.05546875
1 0.69921875 0.6203125 0.05546875 0.05234375
1 0.84921875 0.52265625 0.05078125 0.0609375
1 0.81875 0.7359375 0.06171875 0.05859375
1 0.85 0.81328125 0.0703125 0.0671875
1 0.82734375 0.3046875 0.05 0.08046875
1 0.35234375 0.30390625 0.04609375 0.059375
1 0.49609375 0.1296875 0.02890625 0.07890625
1 0.44296875 0.1703125 0.02421875 0.07109375
1 0.509375 0.05078125 0.0265625 0.0734375