0 0.50195309375 0.5193821078124999 0.496290653125 0.53129793125 0.44308841093750007 0.7046893765625 0.4365221 0.7396468703125 0.43844632343749995 0.7448326546875 0.4535316390625 0.7557637109375 0.4644434171875 0.760542603125 0.46982305 0.750412365625 0.49690695468749996 0.6552513296875 0.5248067109375001 0.5614397656250001 0.5273748640625 0.5343908046875 0.50195309375 0.5193821078124999
0 0.4203677984375 0.43138334375 0.42717455624999995 0.42416888906250005 0.445569265625 0.3690345515625 0.47526459374999996 0.2825199 0.47767571562500005 0.2609857890625 0.47495569531250004 0.2487084953125 0.4650123671875 0.2441720046875 0.4553940703125 0.23968699531249998 0.447214525 0.2555688859375 0.428535834375 0.3082889484375 0.3987395625 0.39123366718749997 0.39766960625 0.4106109015625 0.40205581874999996 0.42078279687500003 0.41135851093750003 0.42936408750000005 0.4203677984375 0.43138334375
0 0.46085531562500004 0.1673406984375 0.4485069390625 0.20743992812499998 0.443738521875 0.2333392734375 0.44923238750000005 0.24072498437499998 0.470643240625 0.2464854265625 0.5114456390625 0.108776178125 0.5113386249999999 0.0821046390625 0.492202971875 0.0767045515625 0.48513552187500003 0.0876685921875 0.46085531562500004 0.1673406984375
3 0.13301932656249998 0.071457690625 0.13523551250000002 0.08415487499999999 0.1394879671875 0.08590197968749999 0.1401026984375 0.0972719375 0.16299204218750002 0.11861133125000001 0.17000709218750001 0.11435450312499999 0.1769221234375 0.10310356093749999 0.1784979578125 0.093154134375 0.1719378375 0.07547461718750001 0.16467700937500002 0.0641256015625 0.15903471875 0.061621578125 0.148284965625 0.051330340625000005 0.13301932656249998 0.071457690625
3 0.3166257375 0.22622638906249998 0.3019695515625 0.25150144375 0.3028400421875 0.261379209375 0.3137598109375 0.2712253109375 0.32255501249999996 0.279111596875 0.3393757484375 0.2920567390625 0.346429971875 0.28018749375 0.35034775156250003 0.2689036921875 0.34436624375 0.2490176328125 0.3361648890625 0.2412254015625 0.3320079640625 0.240567009375 0.3166257375 0.22622638906249998
3 0.8763359921875 0.8363593484375 0.8691496375 0.8400253062499999 0.8657881281250001 0.8517702015624999 0.8614538921875001 0.8772397265625 0.8629524249999999 0.8924233562499999 0.871281928125 0.8948102109375 0.8851767671875 0.89807853125 0.9322786515624999 0.9172822453125 0.940711409375 0.9136842812499999 0.9494909984375 0.8582521375000001 0.906250040625 0.8389620875 0.9018648468749999 0.8420041109374999 0.884784965625 0.836096146875 0.8763359921875 0.8363593484375
2 0.7145534265625 0.926953540625 0.7398465765625 0.9345837375 0.742513609375 0.92096254375 0.7444518578125 0.899071565625 0.7340039703125 0.8942456453125001 0.7212246125 0.8944866921875001 0.7144113578125 0.895672678125 0.7103541890625 0.9068085984375 0.7053824359374999 0.9060211499999999 0.703943928125 0.913494646875 0.7098786375 0.916246690625 0.71032023125 0.9231119296875001 0.7145534265625 0.926953540625
2 0.8456290953125001 0.9472608671874999 0.8306994234375 0.9385539625 0.8229232109375 0.9377753515625 0.8165443437500001 0.9426542953125001 0.8107568328125 0.9421906625 0.8089297468750001 0.9505086546875001 0.8135515203124999 0.953505771875 0.8152118671874999 0.96554725625 0.8268157171875 0.9791636390624999 0.839158125 0.9897258578124999 0.8443882359374999 0.9792287328124999 0.850265284375 0.956602540625 0.8456290953125001 0.9472608671874999
2 0.2393074125 0.13015847187500001 0.227986975 0.12203120468749999 0.2251549296875 0.11914638749999999 0.2208094359375 0.12235615312499999 0.21457407343749998 0.1340371421875 0.212816509375 0.15032537031249998 0.2178368078125 0.1584293 0.2311379015625 0.1644340109375 0.24098916875 0.16453253750000002 0.24456630937499999 0.1592520671875 0.2438577390625 0.1498820359375 0.2421627140625 0.1432792828125 0.2393074125 0.13015847187500001
2 0.21979749062499998 0.080292128125 0.2100060046875 0.0728942734375 0.2061875046875 0.072776734375 0.2013487859375 0.077370140625 0.1988488859375 0.0862319984375 0.1987293234375 0.1008306484375 0.20925539375 0.112242871875 0.2199165296875 0.1158804421875 0.2258740109375 0.1163367609375 0.22841542812500001 0.108943234375 0.22613638749999998 0.0973754546875 0.22416623906250002 0.08731835624999999 0.21979749062499998 0.080292128125
2 0.17383214687499998 0.13343128906249999 0.16934383749999998 0.1410037109375 0.16436230000000002 0.14995977031250002 0.16531998125 0.168139809375 0.18390099375 0.17887879843750001 0.1931422296875 0.17936796093750002 0.19651953125 0.17015781562500001 0.193212521875 0.159888978125 0.1901313640625 0.1481941546875 0.177692165625 0.1350171625 0.17383214687499998 0.13343128906249999
2 0.2879670546875 0.1469313671875 0.284281584375 0.153278303125 0.2830606484375 0.168678903125 0.285755984375 0.1747369609375 0.3012867546875 0.1828279515625 0.307155265625 0.1811584359375 0.3122506609375 0.18283180000000002 0.3152599625 0.17767726718750002 0.3127654078125 0.1703515125 0.31223243749999996 0.1598711125 0.3080002140625 0.149671140625 0.29636948125 0.140032025 0.29192023749999996 0.13889416875 0.2879670546875 0.1469313671875
2 0.3550925609375 0.24462937812500002 0.363917228125 0.244294403125 0.3692065140625 0.241666815625 0.3732404078125 0.239273559375 0.37474972968750003 0.23128245625 0.3670352703125 0.2123008 0.35792221562500004 0.205226275 0.3507176015625 0.2014861796875 0.34625901406250004 0.2111759921875 0.3431596578125 0.22151425468750002 0.341262553125 0.238107259375 0.3550925609375 0.24462937812500002
3 0.5495171812499999 0.43327915937499994 0.5556022765625 0.42864672031250006 0.5719291859375 0.3573625078125 0.5548965046875 0.34962819375 0.5382923859375001 0.41471265781250005 0.5373501609375 0.42463662500000005 0.5421859437500001 0.429879515625 0.5495171812499999 0.43327915937499994
2 0.6701020078125 0.1142184203125 0.666027109375 0.116606215625 0.656104934375 0.1433445296875 0.6547770796875 0.1517282734375 0.65538300625 0.15687956875 0.6553290234375 0.167992740625 0.6600799140625 0.166723075 0.6641548109375 0.1643352796875 0.6708584281250001 0.1507365796875 0.6781438421875 0.13166916875 0.6781197140625 0.121049159375 0.6701020078125 0.1142184203125
2 0.52909735 0.4391749171875 0.51952056875 0.4340680078125 0.5136979390625 0.4362230203125 0.5091839953124999 0.4483298546875 0.5036125124999999 0.47257809531249995 0.5059676750000001 0.4832085359375 0.5046642453125 0.4932595125 0.5086916687499999 0.4969746203125 0.51152519375 0.488191728125 0.51746260625 0.4834905421875 0.5251789046875001 0.46573645781249995 0.529201071875 0.44944876406249995 0.52909735 0.4391749171875
2 0.405505196875 0.2407018453125 0.389945509375 0.23061174218749997 0.3848103546875 0.232340309375 0.3796994625 0.2447486875 0.3782070328125 0.2541715171875 0.3771154375 0.2646745921875 0.3945493328125 0.27556991875 0.40215185781249996 0.27270700625 0.40768784687500004 0.2720586828125 0.4107402890625 0.26542483125 0.40734129843750005 0.259802690625 0.4089989140625 0.2529479203125 0.405505196875 0.2407018453125
1 0.7723154140624999 0.798264971875 0.764465765625 0.7953157078124999 0.7589942765625 0.7995671171875001 0.756134171875 0.815605484375 0.7551857640625 0.8296719640625 0.7585879265625 0.8364661578125 0.8021441093749999 0.8644054828125001 0.8092333406250001 0.8660969765625 0.8152623765625 0.8522665203124999 0.8195373515625001 0.8313342390624999 0.8091822750000001 0.824007478125 0.7723154140624999 0.798264971875
1 0.6644587109375 0.8107528687500001 0.65945368125 0.8241768421875 0.65695408125 0.8419783109375001 0.6598290609374999 0.8521010125 0.7188694 0.8893167999999999 0.7312517859375001 0.847490565625 0.7216086703125 0.8397079015625 0.678715990625 0.8095989921875001 0.6704573859375 0.8031729500000001 0.6644587109375 0.8107528687500001
1 0.6959606484374999 0.7895835703125 0.715910384375 0.8029793171874999 0.7214212828125001 0.796459478125 0.72785345 0.7639268390625 0.7191464765625 0.7562924453125001 0.6932678328125 0.741957653125 0.680104328125 0.7341860828125 0.670985178125 0.7412717671875 0.6656377390625 0.7608968515625001 0.6661526578125 0.7717830921875 0.6731146171875 0.7762977656250001 0.6959606484374999 0.7895835703125
1 0.308716315625 0.9415101859374999 0.3019202921875 0.95800978125 0.29656073906249997 0.97401095 0.3236525078125 0.9783018640625001 0.330367790625 0.9584594265625 0.3282143078125 0.9432463671875 0.315116059375 0.9371158124999999 0.308716315625 0.9415101859374999
1 0.347929403125 0.5360759500000001 0.354030465625 0.5352722578125 0.36015363906250003 0.523852034375 0.3636680046875 0.5037585890625 0.3589752328125 0.493575296875 0.3368593828125 0.486532478125 0.31955896250000004 0.4826123578125 0.3106352703125 0.4823789875 0.30281155000000004 0.4982498859375 0.30081541093749997 0.515043784375 0.3048103984375 0.523346553125 0.347929403125 0.5360759500000001
1 0.6352586703124999 0.1108359328125 0.64085331875 0.10209769843750001 0.661750928125 0.042314649999999995 0.66313834375 0.025959140625 0.6571475921875 0.0186571703125 0.6484561 0.0172805734375 0.620472003125 0.09405744375 0.62094764375 0.10054900468750001 0.6272912953125 0.1079699703125 0.6352586703124999 0.1108359328125
1 0.79603546875 0.1457064625 0.7844737515625 0.089830275 0.7753382625 0.0899274984375 0.7678439171875 0.0933729375 0.764252884375 0.11056181406250001 0.775522515625 0.171024165625 0.78273705625 0.1775713375 0.7953565703125001 0.166444859375 0.79603546875 0.1457064625
1 0.2476907421875 0.230858246875 0.2789010875 0.2554125546875 0.2850368828125 0.25044161875 0.2912550421875 0.240729528125 0.2940602953125 0.2251284140625 0.2827609140625 0.21204754218750002 0.264521628125 0.1984617734375 0.2549128359375 0.1915914171875 0.2470040890625 0.19509299375 0.24144758125000002 0.209069803125 0.2433312671875 0.2182822734375 0.2476907421875 0.230858246875
1 0.9353886140625001 0.40717371562500004 0.9293872046875 0.3859300046875 0.9211376343750001 0.36224886875 0.9086494890625 0.33945742343749996 0.896601775 0.3489966875 0.885712725 0.3660041984375 0.8892886265625 0.3785383390625 0.8890196546875 0.38578046875 0.8914368874999999 0.3908463625 0.8952291406249999 0.390926659375 0.907029775 0.4162109046875 0.90842963125 0.42215633593749996 0.910115015625 0.42814699375 0.914192796875 0.42827251093749996 0.91712846875 0.4282171390625 0.92113413125 0.43249393906250005 0.9339054156250001 0.4183862359375 0.9353886140625001 0.40717371562500004
1 0.543552615625 0.231210984375 0.5495094953125 0.22368387812499999 0.5719453 0.16533695312500002 0.5719697218750001 0.1536123234375 0.567769475 0.147734403125 0.5595910640625 0.1438327375 0.554706825 0.15152973281249998 0.53551335625 0.1986616953125 0.53105255 0.21294158749999997 0.5335864734375 0.2270261703125 0.543552615625 0.231210984375
1 0.494033615625 0.3773157296875 0.5147510015625001 0.33400385 0.5174616000000001 0.32639985781249997 0.5158467921875001 0.317575234375 0.508482825 0.30891114218750004 0.5015952734375 0.306749153125 0.49382305937500004 0.3215847734375 0.47623853125000004 0.3584306484375 0.47068895 0.372547190625 0.47017239375 0.3853186703125 0.47699423750000003 0.3955035609375 0.48480053593749994 0.39566884999999996 0.494033615625 0.3773157296875
1 0.19759558906250002 0.23983 0.19222468125 0.2458507171875 0.1854469234375 0.2590108125 0.1844348671875 0.27063003750000003 0.216892321875 0.302765525 0.22712672031249997 0.30438649375 0.2363546171875 0.28621551875 0.238292309375 0.275724525 0.23215802343749997 0.26739075 0.2025611171875 0.24159808906250002 0.19759558906250002 0.23983