0 0.3560431703125 0.680778925 0.344362040625 0.6900657406249999 0.33419144375 0.7810746484375 0.331717578125 0.797134646875 0.33483773906250003 0.8003390906250001 0.34187969375 0.8043072046875 0.357635128125 0.8068059968749999 0.37553915937500004 0.808157934375 0.398372090625 0.7979833171874999 0.412057078125 0.686528034375 0.4030712875 0.6820391125 0.39335211875 0.6794350812500001 0.3680648609375 0.6768944625 0.3560431703125 0.680778925
3 0.3760193890625 0.9229042265625 0.37665475000000004 0.930092278125 0.385283109375 0.9339957234374999 0.3946851453125 0.9357189531250001 0.40068428437500003 0.9321895296875 0.4062018046875 0.9325825953125 0.4128538609375 0.9319773578125 0.41892180312500005 0.9278875796875001 0.4233574578125 0.9164873437500001 0.4318833265625 0.9129837625 0.4365246734375 0.90815001875 0.456538503125 0.835809790625 0.43445157968750003 0.830253840625 0.41083486249999995 0.8247944593750001 0.3965338203125 0.825882528125 0.39240777968749996 0.834761165625 0.3881090203125 0.85328825 0.3938497921875 0.8559839406249999 0.38970619375000004 0.8691264453124999 0.3842743203125 0.8721567171875 0.37775844687500004 0.8881363625 0.3781178796875 0.9058133921874999 0.3713106640625 0.9118032093749999 0.36905843437499997 0.9177835062499999 0.3760193890625 0.9229042265625
3 0.0851650484375 0.36952100625 0.11089847187499999 0.37383849687500004 0.17130565312499998 0.37257190156250003 0.1743853296875 0.36426637500000003 0.1735636171875 0.35837637187500004 0.16854326718749998 0.3531286640625 0.1475679578125 0.352000496875 0.13112354531249998 0.35171810937500003 0.124161075 0.3497054046875 0.0834523234375 0.3499171953125 0.0851650484375 0.36952100625
3 1 0.47293812968750004 0.962359625 0.4704164140625 0.9555117187500001 0.47188201249999995 0.9541694578125 0.478636453125 0.9536285609374999 0.487219103125 0.9581236046875 0.49238385781250005 0.9655287609375 0.4947346078125 1 0.4970035890625 1 0.47293812968750004
2 0.475 0.6859375 0.0390625 0.0390625
2 0.32890625 0.68515625 0.0390625 0.0390625
2 0.24140625 0.55390625 0.05625 0.025
2 0.3875 0.52109375 0.0609375 0.0296875
2 0.4734375 0.55625 0.059375 0.028125
2 0.55234375 0.50625 0.0578125 0.0265625
2 0.85 0.13984375 0.0390625 0.04375
1 0.6046875 0.55 0.103125 0.04375
1 0.7078125 0.49140625 0.103125 0.040625
1 0.8625 0.52890625 0.1203125 0.0453125
1 0.81015625 0.44375 0.1125 0.04375
1 0.9625 0.4515625 0.075 0.034375
1 0.83203125 0.0640625 0.05 0.0578125
1 0.7796875 0.05390625 0.0578125 0.053125
1 0.75546875 0.11875 0.05 0.0671875
1 0.6671875 0.04609375 0.05 0.0609375
1 0.8078125 0.11953125 0.0546875 0.0671875
1 0.5109375 0.1484375 0.05 0.0640625
1 0.63515625 0.4 0.103125 0.05625
1 0.03671875 0.490625 0.0734375 0.034375
1 0.06796875 0.46171875 0.090625 0.0390625
1 0.08515625 0.390625 0.096875 0.0375
1 0.09296875 0.33671875 0.1 0.0375
1 0.546875 0.28125 0.090625 0.0625
1 0.0859375 0.01640625 0.053125 0.0328125
1 0.23671875 0.00546875 0.0703125 0.0109375
1 0.178125 0.0265625 0.1125 0.053125
1 0.1296875 0.08984375 0.0953125 0.0609375
1 0.90703125 0.8609375 0.1109375 0.0671875
1 0.9 0.9265625 0.10625 0.0546875
1 0.79921875 0.95390625 0.1125 0.04375
1 0.48203125 0.7484375 0.053125 0.0609375