0 0.7075671546875 0.3463533265625 0.7029011484375001 0.3574547640625 0.6981610359375 0.3900052984375 0.699916384375 0.39990369375 0.81632950625 0.417601690625 0.8318020546874999 0.39859146875 0.8369995265625001 0.36315325625 0.8346624171875 0.3516826625 0.8274306171875001 0.35275734375 0.7217819546875 0.3352842125 0.7075671546875 0.3463533265625
3 0.7893070515625 0.42363046875 0.786466734375 0.43422473281249996 0.7822774875 0.47290592499999995 0.7871518328125 0.48127078437500004 0.80405378125 0.48463804687499995 0.8663418703125 0.482769125 0.8733492296875 0.4776666609375 0.8896411421874999 0.4726542078125 0.89437130625 0.46235926562499996 0.8992081187500001 0.45139095625000003 0.89799743125 0.43946481718749997 0.8933944031250001 0.43183319062500003 0.8866976140625 0.430082265625 0.8755232124999999 0.429692928125 0.857158021875 0.423332878125 0.8411860593749999 0.42632523281249995 0.8209984234375 0.42657911562499995 0.818934528125 0.42003990468749997 0.802953184375 0.4181989640625 0.7893070515625 0.42363046875
3 0.45627027499999995 0 0.4489886515625 0.023162940625 0.4481555078125 0.030683125 0.4440449796875 0.0453363609375 0.44064147499999995 0.0645653265625 0.441903396875 0.0724173375 0.447149728125 0.07771202187500001 0.45751785937499995 0.0755281015625 0.47546388124999994 0.020979421875 0.47780837343749993 0 0.45627027499999995 0
3 0.49618107499999997 0.3150420265625 0.4763142171875 0.3048809625 0.45213500624999997 0.38522489531250004 0.45081789843750003 0.40032056406249994 0.4715801671875 0.409348090625 0.49317167656249994 0.3317827015625 0.49618107499999997 0.3150420265625
2 0.943612309375 0.378256034375 0.9486095796875 0.3580041390625 0.9482966625 0.35094011406250003 0.9276865203125 0.343212040625 0.9222518031250001 0.34362662187500004 0.91707640625 0.3491837015625 0.9081136515624999 0.3560539609375 0.9114706390625 0.3642377953125 0.9136279703125 0.3709562671875 0.9378993484375 0.3894670765625 0.943612309375 0.378256034375
2 0.863107596875 0.317041784375 0.8564369624999999 0.3229997203125 0.8513064937499999 0.3260132046875 0.8531233140625 0.33714149375 0.8601328703125001 0.35164294375 0.873821728125 0.36465157812500004 0.8793463031250001 0.3591498 0.8881309296875 0.337584728125 0.8880686624999999 0.33119808281249996 0.8689900187499999 0.31606043281249996 0.863107596875 0.317041784375
2 0.7148852640625 0.30823227656249996 0.7106588734375 0.3145773421875 0.7044895390625 0.321890034375 0.7057963921875 0.327198446875 0.7089389890625 0.32769618437500003 0.71249303125 0.3346358734375 0.7396216859375 0.335106559375 0.7405982843750001 0.3244207078125 0.7427122749999999 0.3088135703125 0.7401608359375 0.30458339218749997 0.7196129578125 0.30324196406250004 0.7148852640625 0.30823227656249996
2 0.57374414375 0.45358712187499994 0.55011434375 0.483003803125 0.5451620046875 0.5007121015625 0.545869028125 0.50528783125 0.5506053890625 0.5047626390625 0.5563356859375 0.5024818390625 0.5796336453125 0.481940096875 0.57374414375 0.45358712187499994
2 0.6127412343749999 0.0865501421875 0.6074124734375 0.0832535390625 0.6023762578125 0.08245588125 0.5881853984375 0.1329393640625 0.5952012328125 0.1407952375 0.603207640625 0.14022387187500002 0.61204320625 0.0974763265625 0.6127412343749999 0.0865501421875
2 0.5061097546875 0.3621349984375 0.5004285765625001 0.3501984484375 0.4933862109375 0.35337511250000003 0.4780850359375 0.4000038234375 0.47699972500000004 0.4090292125 0.49389018125 0.4153833109375 0.503397240625 0.3727421203125 0.5061097546875 0.3621349984375
2 0.2810299234375 0.4577004359375 0.277905121875 0.453526603125 0.2694333625 0.46138209375 0.2664798390625 0.4713378875 0.27543056250000003 0.5126104406249999 0.280466778125 0.5134080984375 0.295395809375 0.49737805625 0.2810299234375 0.4577004359375
2 0.3139597234375 0.45187926406249995 0.3041131640625 0.41843580625000004 0.2995074328125 0.41709317968750004 0.28974421875 0.4265835765625 0.287789603125 0.43240551875 0.29798858125 0.47448892656249997 0.3040320390625 0.47544611562499994 0.3143636765625 0.4623668328125 0.3139597234375 0.45187926406249995
2 0.0370011140625 0.6968080390625 0.0627938125 0.6947616796875 0.06777015625 0.6894183328125 0.0752430078125 0.6856966984375 0.07637151875 0.6742255453125 0.06965656718749999 0.6731620015625001 0.060626246875 0.6649870640625 0.0374164578125 0.6637636031249999 0.0357028546875 0.6702368703125 0.032817535937499996 0.69062705625 0.0370011140625 0.6968080390625
1 0.7240424734375 1 0.7607073468750001 0.931393546875 0.7637472390625 0.9211466203124999 0.7631278796875 0.9071647109375001 0.7518404484375 0.8889688187499999 0.7432543468749999 0.889502159375 0.6996006875 0.97725045 0.6979961015625 0.98961795625 0.7041829390625 1 0.7240424734375 1
1 0.8595664562499999 0.9356918109375 0.8604112828125 0.8878633609375 0.8594923953125001 0.846697471875 0.8526169671874999 0.83866660625 0.83899793125 0.8396649734375 0.83265293125 0.8506505875 0.8315038593749999 0.9451309437500001 0.8368464734375 0.9516568718749999 0.855737925 0.9464449125 0.8595664562499999 0.9356918109375
1 0.9678660718750001 0.46438705625 0.9716602875 0.4359582140625 0.9676468921874999 0.4277495671875 0.9223161609374999 0.41425905937499996 0.9101410078125 0.421796940625 0.9045128765625 0.446148825 0.909872646875 0.46151262343750005 0.9532719593750001 0.47154181250000005 0.9678660718750001 0.46438705625
1 0.44286308906249994 0.6162158343749999 0.4300918875 0.6129794546875 0.42346289062500003 0.6204248625 0.41467596249999994 0.6651507078125001 0.40342659843749995 0.7125205875 0.406288809375 0.7202556359375001 0.4199203234375 0.7266623234375 0.4242316453125 0.7230975015625 0.433785128125 0.6821339296875 0.44347512343749995 0.6381579281249999 0.44286308906249994 0.6162158343749999
1 0.32422368281249997 0.735171053125 0.319502825 0.7477731640624999 0.3156505265625 0.7677945562499999 0.3140303953125 0.7887763 0.3103213453125 0.833699590625 0.31224598124999997 0.8473542421875001 0.3230152859375 0.8460258828124999 0.3337335859375 0.8428690140624999 0.3391730234375 0.7848699734375 0.3436141203125 0.750378396875 0.341689484375 0.7367237453125 0.32422368281249997 0.735171053125