0 0.1876771078125 0.3736666890625 0.1884907375 0.3939170125 0.1963558171875 0.41127443281250003 0.306466953125 0.412720884375 0.308907840625 0.3953634640625 0.3094502609375 0.3736666890625 0.3032124375 0.359202171875 0.2937200984375 0.3529342140625 0.2028648515625 0.3524520640625 0.194728559375 0.3510056125 0.190660415625 0.35534496875 0.1876771078125 0.3736666890625
3 0.192830346875 0.419095346875 0.17432506875 0.4171882015625 0.16091545000000002 0.41051319062499997 0.1442875203125 0.41623462812499995 0.140532825 0.4109899765625 0.1351689765625 0.40908283125 0.1303415140625 0.41194355 0.12470947343750001 0.41528105625 0.120954778125 0.42195606718749995 0.119882009375 0.43292215624999997 0.12336851093750001 0.4419811 0.1252458578125 0.449132896875 0.1303415140625 0.455331121875 0.1357053625 0.45866862812500003 0.1421419796875 0.459145415625 0.1507241375 0.47011150468749996 0.2196495890625 0.473449009375 0.2231360890625 0.4519936171875 0.224208859375 0.42577035781249994 0.21160381562500002 0.4157578421875 0.19497588593749998 0.41432748124999996 0.192830346875 0.419095346875
3 0.5676869421874999 0.15704466875 0.575440715625 0.1599984875 0.5815329671875 0.1560600640625 0.5856867734375 0.1491678203125 0.58291756875 0.1191373359375 0.5831944890625 0.11126048749999999 0.57904068125 0.07187624375 0.561040853125 0.07778388124999999 0.56076393125 0.0969836984375 0.5676869421874999 0.15704466875
3 0.7048812015625 0.40579206093750003 0.6683485874999999 0.45261422187499994 0.6810925234375 0.4823186046875 0.717908334375 0.434489515625 0.7156427453124999 0.4224063765625 0.709412378125 0.4103232390625 0.7048812015625 0.40579206093750003
2 0.01953125 0.353125 0.03828125 0.04609375
2 0.2953125 0.33515625 0.03203125 0.03203125
2 0.321875 0.47265625 0.03046875 0.03046875
2 0.48828125 0.61328125 0.01875 0.053125
2 0.85859375 0.7578125 0.03828125 0.03203125
2 0.5359375 0.90546875 0.01875 0.065625
1 0.47890625 0.7265625 0.0296875 0.10078125
1 0.50703125 0.91796875 0.02890625 0.10703125
1 0.56796875 0.88359375 0.034375 0.109375
1 0.51171875 0.5765625 0.0265625 0.0953125
1 0.46484375 0.484375 0.02421875 0.0953125
1 0.528125 0.47109375 0.03125 0.0953125
1 0.4875 0.33203125 0.02578125 0.0875
1 0.45 0.21171875 0.02734375 0.09140625
1 0.48515625 0.16796875 0.0265625 0.08359375
1 0.4484375 0.07734375 0.0234375 0.08671875
1 0.4078125 0.1421875 0.0234375 0.0796875
1 0.54140625 0.08046875 0.02421875 0.0875
1 0.5921875 0.08125 0.02421875 0.0875
1 0.79453125 0.4453125 0.0515625 0.04375
1 0.625 0.634375 0.0390625 0.09296875
1 0.94296875 0.6859375 0.06796875 0.0453125
1 0.934375 0.734375 0.05859375 0.04140625
1 0.86875 0.6703125 0.05859375 0.04375
1 0.87265625 0.7171875 0.05703125 0.0390625
1 0.9296875 0.58125 0.05859375 0.04296875
1 0.9234375 0.6359375 0.0609375 0.0390625
1 0.9359375 0.28984375 0.05 0.09765625
1 0.08359375 0.41875 0.05703125 0.040625
1 0.2296875 0.321875 0.05546875 0.0515625
1 0.2 0.89921875 0.053125 0.11640625
1 0.13828125 0.90703125 0.0390625 0.1171875