2 0.2484375 0.759375 0.04296875 0.04453125
1 0.09921875 0.82578125 0.05546875 0.08671875
1 0.13671875 0.88359375 0.0453125 0.10390625
1 0.2 0.87734375 0.05859375 0.11953125
2 0.159375 0.9703125 0.03515625 0.059375
0 0.103125 0.61484375 0.1265625 0.1015625
1 0.371875 0.61875 0.05703125 0.05625
1 0.05546875 0.3921875 0.059375 0.05546875
1 0.11640625 0.3984375 0.05859375 0.05234375
1 0.159375 0.353125 0.05390625 0.04453125
1 0.2890625 0.46484375 0.0546875 0.04296875
1 0.253125 0.3015625 0.0546875 0.04609375
1 0.13359375 0.18984375 0.06015625 0.06484375
3 0.20859375 0.425 0.1046875 0.07734375
0 0.25 0.359375 0.12421875 0.0640625
0 0.07578125 0.3328125 0.1046875 0.0625
2 0.1734375 0.30703125 0.0390625 0.03125
2 0.20703125 0.29609375 0.03515625 0.03828125
2 0.2125 0.2640625 0.034375 0.034375
2 0.296875 0.315625 0.03203125 0.04140625
2 0.5265625 0.95859375 0.0234375 0.0734375
2 0.88828125 0.6390625 0.040625 0.0390625
2 0.90625 0.6765625 0.03359375 0.028125
2 0.9640625 0.74375 0.0421875 0.0484375
1 0.86953125 0.73046875 0.06171875 0.04453125
1 0.84765625 0.6734375 0.07421875 0.059375
1 0.834375 0.625 0.06875 0.05078125
1 0.82421875 0.57265625 0.0625 0.05078125
1 0.9671875 0.58359375 0.06484375 0.04296875
3 0.9765625 0.6390625 0.046875 0.05390625
3 0.525 0.63203125 0.05390625 0.05390625
1 0.6296875 0.63125 0.05859375 0.05
1 0.70859375 0.66171875 0.07109375 0.07578125
1 0.72421875 0.56640625 0.06015625 0.059375
1 0.59609375 0.46484375 0.0515625 0.07734375
1 0.5234375 0.3265625 0.03984375 0.08671875
1 0.9421875 0.18046875 0.05859375 0.0671875
1 0.8546875 0.0609375 0.05078125 0.06015625
1 0.903125 0.03671875 0.04921875 0.04140625
1 0.54609375 0.06953125 0.025 0.08984375
1 0.565625 0.03125 0.028125 0.0625
1 0.596875 0.07109375 0.02734375 0.090625
1 0.61875 0.03515625 0.02734375 0.06484375
3 0.57734375 0.10625 0.02890625 0.08359375