0 1 0.6194728671874999 0.8267798296875 0.605638625 0.8168757890625 0.6071650375 0.8082915203125 0.6139572 0.8024320968750001 0.6251075484374999 0.8010135765624999 0.6348150296874999 0.8033213343750001 0.63902681875 0.817539996875 0.644217534375 0.8678399593749999 0.6476648515625001 1 0.6600827406249999 1 0.6194728671874999
0 1 0.4562556640625 0.9997676156249999 0.45493774687500005 0.8184439625 0.45239052500000004 0.8061972078125 0.45930798125 0.7991647093750001 0.47179424062499997 0.7972487296875 0.480566759375 0.7979514437499999 0.4845520546875 0.81317768125 0.48576018750000005 1 0.490330509375 1 0.4562556640625
0 0.1723302171875 0.62529544375 0.1655736828125 0.619282496875 0.0268629109375 0.62813161875 0.0165698140625 0.6323480046875 0.0158451203125 0.6336064734375 0.019890128125 0.6565468515624999 0.1401168328125 0.6525884515625 0.16770829062499998 0.6455220171875 0.1719665828125 0.6373667390625 0.1723302171875 0.62529544375
3 0.46015625 0.2609375 0.065625 0.05625
3 0.7421875 0.50859375 0.1484375 0.0625
3 0.31953125 0.65390625 0.059375 0.0515625
1 0.190625 0.97109375 0.078125 0.0578125
1 0.209375 0.87421875 0.046875 0.034375
2 0.34453125 0.56328125 0.04375 0.0375
2 0.3734375 0.49609375 0.04375 0.0375
2 0.6734375 0.14296875 0.0453125 0.04375
2 0.78203125 0.10625 0.053125 0.0453125
2 0.753125 0.475 0.065625 0.03125
2 0.6765625 0.46171875 0.065625 0.03125
2 0.7265625 0.2203125 0.0609375 0.04375
2 0.6015625 0.22421875 0.046875 0.040625
2 0.425 0.2234375 0.0484375 0.0390625
1 0.28671875 0.74609375 0.059375 0.05625
1 0.33125 0.71640625 0.0734375 0.065625
1 0.328125 0.9171875 0.0671875 0.0609375
1 0.43125 0.453125 0.065625 0.0609375
1 0.61328125 0.49296875 0.1015625 0.0390625
1 0.6765625 0.31796875 0.09375 0.0796875
1 0.37109375 0.81640625 0.06875 0.0609375
1 0.415625 0.60546875 0.0671875 0.0609375
1 0.2984375 0.61953125 0.06875 0.0625
1 0.640625 0.28125 0.0671875 0.065625
1 0.61796875 0.16796875 0.0703125 0.06875
1 0.5234375 0.17421875 0.071875 0.065625
1 0.77421875 0.01328125 0.0953125 0.0265625
1 0.7140625 0.1609375 0.0703125 0.075
1 0.684375 0.08515625 0.071875 0.065625
1 0.26015625 0.81953125 0.0625 0.05625