0 0.2747851109375 0.988445246875 0.285502159375 0.9933989046875 0.33672964843750003 0.796395746875 0.3369439890625 0.78648843125 0.33179980625 0.776962165625 0.321940121875 0.769341153125 0.3127234609375 0.7662927484375001 0.30822230156249997 0.7678169515625 0.3007203671875 0.780772671875 0.2887172734375 0.829166096875 0.2507789234375 0.9671064125 0.2563517890625 0.9743463734375 0.26771185937499997 0.9853968421875001 0.2747851109375 0.988445246875
0 0.452100634375 1 0.487509915625 0.8145933078125 0.48287298593749994 0.801478759375 0.47191297031249996 0.7924859265624999 0.463692959375 0.7891136140625 0.4596883375 0.7891136140625 0.4558944859375 0.8037344624999999 0.41879904999999995 0.9875554640624999 0.419642128125 1 0.452100634375 1
0 0.4300333 0.1556744390625 0.437054253125 0.15012701875 0.452266315625 0.0135218328125 0.4499259984375 0.002773709375 0.44661054843750003 0 0.42593774531250006 0.000693428125 0.4089704453125 0.1196162171875 0.41111573593750006 0.1477000234375 0.4183317140625 0.1532474421875 0.4300333 0.1556744390625
3 0.7359375 0.49921875 0.0453125 0.05703125
3 0.4453125 0.73046875 0.03671875 0.1421875
3 0.37734375 0.29375 0.04296875 0.053125
1 0.08671875 0.1140625 0.0515625 0.06953125
1 0.18125 0.14921875 0.028125 0.0421875
2 0.4609375 0.334375 0.03125 0.03828125
2 0.52109375 0.3734375 0.0296875 0.0390625
2 0.81484375 0.72578125 0.0375 0.0390625
2 0.83125 0.8390625 0.0375 0.046875
2 0.4765625 0.746875 0.0203125 0.0625
2 0.503125 0.675 0.0203125 0.0625
2 0.72890625 0.76484375 0.03515625 0.05546875
2 0.746875 0.64296875 0.03515625 0.0421875
2 0.778125 0.47109375 0.03125 0.0421875
1 0.29296875 0.24609375 0.04765625 0.0515625
1 0.3140625 0.29453125 0.05390625 0.065625
1 0.11875 0.2578125 0.0515625 0.059375
1 0.553125 0.4375 0.05078125 0.05703125
1 0.48359375 0.6078125 0.021875 0.0984375
1 0.64296875 0.69921875 0.065625 0.0828125
1 0.21015625 0.31640625 0.0515625 0.06015625
1 0.40703125 0.39609375 0.0515625 0.05859375
1 0.4140625 0.27890625 0.0515625 0.06015625
1 0.684375 0.67109375 0.05625 0.05703125
1 0.7984375 0.6671875 0.059375 0.0609375
1 0.80859375 0.575 0.05546875 0.06171875
1 0.95078125 0.8515625 0.06953125 0.08359375
1 0.7890625 0.7625 0.06484375 0.059375
1 0.86875 0.746875 0.05625 0.0609375
1 0.225 0.20859375 0.04609375 0.05390625