2 0.3484375 0.7453125 0.034375 0.04296875
1 0.290625 0.4859375 0.0546875 0.05
1 0.093039771875 0.8194444437499999 0.09161931875 0.8333333328125001 0.10262784062500001 0.8453282828124999 0.1100852265625 0.847853534375 0.11612215937499999 0.8295454546875 0.1196732953125 0.8042929296875 0.12606534062500002 0.7859848484375 0.13423295468750002 0.7569444437499999 0.11505681875 0.7462121203125001 0.11115056875 0.75505050625 0.10262784062500001 0.7765151515625 0.0973011375 0.803030303125 0.093039771875 0.8194444437499999
1 0.2123579546875 0.95517676875 0.2247869328125 0.9387626265625 0.2247869328125 0.9261363640625 0.219815340625 0.9053030312500001 0.1946022734375 0.8333333328125001 0.17294034062500002 0.8541666671874999 0.1715198875 0.8699494937500001 0.1796875 0.9034090906250001 0.2027698875 0.9614898984375 0.2123579546875 0.95517676875
3 0.1734375 0.440625 0.10625 0.07421875
0 0.24765625 0.37890625 0.125 0.06953125
1 0.0859375 0.41328125 0.059375 0.04609375
1 0.02734375 0.40390625 0.053125 0.06015625
1 0.08125 0.3640625 0.05625 0.04140625
1 0.25 0.31796875 0.0578125 0.04296875
2 0.01875 0.3421875 0.0375 0.05625
2 0.17109375 0.3265625 0.03828125 0.0375
2 0.2046875 0.315625 0.0328125 0.04140625
2 0.29765625 0.3328125 0.03515625 0.0453125
1 0.15625 0.2234848484375 0.15625 0.203282828125 0.1061789765625 0.1761363640625 0.0980113625 0.202651515625 0.10333806875 0.2209595953125 0.14630681875 0.24873737343750002 0.15625 0.2234848484375
1 0.5042613640625 0.26704545468749996 0.47904829531250004 0.26704545468749996 0.47975852343750003 0.30618686875 0.48757102343750003 0.371843434375 0.5142045453125 0.3623737375 0.5042613640625 0.26704545468749996
1 0.5138494312499999 0.410353534375 0.49183238593749995 0.40972222187499996 0.48970170468749996 0.42992424375000005 0.49964488593749995 0.510101009375 0.5237926140625 0.49936868749999996 0.5138494312499999 0.410353534375
1 0.46235795468749996 0.07828282812500001 0.46448863593749995 0.1666666671875 0.48792613593749995 0.15972222187500001 0.48650568125 0.0770202015625 0.46235795468749996 0.07828282812500001
2 0.5411931812499999 0.9974747468749999 0.5365767046875 0.9393939390625 0.5170454546875 0.9371893546875001 0.5170454546875 0.9955808078124999 0.5411931812499999 0.9974747468749999
2 0.5305397734375 0.765782828125 0.5326704546875 0.8244949500000001 0.5536221593749999 0.8232323234375001 0.5465198859375 0.7664141421874999 0.5305397734375 0.765782828125
1 0.6058238640625 0.5669191921875 0.5795454546875 0.652777778125 0.6004971593749999 0.6761363640625 0.6267755687500001 0.5864898984375 0.6058238640625 0.5669191921875
1 0.7020596593749999 0.4356060609375 0.6629971593749999 0.4911616171875 0.6814630687500001 0.527777778125 0.7219460234375 0.46275252499999997 0.7020596593749999 0.4356060609375
3 0.5862926140625 0.11931818125 0.5816761359375 0.0757575765625 0.578125 0.06376262656250001 0.55859375 0.08080808125 0.5617897734375 0.12563131249999998 0.5678267046875 0.1628787875 0.5877130687500001 0.15972222187500001 0.5862926140625 0.11931818125
1 0.6072443187500001 0.11679292968749999 0.6001420453125 0.036616160937499996 0.5788352265625 0.0334595953125 0.5788352265625 0.065656565625 0.5866477265625 0.125 0.6008522734375 0.12752525312500002 0.6072443187500001 0.11679292968749999
1 0.546875 0.0334595953125 0.52734375 0.036616160937499996 0.53515625 0.13068181875 0.5571732953125 0.12373737343749999 0.5536221593749999 0.0738636359375 0.546875 0.0334595953125
1 0.5706676140625 0.0012626265625000001 0.5482954546875 0.0018939390625 0.5532670453125 0.0757575765625 0.5720880687500001 0.0757575765625 0.5745738640625 0.0492424234375 0.5706676140625 0.0012626265625000001
1 0.5997869312499999 0 0.6040482953125 0.065656565625 0.6040482953125 0.07954545468749999 0.6271306812499999 0.07449495 0.6278409093749999 0.058712120312500005 0.6242897734375 0 0.5997869312499999 0
2 0.81640625 0.40546875 0.0390625 0.040625
2 0.9765625 0.44375 0.03671875 0.04453125
1 0.86796875 0.5921875 0.06171875 0.053125
1 0.92890625 0.58203125 0.0625 0.05
1 0.98125 0.5671875 0.0375 0.04453125
1 0.92265625 0.63671875 0.0625 0.04765625
1 0.86796875 0.671875 0.0640625 0.05078125
1 0.87265625 0.7171875 0.0625 0.0453125
1 0.94296875 0.684375 0.06953125 0.0421875
1 0.934375 0.73515625 0.0640625 0.04296875
2 0.84375 0.7578125 0.04296875 0.0359375
2 0.9828125 0.740625 0.03359375 0.046875
3 0.9796875 0.61640625 0.03984375 0.046875
1 0.9563210234374999 0.14330808125 0.91015625 0.17550505 0.9215198859375 0.21780303124999997 0.9698153406250001 0.17550505 0.9563210234374999 0.14330808125
1 0.8501420453125 0.11805555625 0.84943181875 0.09280303125 0.8160511359375 0.04482323125 0.7965198859375 0.0707070703125 0.8334517046875 0.13888888906250002 0.8501420453125 0.11805555625