0 0.6487545640625 0.7155838578125 0.635687140625 0.7103241921875 0.6114866921875 0.709605796875 0.59299190625 0.7137225921875 0.5894713578124999 0.8249476921875001 0.61031829375 0.8368545984375 0.6245104421875001 0.837990246875 0.64031220625 0.83737814375 0.648741878125 0.8369333328125 0.6567021546875 0.8332246078125 0.6559751125 0.8145654999999999 0.6585717718749999 0.7261143390625 0.6487545640625 0.7155838578125
3 0.5859375 0.971875 0.084375 0.05625
2 0.24453125 0.12421875 0.03125 0.0390625
2 0.17890625 0.49140625 0.0625 0.0203125
2 0.309375 0.54453125 0.0609375 0.0234375
2 0.31328125 0.50703125 0.0640625 0.0234375
2 0.5625 0.57421875 0.05625 0.021875
2 0.53671875 0.73515625 0.034375 0.034375
2 0.6734375 0.721875 0.03125 0.0328125
2 0.915625 0.5453125 0.059375 0.0203125
1 0.1328125 0.41484375 0.1109375 0.0296875
1 0.19140625 0.4453125 0.103125 0.025
1 0.1609375 0.5203125 0.10625 0.03125
1 0.453125 0.5125 0.096875 0.028125
1 0.6421875 0.5359375 0.09375 0.025
1 0.8109375 0.55703125 0.090625 0.0296875
1 0.815625 0.5265625 0.090625 0.0296875
1 0.9375 0.5703125 0.0875 0.0265625
3 0.9116821359375 0.42830290781249997 0.8964572531250001 0.4259652 0.8727866609375001 0.424960040625 0.8658008859375 0.4331259296875 0.8714242750000001 0.44269589062500003 0.934944690625 0.4526844578125 0.9565051468749999 0.453948778125 0.9594979109375 0.43328144843749994 0.9201123499999999 0.4278580703125 0.9116821359375 0.42830290781249997
1 0.2703125 0.04609375 0.046875 0.0640625
1 0.32265625 0.03828125 0.0515625 0.0734375
1 0.33828125 0.11640625 0.0453125 0.0609375
1 0.43359375 0.05390625 0.046875 0.0640625
1 0.3671875 0.38046875 0.103125 0.0453125
1 0.5171875 0.30078125 0.0859375 0.0546875
1 0.190625 0.92265625 0.103125 0.0359375
1 0.0703125 0.878125 0.121875 0.0421875
1 0.85625 0.0515625 0.0640625 0.0578125
1 0.92578125 0.10546875 0.0984375 0.0515625
1 0.95 0.41875 0.09375 0.0265625