0 0.3038325984375 0.8528217187499999 0.310297121875 0.8544068890625001 0.3138637546875 0.8421218171874999 0.346186371875 0.67488633125 0.3464092859375 0.6657716015624999 0.343511396875 0.6578457484375 0.33437189843750004 0.65348653125 0.327907375 0.6507124828124999 0.32144285156249996 0.6507124828124999 0.3147554140625 0.6538828234375 0.28020364999999997 0.8258738203125 0.28265571093749997 0.8349885499999999 0.2866681734375 0.8425181109375 0.29558475781250004 0.8488587921875 0.3038325984375 0.8528217187499999
0 0.32160995625 0.87321353125 0.318912209375 0.8670472531250001 0.31197514531250004 0.8588255484375 0.306194259375 0.8547146953125001 0.2977156265625 0.8526592687500001 0.2898150828125 0.8567701218750001 0.28075836249999997 0.8858886578125 0.24973427343750002 0.9989370953125001 0.29058586875 1 0.320646475 0.88177780625 0.32160995625 0.87321353125
0 0.48042665781249994 0.6199622828125 0.47959762812499995 0.6085400859375001 0.4779395671875 0.6015393859375 0.4746234453125 0.59785480625 0.38322284375 0.5573244296875 0.37845591875 0.5547452234375 0.37472528125000004 0.5694835421875 0.36995835625 0.59269639375 0.369336584375 0.6022763015625 0.3716164171875 0.61001391875 0.377005115625 0.6133300390625 0.46964926250000005 0.6553342468750001 0.4723436125 0.6549657890625 0.4760742484375 0.6509127515625 0.48042665781249994 0.6199622828125
0 0.56593240625 0.16706643593749998 0.5800517843749999 0.1678894234375 0.6038926984375 0.0238666328125 0.6041241640624999 0.00041149374999999996 0.5782000625 0 0.5582940546875 0.1082228390625 0.5548220765625 0.1456687640625 0.5550535421875 0.16007104218749998 0.56593240625 0.16706643593749998
3 0.4265625 0.3859375 0.0421875 0.0578125
3 0.315625 0.53046875 0.053125 0.05859375
3 0.515625 0.34375 0.08203125 0.07578125
3 0.55234375 0.071875 0.025 0.0640625
1 0.06171875 0.28046875 0.0515625 0.0578125
1 0.12265625 0.33359375 0.0484375 0.06171875
1 0.240625 0.23125 0.05078125 0.053125
1 0.30546875 0.43671875 0.0546875 0.05703125
1 0.3890625 0.453125 0.05625 0.06015625
1 0.4921875 0.559375 0.05546875 0.05390625
1 0.6296875 0.478125 0.05234375 0.05625
3 0.76796875 0.49609375 0.04296875 0.06171875
2 0.55703125 0.6515625 0.034375 0.040625
0 0.9283053593749999 0.489185353125 0.9183104203125 0.497888428125 0.9132109625 0.5055036187499999 0.9087234390625 0.5428543171875 1 0.6066768687499999 0.9999017515625 0.5381401515625 0.9283053593749999 0.489185353125
2 0.5453125 0.128125 0.01640625 0.053125
2 0.2328125 0.5171875 0.03203125 0.046875
2 0.13125 0.39375 0.0328125 0.05
1 0.51796875 0.40859375 0.05078125 0.046875
1 0.6515625 0.5828125 0.05390625 0.05546875
1 0.81640625 0.565625 0.05546875 0.0609375
1 0.878125 0.73359375 0.05859375 0.071875
1 0.934375 0.84140625 0.06484375 0.0765625
2 0.81171875 0.80546875 0.0359375 0.0453125
1 0.85078125 0.3859375 0.05 0.07890625
1 0.83203125 0.30234375 0.04921875 0.08125
1 0.4515625 0.4890625 0.05390625 0.05390625
1 0.375 0.49140625 0.053125 0.046875
1 0.503125 0.12421875 0.02890625 0.07890625
1 0.74375 0.7453125 0.05703125 0.06171875