2 0.8328125 0.70625 0.0515625 0.0453125
1 0.89921875 0.84296875 0.1109375 0.0734375
1 0.96328125 0.79296875 0.0734375 0.0703125
1 0.65859375 0.90859375 0.071875 0.065625
2 0.68515625 0.76796875 0.053125 0.0484375
1 0.5203125 0.7171875 0.053125 0.0625
3 0.49296875 0.8078125 0.0890625 0.1171875
1 0.4921875 0.96640625 0.078125 0.0671875
1 0.4859375 0.90625 0.06875 0.0703125
1 0.434375 0.87109375 0.0609375 0.0640625
1 0.3609375 0.7859375 0.053125 0.0625
1 0.27265625 0.92734375 0.078125 0.0671875
0 0.42578125 0.95078125 0.0859375 0.0984375
0 0.42265625 0.77734375 0.09375 0.140625
2 0.384375 0.86484375 0.046875 0.04375
2 0.365625 0.8328125 0.046875 0.04375
2 0.3328125 0.83203125 0.05 0.04375
2 0.36875 0.7375 0.0421875 0.0390625
1 0.0765625 0.60078125 0.0953125 0.040625
2 0.96640625 0.38671875 0.04375 0.028125
2 0.665625 0.08984375 0.0390625 0.0453125
2 0.65390625 0.2421875 0.0453125 0.04375
1 0.61328125 0.01484375 0.0640625 0.0296875
1 0.54375 0.05546875 0.0640625 0.0765625
1 0.50390625 0.028125 0.0609375 0.05625
1 0.6265625 0.125 0.053125 0.0671875
1 0.60625 0.209375 0.071875 0.078125
1 0.52890625 0.246875 0.05625 0.0640625
1 0.50625 0.33671875 0.0875 0.071875
1 0.6703125 0.37421875 0.06875 0.071875
1 0.40859375 0.45078125 0.1078125 0.0671875
1 0.29375 0.52734375 0.10625 0.0578125
3 0.56953125 0.14296875 0.053125 0.065625
3 0.1 0.490625 0.084375 0.040625
1 0.0671875 0.5296875 0.096875 0.040625
1 0.0296875 0.51484375 0.059375 0.0359375
1 0.06015625 0.47734375 0.0953125 0.0421875
1 0.02734375 0.46171875 0.0546875 0.0390625
1 0.10390625 0.1046875 0.075 0.0703125