0 0.3724660671875 0.7181229484375 0.3743843390625 0.7129447390625 0.37468943593750004 0.70622620625 0.368858953125 0.6953485203125 0.3608723671875 0.688147434375 0.353025915625 0.687594365625 0.3467926390625 0.68858161875 0.1746539953125 0.751505675 0.172815003125 0.757184421875 0.176873759375 0.7655207078124999 0.184247346875 0.774614709375 0.19515237968750002 0.7800708265625 0.2064417859375 0.7793089453125 0.32114803125 0.7370258828125 0.3724660671875 0.7181229484375
0 0.1729247078125 0.7607586984375 0.1676888046875 0.7536350390625 0.1548138515625 0.74438618125 0.1427528921875 0.7460399046874999 0.0397225484375 0.790149153125 0.0465269765625 0.833110625 0.1496592234375 0.786763140625 0.17218638749999998 0.77626843125 0.17419314375 0.7687672875 0.1729247078125 0.7607586984375
0 0.8269220078125 0.3944055640625 0.8344088234375 0.40054360312500004 0.8598761953125 0.394068690625 0.8840348015625 0.3875569375 0.9829396984375001 0.3529346453125 0.9786477765624999 0.3258365109375 0.9695411140625 0.3268974 0.8201754937500001 0.37374673281250004 0.8220992046875001 0.3858925640625 0.8269220078125 0.3944055640625
3 0.91875 0.38828125 0.06875 0.034375
2 0.62265625 0.87421875 0.0515625 0.040625
2 0.41796875 0.6125 0.0484375 0.0375
2 0.1640625 0.72890625 0.071875 0.0359375
2 0.0734375 0.70234375 0.071875 0.0390625
2 0.3609375 0.446875 0.046875 0.0390625
2 0.45 0.28203125 0.0421875 0.0375
2 0.62578125 0.16640625 0.05625 0.0359375
2 0.86640625 0.40390625 0.0546875 0.025
1 0.68671875 0.86171875 0.0671875 0.0609375
1 0.6125 0.93671875 0.0890625 0.05625
1 0.4296875 0.44296875 0.0671875 0.065625
1 0.1671875 0.15234375 0.08125 0.0734375
1 0.38203125 0.16953125 0.0765625 0.065625
1 0.875 0.44609375 0.084375 0.040625
1 0.4609375 0.51328125 0.06875 0.065625
1 0.60859375 0.77109375 0.0609375 0.059375
1 0.61015625 0.70859375 0.0578125 0.0578125
1 0.534375 0.6015625 0.0578125 0.059375
1 0.57109375 0.39609375 0.0625 0.0609375
1 0.5140625 0.6703125 0.0609375 0.0609375
1 0.940625 0.86953125 0.06875 0.05625
1 0.39140625 0.52734375 0.0609375 0.0640625