0 1 0.3752071859375 0.8920319546875 0.375913071875 0.8405612328125001 0.37494890625 0.8256359171875 0.3789667875 0.8229132296874999 0.3830475109375 0.8234910765624999 0.3930519328125 0.8284574953125 0.40491945156250003 0.8365838968749999 0.41259436093749996 0.8465219562499999 0.41502819375 1 0.416172828125 1 0.3752071859375
0 1 0.5469850078125 0.822003990625 0.535806771875 0.8064086843749999 0.5356824062500001 0.8053387781250001 0.539675353125 0.8065059375000001 0.548772590625 0.81254653125 0.5621038265625 0.824387134375 0.5702318640625 0.9954611218749999 0.582765571875 1 0.5658262484375001 1 0.5469850078125
0 0.183293875 0.3245226234375 0.1796891859375 0.315845234375 0.1522537109375 0.306201309375 0.03798556875 0.29240967812499996 0.030872871875000003 0.318954625 0.034876065625 0.32101915625 0.17517974218750001 0.342356703125 0.1825880859375 0.3368386671875 0.183293875 0.3245226234375
3 0.44296875 0.7328125 0.06875 0.0609375
3 0.7515625 0.50625 0.1515625 0.075
3 0.334375 0.32109375 0.0640625 0.05625
1 0.23203125 0.009375 0.0828125 0.01875
1 0.24296875 0.0875 0.05 0.0390625
2 0.35234375 0.41484375 0.046875 0.040625
2 0.375 0.4859375 0.046875 0.040625
2 0.6484375 0.87265625 0.0484375 0.046875
2 0.75625 0.91953125 0.05625 0.0484375
2 0.76015625 0.540625 0.0671875 0.0375
2 0.68125 0.54765625 0.06875 0.0375
2 0.71015625 0.7984375 0.0640625 0.05
2 0.58359375 0.7828125 0.0515625 0.0453125
2 0.40390625 0.76796875 0.05 0.0421875
1 0.309375 0.22421875 0.0640625 0.0625
1 0.35234375 0.2578125 0.08125 0.071875
1 0.36796875 0.05390625 0.0734375 0.0671875
1 0.43046875 0.53515625 0.071875 0.0671875
1 0.61953125 0.5109375 0.1046875 0.0484375
1 0.66796875 0.69453125 0.0984375 0.0875
1 0.4015625 0.1609375 0.0734375 0.0671875
1 0.428125 0.378125 0.071875 0.0671875
1 0.309375 0.35390625 0.0734375 0.0671875
1 0.628125 0.728125 0.071875 0.071875
1 0.59453125 0.84140625 0.0765625 0.0765625
1 0.5 0.8265625 0.075 0.071875
1 0.6921875 0.85703125 0.0765625 0.08125
1 0.65546875 0.93203125 0.075 0.0734375
1 0.28984375 0.146875 0.0671875 0.059375