0 0.1903661890625 0.3519876265625 0.1909763375 0.3698853015625 0.2007387046875 0.387782978125 0.308429834375 0.3948335765625 0.311480575 0.3769359015625 0.3117856484375 0.3536146875 0.3072095390625 0.34222525625 0.2959218 0.3308358265625 0.21690762968750002 0.3302934734375 0.1970778171875 0.32866641093750004 0.19280678125 0.33517465625 0.1903661890625 0.3519876265625
0 0.0267955171875 0.3118935578125 0.0251031703125 0.3244294734375 0.024821110937499998 0.3414783171875 0.0366675515625 0.35802572499999996 0.12579790468750002 0.36103434375 0.1289005421875 0.3434840640625 0.1291826015625 0.31941510625 0.11310529062500001 0.30437200937500003 0.0389240140625 0.3028677 0.0392060734375 0.3018648265625 0.0290519828125 0.30086195312499997 0.0267955171875 0.3118935578125
3 0.23288678593749998 0.392789109375 0.23180106718750002 0.3990621546875 0.1992294890625 0.391341484375 0.182129409375 0.39375419375 0.1718150765625 0.38699860625000004 0.16747220000000002 0.39423673593749997 0.16231503281249998 0.3971319875 0.1593293046875 0.4038875734375 0.159057875 0.4140209546875 0.1636721828125 0.41932891406249995 0.1639436125 0.42656704375 0.168015059375 0.43284008749999997 0.17344365625 0.44200838437499995 0.1818579796875 0.4424909265625 0.1878294359375 0.4487639703125 0.25677261093750003 0.45214176406249995 0.2597583390625 0.4299448359375 0.26084405781250003 0.40581774218750005 0.2594869078125 0.400992321875 0.24998686406249998 0.3956843609375 0.23288678593749998 0.392789109375
3 0.57077731875 0.1436852625 0.5769087171875 0.1486399265625 0.5847123125 0.14764899375 0.5897289109375 0.141703396875 0.588892809375 0.124362071875 0.5874993109375 0.108507146875 0.5883354109375001 0.09859781875 0.5838762125 0.06391516875 0.564924621875 0.0663925 0.564924621875 0.0842292921875 0.57077731875 0.1436852625
3 0.8734375 0.63046875 0.0796875 0.04921875
3 0.24140625 0.58046875 0.0453125 0.04453125
1 0.1171875 0.396875 0.05546875 0.0453125
1 0.0578125 0.3921875 0.0578125 0.05234375
1 0.16015625 0.35390625 0.053125 0.0421875
1 0.25546875 0.30078125 0.05390625 0.0390625
1 0.28984375 0.465625 0.05 0.040625
2 0.24765625 0.76015625 0.0328125 0.0328125
2 0.1640625 0.971875 0.03515625 0.05390625
1 0.1984375 0.8734375 0.05078125 0.115625
1 0.1390625 0.884375 0.04296875 0.1
1 0.0734375 0.915625 0.06796875 0.078125
1 0.39609375 0.6140625 0.0546875 0.04140625
1 0.071875 0.52734375 0.0546875 0.05625
2 0.95859375 0.70234375 0.03828125 0.034375
2 0.74453125 0.734375 0.03515625 0.03125
2 0.7703125 0.6921875 0.034375 0.0296875
2 0.79453125 0.63125 0.03515625 0.03203125
2 0.52734375 0.95625 0.01640625 0.06328125
2 0.175 0.30859375 0.03359375 0.03515625
2 0.20859375 0.296875 0.034375 0.0359375
2 0.2140625 0.265625 0.03203125 0.0296875
2 0.296875 0.31640625 0.03125 0.02890625
1 0.59765625 0.07109375 0.02421875 0.0875
1 0.47890625 0.1375 0.02734375 0.0875
1 0.54609375 0.06875 0.025 0.08671875
1 0.50234375 0.38984375 0.0453125 0.0890625
1 0.53828125 0.3578125 0.04609375 0.0828125
1 0.8609375 0.71171875 0.0609375 0.04609375
1 0.9375 0.58203125 0.06015625 0.0453125
1 0.6234375 0.69375 0.0546875 0.04375
1 0.6859375 0.5265625 0.05859375 0.06796875
1 0.74453125 0.58984375 0.06171875 0.0609375
1 0.7421875 0.634375 0.06171875 0.065625
1 0.80546875 0.5703125 0.05859375 0.040625