0 0.18970519531250002 0.3554677296875 0.1910271828125 0.376031978125 0.202264075 0.391308278125 0.307362075 0.39777132656249997 0.3106670453125 0.388370528125 0.31165853593750004 0.3607556796875 0.30868406406250004 0.3478295796875 0.29645567968750003 0.33490348124999997 0.202264075 0.33314083125 0.196645628125 0.33196573125 0.1923491703125 0.33549103125 0.18970519531250002 0.3554677296875
0 0.1285632765625 0.34312918125 0.1288937734375 0.32256493124999996 0.11402141562500001 0.30846373125 0.0307362078125 0.30611353124999996 0.0264397484375 0.30846373125 0.0244567671875 0.32902798125 0.0237957734375 0.34606693125 0.0363546546875 0.3631058796875 0.1216228421875 0.3642809796875 0.1259193015625 0.3631058796875 0.1285632765625 0.34312918125
0 0.79418394375 0.6903712093750001 0.791209471875 0.6739198109375 0.6841284921875 0.6739198109375 0.6742135859375 0.6739198109375 0.6679341453125 0.6815579609375 0.6672731515625 0.701534659375 0.6699171265625 0.7244491078124999 0.6758660703125 0.7297370562500001 0.7855910265625 0.7262117578125 0.7951754359375001 0.7162234078124999 0.79418394375 0.6903712093750001
3 0.955466409375 0.6304411140624999 0.9521614406250001 0.6322037640625 0.9316706359375001 0.6357290625 0.9293571578125001 0.6398419125 0.9296876562499999 0.6539431125 0.9343146109375 0.6698069609374999 0.98355864375 0.6703945109375 0.9901685796875 0.6615812609375 0.9868636109375 0.6280909140625 0.955466409375 0.6304411140624999
3 0.367512503125 0.5622853171875 0.328513875 0.5587600187499999 0.32322592499999997 0.5669857171875 0.32256493124999996 0.5846122171875 0.32454791250000004 0.594600565625 0.36883449218750003 0.601063615625 0.370817471875 0.593425465625 0.37114796875 0.5658106171874999 0.367512503125 0.5622853171875
3 0.572420553125 0.1486501421875 0.5777085046875 0.1510003421875 0.58398794375 0.14982524218749999 0.58927589375 0.1421870921875 0.5882844031250001 0.12221039375000001 0.58663191875 0.10987184375 0.5872929124999999 0.10282124374999999 0.5836574484375 0.0640429453125 0.5648191265625 0.0705059953125 0.5631666421875 0.09048269375 0.572420553125 0.1486501421875
3 0.21614494374999998 0.39777132656249997 0.2078825234375 0.3989464265625 0.1973066234375 0.3954211265625 0.1807817796875 0.39777132656249997 0.17119737031249999 0.391895828125 0.167231409375 0.3983588765625 0.163265446875 0.3983588765625 0.159299484375 0.4030592765625 0.157316503125 0.41481027656249997 0.163265446875 0.42244842499999996 0.165578925 0.43596207500000006 0.1708668734375 0.44301267343750006 0.17945979375 0.4441877734375 0.1864002265625 0.45417612343749997 0.2376272390625 0.45770142343750003 0.257787546875 0.45770142343750003 0.261092515625 0.43243677500000005 0.2614230140625 0.4089347765625 0.25944003125 0.40423437656249994 0.2482031390625 0.3983588765625 0.233991775 0.39777132656249997 0.2313477984375 0.4030592765625 0.22011090625000002 0.4012966265625 0.21614494374999998 0.39777132656249997
2 0.537718384375 0.98825904375 0.5354049062499999 0.9394923953125 0.531108446875 0.9353795453125 0.5271424859375 0.9283289453125001 0.523176521875 0.9306791453125 0.520532546875 0.9430176953125 0.5195410578125 0.99060924375 0.5258204984375 0.9929594421875001 0.53408291875 0.9947220921875 0.537718384375 0.98825904375
2 0.2614230140625 0.7473635562500001 0.23465276875000002 0.74971375625 0.23200879218749998 0.76087720625 0.23465276875000002 0.7738033062499999 0.257787546875 0.7808539046874999 0.264397484375 0.77556595625 0.265058478125 0.7567643562499999 0.2614230140625 0.7473635562500001
2 0.19185825625 0.3154871875 0.1903892046875 0.3071299109375 0.185982046875 0.3050405921875 0.1798120265625 0.29459399531249997 0.15807005000000002 0.296160984375 0.15807005000000002 0.31496485625 0.16100815468750002 0.332201740625 0.1830439421875 0.32697844374999996 0.187744909375 0.31757650625 0.19185825625 0.3154871875
2 0.215363096875 0.3128755390625 0.2238836015625 0.30660758125 0.2256464640625 0.3003396234375 0.22065168750000003 0.2909376875 0.211837371875 0.28205808125 0.194208740625 0.2841474 0.1921520671875 0.3019066125 0.195090171875 0.32018815625 0.215363096875 0.3128755390625
2 0.2814704609375 0.3348133890625 0.3005681421875 0.3358580484375 0.3085010265625 0.33272406875 0.313789615625 0.3264561125 0.309088646875 0.318621165625 0.30673816249999997 0.3113085484375 0.3020371953125 0.307652240625 0.284408565625 0.3055629203125 0.281764271875 0.307652240625 0.2814704609375 0.3238444640625 0.2814704609375 0.3348133890625
1 0.1463176296875 0.40219393124999997 0.14014760937499998 0.38391238906249997 0.094019359375 0.378689090625 0.090199825 0.380778409375 0.0881431515625 0.40532790937499996 0.0972512765625 0.41786382343749995 0.1351528296875 0.4236094515625 0.141910471875 0.420997803125 0.1463176296875 0.40219393124999997
1 0.17746154375 0.3410813453125 0.1380909359375 0.33742503749999997 0.1325085359375 0.352050271875 0.1354466421875 0.368764825 0.18098726874999999 0.376599771875 0.18656966875 0.36510851718750004 0.185100615625 0.34891629375 0.17746154375 0.3410813453125
1 0.2644294515625 0.47949873906249996 0.27001185 0.48628902500000004 0.28940334375 0.487856015625 0.3032124375 0.492034653125 0.3126143734375 0.48681135624999994 0.3140834265625 0.47323078125 0.3140834265625 0.4570385578125 0.3076195953125 0.45285991875000003 0.2911662078125 0.45285991875000003 0.2732437671875 0.4502482703125 0.2682489875 0.4481589515625 0.265017071875 0.4575608875 0.2644294515625 0.47949873906249996
1 0.20126019374999998 0.9328809874999999 0.20860545625000002 0.9365372953125 0.22329598125 0.9182557546875 0.22241455000000002 0.905197509375 0.19567779375 0.8221470734375 0.18568823750000002 0.8221470734375 0.17540487031250002 0.83781696875 0.17364200624999998 0.8498305531250001 0.17658011093749998 0.862888796875 0.20126019374999998 0.9328809874999999
1 0.1292766203125 0.81326746875 0.12751375781250002 0.79968689375 0.1219313578125 0.7881956390625 0.11311704375000001 0.7902849562500001 0.0731588140625 0.8482635625 0.0775659734375 0.8634111265625 0.08549885625 0.8738577218750001 0.1178180109375 0.8331160000000001 0.1292766203125 0.81326746875
1 0.4536434140625 0.171846496875 0.458932003125 0.18229309375 0.4683339390625 0.183337753125 0.476266821875 0.17550280625 0.4750915796875 0.16244456093749998 0.4677463171875 0.096631009375 0.46157629843750003 0.087751403125 0.44982387656249995 0.0924523703125 0.44600434062499994 0.10028731875 0.446885771875 0.11021158281250001 0.4536434140625 0.171846496875
1 0.59437864375 0.11647954218750001 0.6043682015625 0.1170018703125 0.6084815484375 0.105510615625 0.6034867703125 0.0370854140625 0.59996104375 0.02925046875 0.587621003125 0.030295128124999997 0.58527051875 0.04021939375 0.5890900546875 0.11021158281250001 0.59437864375 0.11647954218750001
1 0.7342324437500001 0.387568696875 0.729531475 0.38025608125 0.7221862125 0.37712210156250003 0.7177790546875 0.3792114203125 0.696037078125 0.4591278765625 0.71190284375 0.47323078125 0.7174852453125 0.46173952656250006 0.7345262531250001 0.3974929625 0.7342324437500001 0.387568696875
1 0.6970907421875 0.5245292609375001 0.6867743890625 0.52295724375 0.6799950703125 0.5297693140625 0.6785213046874999 0.5512535296875 0.6817635875 0.5591136078125001 0.72980831875 0.5805978234375 0.73717714375 0.568021696875 0.7389456625 0.5397254140625 0.6970907421875 0.5245292609375001
1 0.5464719812500001 0.6943069640624999 0.5099226140625001 0.693258953125 0.500785271875 0.696926990625 0.49842725000000004 0.7157911796875001 0.4999010140625 0.7304633265625 0.5084488484375 0.732559346875 0.550893275 0.7341313625 0.5559040765625001 0.72836730625 0.5559040765625001 0.70111903125 0.5464719812500001 0.6943069640624999
1 0.62752904375 0.6230422484375 0.617212690625 0.6198982171874999 0.584200359375 0.6146581656250001 0.5759472765625 0.61885020625 0.5753577703125 0.637190390625 0.574768265625 0.6502905218749999 0.5800738187500001 0.6565785843749999 0.5800738187500001 0.65500656875 0.6216339843750001 0.660770628125 0.627823796875 0.6591986109375 0.6307713265625 0.640334421875 0.62752904375 0.6230422484375
1 0.956178590625 0.5984140015625 0.9567680953125001 0.5874098921875001 0.9555890843749999 0.5711657296875 0.9505782843749999 0.5664496812500001 0.9113761406249999 0.5659256765625 0.9016492921875001 0.5674976921875 0.8969332453125001 0.5774537921875 0.8984070109375001 0.59893800625 0.905186328125 0.6083701015625 0.95146254375 0.6067980859375 0.956178590625 0.5984140015625
1 0.9016492921875001 0.666534684375 0.9019440453125 0.6529105484375 0.8987017640625 0.63614238125 0.8942804687500001 0.6314263328124999 0.8597943734375001 0.63509436875 0.8491832671875 0.63509436875 0.8432882078124999 0.6460984812499999 0.8429934546875 0.6618186374999999 0.8482990078125001 0.6733467531249999 0.8936909625 0.6733467531249999 0.9016492921875001 0.666534684375
1 0.7725474984375 0.624090259375 0.7675366984374999 0.6146581656250001 0.7289240609375 0.605750075 0.7218499890625 0.6052260703125001 0.7180182015625001 0.6130861484375 0.7165444359375 0.624614265625 0.719491965625 0.63509436875 0.72479751875 0.6419064375 0.76223114375 0.650814528125 0.7684209578125001 0.6513385328125 0.7710737328125 0.6392864109375 0.7725474984375 0.624090259375
1 0.9614841421874999 0.1854978609375 0.970031978125 0.1781617875 0.9703267328124999 0.1666336703125 0.9647264265625 0.153009534375 0.9591261187500001 0.1482934875 0.9473360015625 0.15510555625 0.9234610125 0.169777703125 0.917565953125 0.17396974375000002 0.9169764468749999 0.1823538296875 0.9211029890625 0.1980739859375 0.9255242828125001 0.20750608124999997 0.9408514374999999 0.20017000624999998 0.9614841421874999 0.1854978609375
1 0.1584098296875 0.19815531875 0.1556838484375 0.18900140468749999 0.11782299062499998 0.1669243171875 0.1123710265625 0.16530891875 0.1078277234375 0.17177050625 0.10601040312500001 0.1836167484375 0.1066161765625 0.1965399203125 0.1453856953125 0.2234631984375 0.150534771875 0.2234631984375 0.156592509375 0.2143092828125 0.1584098296875 0.19815531875