0 0.30039683125 0.8385033421875001 0.3385106203125 0.6610847718749999 0.3377583734375 0.6490488390625 0.32948367031250003 0.6423622109375 0.31970447343749997 0.6370129062500001 0.31193126718749997 0.63790445625 0.30766854062500004 0.6405791078124999 0.3006475796875 0.6682171765625 0.269554753125 0.8108652734374999 0.2760742171875 0.826467409375 0.28710715468750003 0.8340455890625 0.30039683125 0.8385033421875001
0 0.31092827343749996 0.85900900625 0.3079192890625 0.8527681515625 0.30139982656250003 0.845635746875 0.292623625 0.83984066875 0.287357903125 0.8389491171874999 0.2820921828125 0.8385033421875001 0.27707721093750004 0.8438526468750001 0.269554753125 0.8683702875 0.23169171249999998 0.9998740015625 0.27381747968750003 0.9994282265625 0.3096745296875 0.8688160625 0.31092827343749996 0.85900900625
0 0.4199877890625 0.1710736625 0.4270022 0.17224273125 0.4638278515625 0.05533590000000001 0.46317025 0.043255528125 0.460978246875 0.0311751546875 0.45900544375 0.026888571875 0.4537446375 0.0210432296875 0.447387828125 0.018315403124999997 0.442784621875 0.016366956250000002 0.438400615625 0.0272782609375 0.40442456718750003 0.12937689218749998 0.40486296875 0.15821391093749998 0.41253497968749997 0.1660077 0.4199877890625 0.1710736625
0 0.565044453125 0.1613136 0.5750986250000001 0.1648884171875 0.579623003125 0.1622073046875 0.6045070781249999 0.02010834375 0.60475843125 0 0.5788689390624999 0.0004468515625 0.5582578875 0.1036696828125 0.5532308015625 0.145673778125 0.5537335109375 0.1568450796875 0.565044453125 0.1613136
0 0.229797953125 0.1807538984375 0.2382910140625 0.1617725828125 0.23780569687500003 0.15487028593750002 0.2290699765625 0.129418065625 0.22251818750000002 0.1203588015625 0.149720525 0.07247411718749999 0.145352665625 0.06816018125 0.14049948750000002 0.0776508390625 0.134675675 0.09533797499999999 0.145352665625 0.129418065625 0.2215475515625 0.184636440625 0.2264007296875 0.185499228125 0.229797953125 0.1807538984375
3 0.25390625 0.47421875 0.046875 0.05703125
2 0.1765625 0.2453125 0.03125 0.040625
2 0.1703125 0.45859375 0.03359375 0.04609375
2 0.265625 0.39921875 0.03046875 0.04375
2 0.34765625 0.53203125 0.028125 0.04375
2 0.5109375 0.65625 0.03125 0.04140625
2 0.58828125 0.665625 0.03203125 0.04375
2 0.6203125 0.7078125 0.0328125 0.04296875
2 0.68359375 0.75390625 0.03515625 0.04453125
2 0.87421875 0.53828125 0.0328125 0.04140625
2 0.54375 0.1234375 0.0171875 0.05234375
1 0.05546875 0.26171875 0.04609375 0.0546875
1 0.06328125 0.18671875 0.0484375 0.059375
1 0.0921875 0.06875 0.04453125 0.0578125
1 0.0578125 0.07734375 0.0453125 0.05859375
1 0.19140625 0.20078125 0.05546875 0.065625
1 0.21484375 0.28125 0.04921875 0.05703125
1 0.20390625 0.359375 0.05390625 0.05625
1 0.203125 0.39921875 0.0515625 0.05546875
1 0.175 0.42578125 0.0515625 0.05859375
1 0.13203125 0.3640625 0.0484375 0.0546875
1 0.06484375 0.3203125 0.0484375 0.05703125
1 0.31484375 0.47265625 0.04921875 0.05859375
1 0.3359375 0.428125 0.053125 0.05703125
1 0.43203125 0.53203125 0.05546875 0.0578125
1 0.4359375 0.5875 0.0578125 0.0625
1 0.56171875 0.42421875 0.0546875 0.06171875
1 0.37421875 0.31171875 0.053125 0.06875
1 0.55390625 0.54609375 0.05390625 0.05703125
1 0.62421875 0.57890625 0.05546875 0.06015625
1 0.62265625 0.63515625 0.0515625 0.05546875
1 0.6953125 0.68984375 0.05546875 0.0609375
1 0.7359375 0.64453125 0.0578125 0.06015625
1 0.85390625 0.7140625 0.06328125 0.07109375
1 0.89296875 0.803125 0.06640625 0.07578125
1 0.9390625 0.64453125 0.0515625 0.06875
1 0.7609375 0.515625 0.05546875 0.06484375
1 0.765625 0.74609375 0.059375 0.06328125