0 0.7045287499999999 0.36691179687500003 0.7005092562499999 0.376861996875 0.69959835 0.40294694062499997 0.702040109375 0.41905839843750003 0.8092522484375 0.41746026562500005 0.8211886875 0.40066378125 0.8222880921875 0.37874035625 0.81999125 0.35847902187499997 0.8082803609375 0.35925719375 0.716278865625 0.35545086718749996 0.7045287499999999 0.36691179687500003
3 0.7518833671875 0.47994797812499995 0.8195634593750001 0.4801717703125 0.828200465625 0.4740544375 0.8333830609374999 0.472095771875 0.8407808781250001 0.4670049875 0.8451366953124999 0.46287780156249997 0.8476131109375 0.4522660421875 0.8524186515625001 0.4438752640625 0.8522654765625 0.4310320296875 0.8449216703125 0.425961371875 0.8424599890625 0.41892155156250005 0.8305737984375 0.423320684375 0.8185737046874999 0.4223667203125 0.8061985171874999 0.4235393046875 0.794405609375 0.425267134375 0.7795893578124999 0.42742430000000003 0.7780104265625 0.42095021875 0.7610722375 0.4235681953125 0.7515897953125 0.4280512703125 0.7492812890625 0.43385468437499997 0.74829051875 0.453611828125 0.7518833671875 0.47994797812499995
3 0.431882828125 0.114434453125 0.4295336953125 0.12637651875 0.4278299125 0.14750234375 0.43307786875 0.15398394375 0.44105859374999995 0.1559803671875 0.44441464062499997 0.152089528125 0.45457424062499996 0.1009124484375 0.4549295125 0.07229604375000001 0.4373399671875 0.06881892187500001 0.430835971875 0.10752698125 0.431882828125 0.114434453125
2 0.856192715625 0.2983368 0.8521750750000001 0.3043998203125 0.8474824859375 0.30254413750000003 0.8471677796874999 0.31155615625 0.8508903812499999 0.3139419046875 0.8537237359375001 0.32362779375 0.870833621875 0.342271303125 0.8737829265625001 0.33955460312499997 0.8819144828125 0.315589228125 0.8787446843750001 0.306455528125 0.8626461921875 0.2951785328125 0.856192715625 0.2983368
2 0.85604569375 0.3479582140625 0.8567951890625001 0.33557775 0.8570094828125001 0.32035890624999996 0.8376273125000001 0.32137388125 0.8314709390624999 0.3251064609375 0.8283446109374999 0.3328924203125 0.8245236640625 0.333322928125 0.82361475 0.34118632031249996 0.8270205781250001 0.34356100624999997 0.8305858265625 0.35045276406250003 0.8380900359375 0.3535345078125 0.8509007125 0.359057309375 0.85604569375 0.3479582140625
2 0.7967221671875 0.312050309375 0.793991290625 0.317594325 0.7897355562499999 0.321393278125 0.7898163 0.328163353125 0.7944892203125 0.3305822875 0.7990834640625 0.3352542265625 0.8152409625000001 0.34484146718750003 0.8212182484375001 0.337155065625 0.8231364890625 0.3276351078125 0.8248953125 0.3135980734375 0.8190143046875 0.30944513906250004 0.8041653046875 0.307798725 0.7967221671875 0.312050309375
2 0.7038947234374999 0.332323071875 0.7009810234375 0.3395794921875 0.6981956453125 0.343161309375 0.6985294625 0.350531140625 0.7024041000000001 0.34961527812500004 0.7057268703124999 0.356038315625 0.72941850625 0.354763309375 0.7303572625 0.344810003125 0.7308705437499999 0.3301115859375 0.727437784375 0.3268382078125 0.710813309375 0.3288855890625 0.7038947234374999 0.332323071875
2 0.7310996734375 0.7757902999999999 0.7292275421875 0.7876500578125001 0.7293398437499999 0.8011345609375 0.732290321875 0.8084963703125 0.7609223468749999 0.8069038031250001 0.76297721875 0.798161334375 0.764558109375 0.7862914078125 0.7618988734375 0.77893976875 0.7551822484375 0.7792237046875 0.7398007328125 0.777131115625 0.7310996734375 0.7757902999999999
2 0.22427593125 0.751674728125 0.229096909375 0.7502523640625001 0.230212365625 0.743928453125 0.22591115468749998 0.739006103125 0.22077189531250002 0.7324637734375 0.215112865625 0.7322661546875 0.1947855234375 0.7336772640625 0.193448140625 0.7463562875 0.193710940625 0.7559097609375 0.1973055 0.7639888640625 0.21979172500000002 0.760532190625 0.22427593125 0.751674728125
1 0.6926743265625 0.478556959375 0.69212614375 0.494254840625 0.691968853125 0.5069243671875 0.696633459375 0.512157265625 0.73495455 0.5089324625 0.7407034109375 0.5076122140625 0.7429426546875 0.49248038593750004 0.7411771453125 0.4777157109375 0.737366909375 0.47251264531250003 0.7307990421875 0.47279029218749996 0.699970925 0.473741753125 0.6926743265625 0.478556959375
1 0.93217393125 0.4463604046875 0.9368171390625 0.4358755328125 0.9361889343750001 0.413038559375 0.92947774375 0.40925519374999997 0.9226250859375 0.40952289375 0.9111627265625 0.41115062187499996 0.8924726484375001 0.40745594531249996 0.8808511421875 0.413641125 0.8791461125 0.42980560937499995 0.8814458374999999 0.44560294375 0.8895632984375 0.449942415625 0.919554728125 0.4484547359375 0.93217393125 0.4463604046875
1 0.8831787999999999 0.39597738125 0.8847069937500001 0.38487672812499996 0.8844361718749999 0.3681362453125 0.8783476125 0.36285361875 0.8640373484375001 0.364381896875 0.83735730625 0.36902721875 0.8302040312500001 0.37790343437499996 0.8310444374999999 0.3946638078125 0.836653690625 0.4055067046875 0.8767896234375 0.3993032703125 0.8831787999999999 0.39597738125
1 0.877614025 0.9248868296874999 0.8783958359374999 0.9105023234375 0.8681503109375001 0.8917570640625 0.861468046875 0.8910267562499999 0.8573172874999999 0.8978392328125 0.828978078125 0.9490302843749999 0.8285967515625 0.9599500624999999 0.839541059375 0.9826953968750001 0.8460135046874999 0.9814305421875 0.8713705515625 0.935601896875 0.877614025 0.9248868296874999
1 0.8198884078124999 0.8731751203125 0.8133256531249999 0.8610189328125 0.8043563703125001 0.85374829375 0.798669375 0.8565314515625 0.7694115140625 0.9340292453125001 0.7685257078125 0.9513918703125 0.7843368953125001 0.9708284468749999 0.790703521875 0.9645903078125 0.8187754500000001 0.8890389390625 0.8198884078124999 0.8731751203125
1 0.08280570312499999 0.7522385140625001 0.087698421875 0.747675178125 0.0902988 0.7325113625 0.0888542640625 0.7145761875 0.08006340468749999 0.7121651171875001 0.039065790625 0.7086293640625 0.03332334375 0.7121109828125001 0.030466110937500002 0.73463013125 0.031058987500000003 0.7430671765625 0.074200240625 0.7529900484375001 0.08280570312499999 0.7522385140625001
1 0.031630662500000004 0.6589237046875 0.025594665625000002 0.6708114171874999 0.025561828125 0.688695 0.0294232765625 0.6967201671875001 0.075906484375 0.7041296328125 0.08635818281249999 0.7013384859375 0.0923207921875 0.6915522968750001 0.09506794375 0.672185434375 0.08985755 0.6604310109375 0.0765978765625 0.6589159296875 0.0382411875 0.6559984203125 0.031630662500000004 0.6589237046875
1 0.1120970953125 0.2677471515625 0.105983478125 0.251524359375 0.0983672859375 0.2450612453125 0.09325569218749999 0.2500470359375 0.0747498625 0.27264010625 0.0680077125 0.282733246875 0.0640564671875 0.2877595578125 0.060415209375 0.30054312968749997 0.066638790625 0.32193405468749997 0.0768098359375 0.32177280625 0.109670221875 0.27902384375 0.1120970953125 0.2677471515625
1 0.193555296875 0.42191920468750005 0.1944099890625 0.406599671875 0.19261087500000001 0.3940299421875 0.1857045125 0.39037779375000004 0.14483194531250002 0.398046421875 0.138806353125 0.405794940625 0.13827099375000002 0.42112562656249997 0.13937195625 0.43537646093750004 0.1475358234375 0.43964101875 0.18433637187500002 0.4295562109375 0.193555296875 0.42191920468750005
1 0.41820800625 0.0389898203125 0.41366655 0.07258726875 0.409947628125 0.1089357046875 0.413313728125 0.11776448749999999 0.4211703015625 0.12076110468750001 0.42837524374999997 0.1161126375 0.4353573359375 0.056466709375 0.43606194531250003 0.045057815625 0.43430094218750004 0.034107275 0.4221817703125 0.0304173515625 0.41820800625 0.0389898203125
1 0.48930341093749996 0.043445846875 0.486011828125 0.0353897109375 0.4736142015625 0.0323097125 0.47012144375 0.038540696875 0.45971020625000003 0.10647138281249999 0.4625751546875 0.1182185109375 0.47374633125 0.12231450937499999 0.479970903125 0.1145906828125 0.485092459375 0.07876945937499999 0.48776305625000005 0.0534509015625 0.48930341093749996 0.043445846875
2 0.5126557640625 0.23880353125 0.5180348796875001 0.2401977640625 0.5271200281249999 0.2423246109375 0.5297863375 0.2339729875 0.53181044375 0.1954391734375 0.5286325828125 0.18929625 0.5228936015625 0.1884926453125 0.5186383625000001 0.1937728046875 0.5149179234375 0.22259625624999999 0.5126557640625 0.23880353125
1 0.7374108625 0.309759565625 0.7324602687499999 0.323753934375 0.73381675625 0.33966862343750004 0.739706696875 0.344407825 0.7795558625 0.34409931875 0.7868969640625 0.343788984375 0.78884433125 0.33365657031249996 0.78913873125 0.3160994625 0.78497874375 0.3074538421875 0.7709331781250001 0.3080967421875 0.743915596875 0.30601988593749996 0.7374108625 0.309759565625
1 0.2978400015625 0.6025776234375 0.2993408375 0.5913087859374999 0.296227140625 0.5774176671875 0.291698446875 0.572337240625 0.27991407968750004 0.5768480031250001 0.2516811109375 0.592597840625 0.2423165046875 0.5991620156249999 0.24112649843749998 0.60945725 0.2422875796875 0.6237724124999999 0.2462461203125 0.6293251546875 0.25573270625 0.6271952953125 0.29367725 0.610800134375 0.2978400015625 0.6025776234375
1 0.1418055328125 0.6455233375 0.1436383296875 0.6322100859375 0.14077418125000002 0.616300584375 0.13027079218749998 0.6135015703125 0.103608253125 0.613178553125 0.086829615625 0.6138087421875 0.083204209375 0.629491621875 0.082652803125 0.6452818515625001 0.08897269375 0.6503670015624999 0.1332476640625 0.6555614609375 0.1418055328125 0.6455233375