0 0.29362661874999996 0.85945478125 0.3024028203125 0.8621294328125 0.30766854062500004 0.85945478125 0.342522596875 0.6815904359375 0.342522596875 0.6753495828125 0.3407673578125 0.6677714015625 0.332492653125 0.6610847718749999 0.3209582171875 0.65707279375 0.314438753125 0.6584101203125 0.3096745296875 0.6610847718749999 0.2991430890625 0.7141320328125 0.27557271875 0.8327082640624999 0.2765757140625 0.8438526468750001 0.28359667499999996 0.8536597031250001 0.29362661874999996 0.85945478125
0 0.3176984859375 0.87773156875 0.30666554687500003 0.8665871859375001 0.2988923390625 0.862575209375 0.290868384375 0.862575209375 0.2838474234375 0.8656956359375 0.27707721093750004 0.8893217265625 0.246987378125 1 0.2901161390625 0.9998740015625 0.317949234375 0.8897675015625 0.3176984859375 0.87773156875
0 0.5736196390625 0 0.5535763578124999 0.11029107499999999 0.5509516421875 0.13489446875 0.5485655375 0.1607704515625 0.5557238515625 0.1671333984375 0.5647910515625 0.17052696875 0.5769601859375 0.17052696875 0.599628184375 0.017392053125 0.5989123515625 0 0.5736196390625 0
3 0.54765625 0.07578125 0.025 0.06484375
2 0.11796875 0.44140625 0.03359375 0.0453125
2 0.40546875 0.6 0.03125 0.0421875
2 0.33125 0.8671875 0.02421875 0.0671875
2 0.371875 0.95078125 0.02734375 0.06796875
2 0.5765625 0.63046875 0.0328125 0.0421875
2 0.72421875 0.51875 0.03125 0.0375
2 0.81015625 0.328125 0.02890625 0.05390625
2 0.540625 0.13046875 0.0171875 0.053125
1 0.12109375 0.37578125 0.05078125 0.0578125
1 0.05859375 0.46015625 0.04453125 0.08203125
1 0.56953125 0.5625 0.05625 0.0578125
1 0.89375 0.77421875 0.06171875 0.071875
1 0.84453125 0.5671875 0.05546875 0.06875
1 0.4984375 0.128125 0.028125 0.0796875
1 0.496875 0.54296875 0.05546875 0.06015625
1 0.221875 0.43828125 0.0515625 0.05234375
1 0.28203125 0.428125 0.04921875 0.05
1 0.3984375 0.48515625 0.0515625 0.04921875
1 0.59375 0.4171875 0.0515625 0.05390625
1 0.334375 0.51484375 0.05234375 0.05234375
1 0.07421875 0.1296875 0.04609375 0.0625
1 0.49296875 0.61328125 0.05546875 0.05234375