0 0.273903015625 0.9870676015625 0.2854444515625 0.99292991875 0.33696872187500004 0.7978320140624999 0.337793109375 0.787572959375 0.3357321390625 0.78244343125 0.32831264375 0.77548193125 0.3233663140625 0.772550771875 0.31780169375 0.7699860078125 0.31326755781250004 0.7677876390625 0.30832122812499996 0.7710851921875 0.30275660625 0.781344246875 0.29100907343750004 0.8220140703125001 0.2914212671875 0.8229227296875001 0.25329330781250003 0.9610535718750001 0.252262821875 0.9691142562499999 0.264628646875 0.9815716796875 0.273903015625 0.9870676015625
0 0.44058937656249997 0.9702604015625 0.45153317812499993 0.9767456187500001 0.46267964375000004 0.9742235890625001 0.49328175781250005 0.779667103125 0.494092409375 0.7688584109375001 0.490444475 0.7551673984375 0.47848735781249996 0.7472410234375 0.47281279375 0.7457998640625 0.4693675234375 0.7457998640625 0.4649089359375 0.7483218921875 0.46045035 0.779667103125 0.4608556765625 0.7803876828125 0.433901496875 0.9385549015624999 0.4332935078125 0.9479224359374999 0.433901496875 0.9630546062500001 0.44058937656249997 0.9702604015625
0 0.4047193421875 0.21507738125000003 0.41341485312500004 0.2197821984375 0.421543265625 0.2201182578125 0.42967167812499996 0.21776584843750002 0.4438491421875 0.086030953125 0.44290397812500004 0.07426890781249999 0.4419588140625 0.06721168125 0.4400684859375 0.061834746875 0.4353426640625 0.058138104687500004 0.4260800546875 0.0574659875 0.4202200359375 0.057802046875 0.4171955109375 0.06317898125 0.4151161484375 0.0883833609375 0.4151161484375 0.088047303125 0.40301804687500004 0.1838239484375 0.40320707968749997 0.1898730015625 0.4033961125 0.20398745312500002 0.4047193421875 0.21507738125000003
3 0.2046875 0.19453125 0.04375 0.05234375
3 0.41015625 0.346875 0.0453125 0.05625
3 0.64453125 0.8828125 0.07890625 0.08515625
3 0.4484375 0.71484375 0.0359375 0.140625
2 0.11796875 0.09609375 0.0296875 0.04375
2 0.26484375 0.228125 0.03046875 0.0421875
2 0.2875 0.26875 0.03046875 0.03984375
2 0.32421875 0.25390625 0.03046875 0.0390625
2 0.47109375 0.33046875 0.02890625 0.0375
2 0.51484375 0.60546875 0.02109375 0.0640625
1 0.14140625 0.19453125 0.053125 0.06875
1 0.13671875 0.15234375 0.046875 0.05546875
1 0.20625 0.159375 0.05 0.05390625
1 0.04609375 0.2 0.0515625 0.06328125
1 0.346875 0.31484375 0.04921875 0.05703125
1 0.39453125 0.39375 0.053125 0.05234375
1 0.19921875 0.29765625 0.05 0.059375
2 0.72109375 0.8 0.03515625 0.03984375
1 0.8 0.66875 0.05859375 0.059375
1 0.30546875 0.3609375 0.05078125 0.05390625
1 0.446875 0.578125 0.03125 0.09375
1 0.4921875 0.48671875 0.0265625 0.09296875
1 0.69296875 0.740625 0.06796875 0.06953125
1 0.68984375 0.67421875 0.05546875 0.05625
1 0.78984375 0.7640625 0.0640625 0.05859375
1 0.90703125 0.76796875 0.0578125 0.07109375
1 0.80390625 0.8421875 0.05859375 0.04921875
2 0.89921875 0.8765625 0.03984375 0.04296875
2 0.73203125 0.83828125 0.03515625 0.0359375
1 0.0328125 0.0671875 0.04453125 0.0578125