0 0.293192159375 0.3225102484375 0.3037357046875 0.32547539375 0.31942021249999997 0.325121921875 0.351634275 0.317029584375 0.353173509375 0.30952179062499996 0.3301709953125 0.2034238859375 0.31387442656250003 0.196246875 0.302217515625 0.1950861328125 0.276182340625 0.2016869421875 0.26798296875 0.207956971875 0.270945890625 0.22070123437500003 0.284607028125 0.3103553125 0.293192159375 0.3225102484375
3 0.400343525 0.2138517546875 0.378165165625 0.136125696875 0.36906496093749996 0.1362659734375 0.3669303359375 0.1278563515625 0.3638444765625 0.1214448796875 0.3536113125 0.11885625468750001 0.3435659609375 0.1173327671875 0.3337710234375 0.117229459375 0.324032603125 0.12114310937499999 0.3196581375 0.12960220625000002 0.3164853265625 0.1374833359375 0.31792521875 0.1456493734375 0.325442059375 0.14761870625 0.32250748749999997 0.164243840625 0.3291861265625 0.176245234375 0.3379367859375 0.1963012046875 0.33256065625 0.19907958125 0.3360725703125 0.21530019375 0.3433207328125 0.22683508125000001 0.3538730046875 0.22753701875000001 0.3782755703125 0.221769853125 0.400343525 0.2138517546875
3 0.091684078125 0.6612241109375 0.10967465937500001 0.6605936734375 0.12893077343749998 0.657516025 0.1338736546875 0.6534672265625 0.13575270781249998 0.6448750921874999 0.13241720937499998 0.6387910406249999 0.066049765625 0.640961709375 0.0463536984375 0.64475238125 0.044893465625000004 0.66534415625 0.08361774375 0.66359959375 0.091684078125 0.6612241109375
3 0.44760523281250003 0.9535572078125 0.4526340859375 0.9629172515625 0.4624574390625 0.9649802281250001 0.48283697343750004 0.9617662765625001 0.49136232343749997 0.9564679296874999 0.493340878125 0.9485288593750001 0.4762424140625 0.909038675 0.4388247984375 0.9152569015625 0.435866434375 0.9214711890625 0.4457168203125 0.9466794984375 0.44760523281250003 0.9535572078125
2 0.23884045468749998 0.1094010140625 0.2459949046875 0.1115633296875 0.25038533749999997 0.11725643125 0.2593279484375 0.11035363437500001 0.2666965453125 0.1022066734375 0.2732971125 0.0820214875 0.26923196250000003 0.0781731625 0.2534077828125 0.0767787 0.2381691125 0.0787048375 0.23316786406249998 0.0849126640625 0.23425485 0.1026010484375 0.23884045468749998 0.1094010140625
2 0.23946751718749998 0.16673485937500002 0.2443196734375 0.1712052640625 0.2483197671875 0.1746846328125 0.25501881718749997 0.1742642625 0.2581144421875 0.1687728734375 0.263310859375 0.1636719125 0.2714077328125 0.1519726984375 0.274450953125 0.13850159374999998 0.25836654531250003 0.135631309375 0.244571778125 0.13806369999999998 0.236155946875 0.14411275625 0.23553880624999998 0.15981906562499998 0.23946751718749998 0.16673485937500002
2 0.4494694015625 0.4135040859375 0.4577996 0.4164247828125 0.46405941562499997 0.41129726718750004 0.463752725 0.40586442343750007 0.4483173609375 0.3848094328125 0.43789853125 0.3848175796875 0.420519621875 0.3933688734375 0.42170815937499995 0.400109403125 0.4375996515625 0.412670684375 0.4494694015625 0.4135040859375
2 0.44799760781250003 0.50118855625 0.44438941718749997 0.5065801109375 0.44722262031250004 0.5115674609374999 0.45428956249999997 0.51471090625 0.5002611734375 0.5131891765625001 0.5068963156249999 0.5101902484374999 0.5064766828125 0.49672983437499996 0.498334146875 0.49487342968750003 0.46265017343750003 0.499336503125 0.44799760781250003 0.50118855625
2 0.561960046875 0.6230222796875 0.5680765046875 0.62816229375 0.5792520734375 0.6287523046875 0.6170429265624999 0.6103833234375 0.6178743843750001 0.604018203125 0.6102444515625 0.5976818765624999 0.599319103125 0.5985109265624999 0.5679696421875 0.6164757046875 0.561960046875 0.6230222796875
2 0.6323210390625 0.6120789171875 0.6067187921875 0.6293961015625 0.6032357109375 0.6354971843749999 0.6099212406250001 0.6401710625 0.6216658828125 0.6402949328124999 0.6473246031250001 0.6269915328125 0.6588311921875001 0.61837830625 0.6592186843750001 0.6131888546875001 0.6433150265625 0.6079456125 0.6323210390625 0.6120789171875
2 0.2616857890625 0.33214941875 0.2715802609375 0.3324766265625 0.27461486874999996 0.335739971875 0.2833816140625 0.333158221875 0.284939928125 0.3280490859375 0.284892359375 0.320805925 0.28307898125 0.3000616546875 0.26996126249999997 0.3023746625 0.25553291875 0.30422814531250003 0.2517076671875 0.310427628125 0.25764155781250003 0.3266469109375 0.2616857890625 0.33214941875
2 0.1741016875 0.488964353125 0.1750317890625 0.4942392203125 0.182098846875 0.49770679375000004 0.1958049421875 0.49855335937499995 0.22585156562500003 0.49688124218749996 0.23230458281250002 0.49320526249999996 0.2320126375 0.48056604687500004 0.2226272140625 0.4785950375 0.18312109999999998 0.48519844062499995 0.1741016875 0.488964353125
1 0.73951164375 0.899370646875 0.730900546875 0.9073855609375 0.7322337171875 0.9149463421874999 0.737085996875 0.964330703125 0.7389906515625 0.96557280625 0.779057725 0.9585079000000001 0.7788155140625 0.9123630531250001 0.7766676296874999 0.900181796875 0.7623915859375 0.8979349140625 0.73951164375 0.899370646875
1 0.7168014406250001 0.8886495671875 0.7299593093750001 0.8889280968750001 0.7485815359375 0.8852113921875 0.7503879015625 0.877963234375 0.743129534375 0.8367989843749999 0.7361170140625 0.8276410078125 0.7189976921875 0.826761678125 0.7000720031250001 0.833130509375 0.7041599796875 0.84756829375 0.7121806046875 0.879936078125 0.7168014406250001 0.8886495671875
2 0.8086357515625 0.8372587499999999 0.8272608296874999 0.8335582 0.8309413359375 0.8249967703125 0.8219908218749999 0.8036705 0.8133686875 0.8010263625 0.807195609375 0.79545171875 0.7977762453125 0.7966961625 0.7990581390625 0.80396614375 0.7943024640624999 0.8106349296875001 0.796445878125 0.8185858921875001 0.8005902765625 0.8336800406249999 0.8086357515625 0.8372587499999999
1 0.437472734375 0.813996565625 0.4501701953125 0.8166091859375 0.4666481875 0.812086496875 0.48744445625 0.7708202296875 0.48570927656249996 0.76506178125 0.47064094375 0.7612500328125 0.45822003593750005 0.7602058234375 0.4479491359375 0.7672726812499999 0.43085081093750005 0.8090997828125 0.437472734375 0.813996565625
1 0.15122131562500002 0.5573846453125 0.20743096562500002 0.55502695625 0.225755190625 0.554578803125 0.232837109375 0.5465715953125 0.23478039062499997 0.5335071078125 0.22517636875 0.5312249828125 0.193605178125 0.5328162625 0.1660168625 0.5329101390625001 0.1465916359375 0.535142659375 0.13894599218749998 0.551995528125 0.15122131562500002 0.5573846453125
1 0.303949946875 0.115522753125 0.32287918125 0.1152309671875 0.338533871875 0.10790170156250001 0.339014975 0.095252334375 0.3346778625 0.055277532812499995 0.3205523796875 0.0520570828125 0.3003670421875 0.0567585328125 0.294046746875 0.0632033796875 0.2931813109375 0.0698286203125 0.296405203125 0.10733450781250001 0.303949946875 0.115522753125
1 0 0.5437443328125 0.004002859375 0.5664456765625 0.039706321875 0.560868996875 0.047396146875 0.555804878125 0.044859592187500005 0.5414193609375 0.0364149671875 0.538458540625 0.011252832812499999 0.541782846875 0 0.5432964609375001 0 0.5437443328125
1 0.285387359375 0.46951380625 0.2796135859375 0.475401359375 0.27785394218750004 0.48649405625000003 0.2886530171875 0.491546290625 0.32690663125 0.48723588749999996 0.3670214984375 0.48294511562500003 0.3719030609375 0.47199757968749995 0.3702376 0.46255228125 0.35594815468749996 0.46228933593750005 0.29631696406249997 0.4682822625 0.285387359375 0.46951380625
1 0.18523631406250002 0.5265364031249999 0.23173192812500001 0.5251565921875 0.2650430265625 0.5247378421875 0.27153001718750003 0.516775390625 0.272957628125 0.5076594578125 0.262547353125 0.5036992421875001 0.218820309375 0.5035680874999999 0.190743496875 0.50613226875 0.18107415 0.5167014437499999 0.18523631406250002 0.5265364031249999
1 0.415494825 0.5449166812499999 0.49789520156249994 0.540615203125 0.5084390875 0.535005790625 0.50882291875 0.5165278343749999 0.418005896875 0.5212906015625001 0.4134015984375 0.5296029484375 0.415494825 0.5449166812499999
1 0.762869553125 0.4635918046875 0.754210075 0.47000675468750003 0.755244796875 0.482044434375 0.7656283312500001 0.48540709218750006 0.8094075265624999 0.480742671875 0.8531867234374999 0.47607825000000004 0.8644264843749999 0.47195785468749996 0.8651985453125001 0.45165850625 0.8537548875000001 0.4515378109375 0.7712576515625 0.4618072515625 0.762869553125 0.4635918046875
1 0.41752509687500006 0.4774001140625 0.415271875 0.4875140453125 0.418278984375 0.4947571125 0.4348854203125 0.4940961625 0.5081939046875 0.4879715359375 0.5131219109375 0.48321594687499997 0.5154912953124999 0.4704904328125 0.512368021875 0.46585894687499996 0.4911212921875 0.46636644374999997 0.4325198921875 0.47086947500000004 0.41752509687500006 0.4774001140625
1 0.035599209375 0.5267319984375 0.0450022296875 0.5308601171875 0.0970559109375 0.524726978125 0.11945897187500001 0.51955858125 0.12106689374999999 0.5010030875 0.1032973515625 0.5017000734375 0.07853051718750001 0.5057626015625 0.04451183125 0.509629284375 0.035510243749999996 0.51700263125 0.035599209375 0.5267319984375
1 0.0930446078125 0.6158688406249999 0.0859255765625 0.6109748953125 0.042702278125 0.6142040265625 0.01306184375 0.617821728125 0.01638521875 0.636669521875 0.07213957343750001 0.6333175078125 0.08376885625 0.63126695 0.0932803765625 0.6260759703125001 0.0930446078125 0.6158688406249999
1 0.10210334531250001 0.6702001796875 0.093167 0.66386975625 0.022307384375 0.670255796875 0.025901548437499998 0.690639315625 0.057844460937499995 0.6882529203125001 0.0876211609375 0.6856378656250001 0.10223896562499998 0.67983933125 0.10210334531250001 0.6702001796875
1 0.8197058687500001 0.8841582328125 0.80512031875 0.88387268125 0.788204025 0.8868554796874999 0.78614571875 0.8957905484375001 0.790300128125 0.93995966875 0.7952902765625 0.9476519046874999 0.82192800625 0.9462205296875 0.8294088703125 0.9391866953125 0.8263219125000001 0.8887064015625 0.8197058687500001 0.8841582328125