1 1 0.1340575328125 0.972026571875 0.10961116875000002 0.8897566453125 0.141611790625 0.91583851875 0.17076949218749998 1 0.1367811625 1 0.1340575328125
1 1 0.17380320625 0.980715775 0.1630835296875 0.9644585421875 0.15696941250000002 0.9356014078125 0.1762764515625 1 0.21510378125 1 0.17380320625
1 1 0.24942436875000001 0.9548658718749999 0.22038610468750003 0.9379876843750001 0.2169616359375 0.9006251375 0.23666588593750001 0.993896196875 0.29550046874999997 1 0.2969096421875 1 0.24942436875000001
2 0.8083295343750001 0.2975149765625 0.8554584359374999 0.3083955421875 0.8554976875 0.264492990625 0.820942521875 0.2574596375 0.8083295343750001 0.2975149765625
0 0.6736038015625 0.050158201562500004 0.6838120890625 0.1918044953125 0.740377834375 0.198253378125 0.7555097328125 0.19466433125 0.7399912140625 0.054152915625 0.6736038015625 0.050158201562500004
0 0.3654628296875 0 0.3607474109375 0.020424721875 0.3722731375 0.0433888640625 0.432004915625 0.054346025 0.445849615625 0 0.3654628296875 0
0 0.375432040625 0.1135268328125 0.350179896875 0.22290588125 0.36108466875 0.2485596703125 0.41560970937499997 0.26020343281249997 0.42293149999999996 0.257644290625 0.44136325468750004 0.13771944375 0.4290839359375 0.1216638390625 0.388138409375 0.1131551546875 0.375432040625 0.1135268328125
3 0.45168334843749997 0.0966625796875 0.4327894453125 0.18578981875 0.43650506250000004 0.2097838625 0.5076269578125 0.222426303125 0.516860971875 0.12776372656249999 0.490749953125 0.102376640625 0.45168334843749997 0.0966625796875
1 0.47528319999999996 0.2787018234375 0.5250154703125001 0.2892390859375 0.5337219171875 0.2369498203125 0.5276420328125 0.23412966562499998 0.5139138234375 0.22434990937500002 0.48651866562499996 0.2227469171875 0.47528319999999996 0.2787018234375
1 0.310092065625 0.4657885234375 0.2851093546875 0.47560235000000006 0.2917971046875 0.4903670390625 0.3538408140625 0.5386870453125 0.3878463984375 0.526234634375 0.3244120875 0.476649246875 0.310092065625 0.4657885234375
1 0.21095215 0 0.22722197031250002 0.0448415875 0.276834690625 0.044963556249999995 0.2600083515625 0 0.21095215 0
1 0.3057257375 0.189506603125 0.312723965625 0.20292646718750001 0.337486609375 0.208643375 0.35269285781250004 0.20837667031249998 0.3563252 0.15255511718749998 0.3461769953125 0.145490540625 0.31721339375 0.1397481 0.3057257375 0.189506603125
2 0.3368959828125 0.09093721406250001 0.341526971875 0.100033215625 0.3492787921875 0.10654454375 0.3604619203125 0.109126371875 0.3731974359375 0.10498407968750001 0.3846880640625 0.08072333125 0.3775572 0.07152235625 0.34859359687499997 0.06577991718750001 0.3368959828125 0.09093721406250001
2 0.31743346250000004 0.12421736718750001 0.3236328953125 0.1374528171875 0.33659145625 0.1432775453125 0.34759674375 0.14298530781250002 0.3646789390625 0.12001547500000001 0.355284325 0.1060423578125 0.3265277078125 0.09940337031249999 0.31743346250000004 0.12421736718750001
2 0.280378415625 0.117079040625 0.2868883296875 0.128969665625 0.2966225640625 0.13782734218749998 0.310971728125 0.14491745 0.321799178125 0.1417511484375 0.3225206484375 0.11311547343749999 0.3194872484375 0.104388303125 0.28972485312499996 0.0984614484375 0.280378415625 0.117079040625
2 0.317639265625 0.2399460140625 0.3535850375 0.24824475000000001 0.35727864375 0.21037971875 0.3209189 0.20387408125 0.317639265625 0.2399460140625
1 0.3845132015625 0.10334701875 0.3958450265625 0.11257352812500002 0.42960139843749995 0.11942246406249998 0.4362570328125 0.11246001718750001 0.43784867031249997 0.061833343750000005 0.427108653125 0.053687801562500005 0.39651831875 0.051347143750000004 0.3845132015625 0.10334701875
1 0.443411090625 0.0668948734375 0.45401846875 0.0792593046875 0.49687206406250006 0.086791996875 0.50269380625 0.0324202421875 0.48420197031249995 0.0177633734375 0.45325594999999996 0.0096745859375 0.443411090625 0.0668948734375
1 0.4556052765625 0 0.45550364062500004 0.0035831546875000004 0.4633298078125 0.013416821875000002 0.49128763124999997 0.01987139375 0.510206521875 0.018100981250000002 0.508809765625 0 0.4556052765625 0
1 0.6004596703125 0.4544453 0.6641271375 0.473865771875 0.680863759375 0.40501587031249997 0.6243563046875 0.39102576093749997 0.6004596703125 0.4544453
2 0.984532609375 0.6239644359375001 0.9484327140625 0.6126889046875 0.9349757265624999 0.645466875 0.9772043078125 0.6557067953125 0.984532609375 0.6239644359375001
3 0.5910115375 0.6156341125 0.6479329625 0.6278311234375 0.6537095015625 0.5663664140625 0.606373615625 0.5563824 0.5910115375 0.6156341125
1 0.44122291406249997 0.5829413546875 0.4032524984375 0.59070106875 0.442680734375 0.6531587671875 0.459840253125 0.659009025 0.5001035625 0.652250834375 0.45418147343750004 0.5887660828125 0.44122291406249997 0.5829413546875
1 0.5876694546875 0.7503747140625 0.5947479828125 0.8181124234375 0.65149156875 0.8274353703124999 0.6441317062499999 0.7572718703125 0.6362020453125 0.7478864765625 0.59922135 0.7440704890625 0.5876694546875 0.7503747140625
1 0.5921875 0.69609375 0.0671875 0.0796875
1 0.50703125 0.78359375 0.084375 0.09375
1 0.4796875 0.8875 0.0703125 0.0890625
1 0.5375 0.90390625 0.06875 0.084375
1 0.5890625 0.93046875 0.071875 0.0859375
1 0.64140625 0.9765625 0.0671875 0.046875
2 0.5359375 0.96796875 0.0484375 0.0515625
2 0.571875 0.9859375 0.053125 0.028125
1 0 0.4475111390625 0.0292778796875 0.45761760625000003 0.05270820625 0.4545279015625 0.0590373015625 0.438046709375 0.0052560359374999996 0.4202658046875 0 0.44303219374999997 0 0.4475111390625
1 0 0.5052209265625 0.023249153124999998 0.5128859109375 0.04383998125 0.514806671875 0.0499912359375 0.4954514125 0 0.478125621875 0 0.5052209265625
3 0 0.4779274703125 0.043600875 0.49397608281250005 0.0673577390625 0.500405121875 0.0835697671875 0.499426284375 0.08754768125 0.4894847984375 0.0861118734375 0.4811264609375 0.0218817421875 0.4568544078125 0 0.45414173125 0 0.4779274703125
1 0 0.8977179578125 0.044536528125 0.9080000265624999 0.06061410625 0.8940527484375 0.0647990046875 0.8832147109375 0.03741693125 0.8669775359375 0.0227281453125 0.8650028656250001 0 0.884676825 0 0.8977179578125