1 0.227055884375 0.9137684 0.20390075156249998 0.9175782171875 0.1327488734375 0.97001774375 0.1707958265625 0.9837871249999999 0.241503525 0.9342995249999999 0.227055884375 0.9137684
1 0.17198644375 0.9263818359375 0.170526 0.9148004875 0.084123984375 0.8887127578125 0.046434471875 0.9172709671874999 0.138637971875 0.942587909375 0.155318778125 0.9392308234375 0.17198644375 0.9263818359375
1 0.1745735546875 0.8703393265624999 0.192129578125 0.85158648125 0.19154522499999999 0.843229846875 0.087764159375 0.8198178125 0.072174965625 0.8201776984375 0.0508867859375 0.8413821718750001 0.06063682031249999 0.8505583124999999 0.1534623453125 0.8754666500000001 0.1745735546875 0.8703393265624999
2 0.454608709375 0.883617125 0.414455625 0.895552615625 0.436965071875 0.9290290171875 0.4502948203125 0.9335735375 0.46249441406249997 0.9312600265625001 0.4736908796875 0.9239051406250001 0.454608709375 0.883617125
2 0.24453125 0.78046875 0.05 0.05
1 0.41796875 0.6890625 0.0625 0.071875
1 0.571875 0.71328125 0.0609375 0.0640625
1 0.67421875 0.96171875 0.06875 0.0578125
1 0.659375 0.9015625 0.0703125 0.071875
1 0.70625 0.84921875 0.0609375 0.0671875
1 0.75859375 0.7421875 0.0515625 0.065625
3 0.62421875 0.7984375 0.0859375 0.1234375
0 0.69453125 0.746875 0.0875 0.1453125
0 0.7390625 0.93359375 0.08125 0.10625
2 0.759375 0.83125 0.0375 0.0421875
2 0.76875 0.79375 0.04375 0.04375
2 0.8015625 0.784375 0.046875 0.0421875
2 0.7421875 0.69296875 0.053125 0.040625
1 0.93466284375 0.891670840625 0.9030630625 0.839844453125 0.890558590625 0.8377979828125 0.8705389953125 0.8399281078125 0.8556103734375 0.8497346218749999 0.8523355374999999 0.8587262250000001 0.89363366875 0.9003816140625001 0.93466284375 0.891670840625
2 0.0234375 0.484375 0.046875 0.028125
1 0.009375 0.43671875 0.01875 0.0359375
1 0.25078125 0.2625 0.0578125 0.075
1 0.33984375 0.2890625 0.0640625 0.0734375
1 0.425 0.1546875 0.05625 0.08125
1 0.346875 0.10234375 0.0609375 0.071875
3 0.4046875 0.4203125 0.0640625 0.0671875
1 0.5080627125 0.261750565625 0.5087478187500001 0.25294005625 0.44990505625 0.2022884671875 0.40619766406249996 0.21921890781250003 0.45403407187499994 0.2706401359375 0.4700043671875 0.2757302296875 0.5080627125 0.261750565625
1 0.77731751875 0.49302175937500003 0.7962823015625 0.46650312656250004 0.699343521875 0.4385964390625 0.6670113140625 0.4693357890625 0.760484271875 0.49419885468749997 0.77731751875 0.49302175937500003
1 0.9607914984375 0.409360959375 0.9949106078125001 0.409757909375 0.9931652734374999 0.3847984828125 0.9602570859374999 0.3831105171875 0.9459504890625 0.39250842656249996 0.9466364687500001 0.4023183890625 0.9607914984375 0.409360959375
1 0.9502521093749999 0.35168058593749996 0.9909468531250001 0.3530735875 0.9891955125 0.3280282546875 0.9524598671875 0.3274290421875 0.9414158406249999 0.3369639203125 0.9432950578125 0.3452300078125 0.9502521093749999 0.35168058593749996
3 0.9724312703125 0.3804336734375 0.9927816453125 0.3793123328125 0.9909618609375 0.35328820625 0.9215872328125 0.3511292703125 0.9062012921875 0.35439580937500004 0.9056563593750001 0.3745148828125 0.9724312703125 0.3804336734375
0 0.22832844687499998 0.017776176562500003 0.2370101515625 0.135026115625 0.3088751640625 0.13000082500000001 0.29918465156249996 0.012821428125000001 0.22832844687499998 0.017776176562500003
1 0.3495752875 0.009297771875 0.3009594328125 0.0126973234375 0.30187519687500003 0.0205926515625 0.307943890625 0.032947084375000005 0.3500778171875 0.030731010937499997 0.3495752875 0.009297771875
1 0.4207487171875 0.008629121875 0.4187881125 0.0044579390625 0.364861165625 0.008228878125 0.37458037499999997 0.06479825781250001 0.4219953890625 0.063673328125 0.42052267812500005 0.0612205515625 0.4207487171875 0.008629121875