0 0.7104075984375 0.6145345843750001 0.714589384375 0.5080766609375 0.70934305 0.501792225 0.6841546859375 0.5002464546875001 0.6598104640625 0.50230925625 0.6567530078125 0.5998349078125 0.6543351640624999 0.612854628125 0.6638286078125 0.61737384375 0.699058478125 0.6185689562500001 0.7104075984375 0.6145345843750001
0 0.38180205312500004 0.8157235437500001 0.3990327 0.806023325 0.404363371875 0.697050634375 0.390173209375 0.6931947046875 0.364904109375 0.6940771203125 0.35171941093750003 0.6988890015625 0.34156315 0.709924528125 0.34053883125 0.8013409890625001 0.34155809062500003 0.8104039078125 0.35229384218750004 0.8159628171875 0.38180205312500004 0.8157235437500001
0 0.35978285312499997 0.9839780953125 0.3755564609375 0.9712553484375 0.3771765046875 0.8821916062499999 0.36965949062500003 0.8797914984374999 0.34729417812499996 0.8779099046875001 0.334497184375 0.87911753125 0.3189093140625 0.8971590078125 0.3203189453125 0.976227265625 0.319829759375 0.9815695625 0.3388204546875 0.9835690015624999 0.35978285312499997 0.9839780953125
0 0.63672718125 0.24762318125 0.6493270718749999 0.249780546875 0.6676582984375 0.246171990625 0.6686903515625 0.23797281093749997 0.6660405953125 0.1998469984375 0.6612636640625 0.1951901375 0.62702768125 0.19638568437499998 0.6261137421875 0.22684385312500002 0.62953508125 0.230434896875 0.631833775 0.23963092187499999 0.63672718125 0.24762318125
0 0.146712921875 0.43421413593749997 0.1450909640625 0.42631478281249996 0.136852384375 0.42167734062499995 0.1040054515625 0.4254763796875 0.096610884375 0.425734603125 0.0611014453125 0.4303843328125 0.06311982031249999 0.44963555 0.086661196875 0.44919232343750004 0.1422187109375 0.4404327890625 0.146712921875 0.43421413593749997
2 0.33705176406250004 0.834173621875 0.3329174171875 0.82181266875 0.32649459062499997 0.8196549921875 0.324235953125 0.8155654218749999 0.3179065921875 0.8160841953125001 0.31647742968750003 0.820600290625 0.30919529218749997 0.8241297921875 0.3041094828125 0.829964565625 0.3057268890625 0.8459863640625 0.307985525 0.8500759328124999 0.3243632015625 0.8495040109374999 0.33905209531249997 0.8460136046875 0.33705176406250004 0.834173621875
2 0.2968052609375 0.8177143062500001 0.312623471875 0.8162686859375 0.32891806875 0.813317696875 0.3259753484375 0.8047858296875001 0.322400465625 0.7932985765625 0.3142680859375 0.7876276468750001 0.31409154375 0.78257213125 0.3045923109375 0.783201596875 0.30209613750000003 0.7874572078125001 0.294814 0.7909867125 0.29129235625 0.7961713703125 0.29183236875 0.8116353000000001 0.2968052609375 0.8177143062500001
2 0.280407028125 0.8115176796875 0.2908799625 0.81115195625 0.29281254687499997 0.7874751421874999 0.28936445 0.7835571156250001 0.28976396875 0.779194078125 0.283116978125 0.7784942484374999 0.2777457625 0.782720253125 0.2690131265625 0.785510396875 0.264798496875 0.7912492578125 0.26261671249999996 0.8077898453125 0.2660756421875 0.8120181421874999 0.280407028125 0.8115176796875
2 0.3248854171875 0.7260892218749999 0.3375740171875 0.7259567765625 0.3406523546875 0.70348255 0.336620546875 0.6986529578125 0.33699839531250003 0.693669378125 0.328719453125 0.6936478375 0.32606093281250004 0.696536515625 0.3195331265625 0.6992496640625 0.3120220890625 0.7054142859375 0.31151559375 0.7225176703125 0.313828771875 0.72554338125 0.3248854171875 0.7260892218749999
3 0.44716393437499996 0.83999838125 0.45301864218750004 0.8325664406250001 0.45571191874999994 0.8221474078125001 0.462237325 0.816412878125 0.4640752828125 0.7464829765625 0.44192279062499995 0.7424382328125 0.4156635984375 0.743355225 0.4057141984375 0.75609264375 0.40627838125000004 0.7722487499999999 0.41182250624999994 0.773431809375 0.4076813171875 0.7949147203125 0.40440137031249995 0.806042575 0.4080669640625 0.823467040625 0.402738909375 0.828471425 0.4035896640625 0.8353250390625 0.4086551546875 0.8403106390625 0.4143433265625 0.8456186593749999 0.42658091249999996 0.8458796468750001 0.4331423296875 0.8411763578125001 0.44716393437499996 0.83999838125
2 0.7661498703125 0.761657796875 0.779811325 0.761180728125 0.7855511468749999 0.7576805828125 0.7905748640625 0.7336739359375 0.788418628125 0.7278830859375 0.7668994765625 0.727168015625 0.7572947453125 0.7319030296875 0.7601542968749999 0.7578341921875 0.7661498703125 0.761657796875
2 0.989397053125 0.4458991640625 0.945520675 0.4489983640625 0.9356531765625 0.45341714843750003 0.9274430109375 0.4574646578125 0.9281302703125001 0.46120146406250007 0.9387068921875 0.46114551875 0.948291575 0.46457161874999997 0.9866726453125001 0.46354472343750003 0.99601685 0.4600844125 0.99565613125 0.44975479687500003 0.989397053125 0.4458991640625
1 0.33263681875 0.1289964203125 0.34930659375 0.131772640625 0.3671964640625 0.1315210640625 0.3722460296875 0.12425489375000001 0.3857191140625 0.0924398671875 0.3898072328125 0.076624840625 0.37842128750000004 0.073290953125 0.3545334203125 0.0726325390625 0.3434728453125 0.078616021875 0.329467803125 0.114181115625 0.32836484375 0.12056316874999999 0.33263681875 0.1289964203125
1 0.6270908046875 0.30588795156250004 0.630285340625 0.34181295 0.640886059375 0.3490868828125 0.663441128125 0.3468432203125 0.668354265625 0.3393915375 0.6695158515624999 0.2985823484375 0.664702675 0.2903783 0.6498474 0.29089705781249997 0.6318135015624999 0.2929828359375 0.6270908046875 0.30588795156250004
1 0.6794957421875 0.1180176875 0.6727906546875 0.1657044875 0.67203065625 0.1781831421875 0.681175771875 0.1832484859375 0.7038441375 0.1817838015625 0.7108573890625001 0.17716382656250002 0.7135262296875 0.16798395 0.7173864062499999 0.1244350203125 0.709365171875 0.11731116875 0.6926096515625 0.11688665312499999 0.6794957421875 0.1180176875
1 0.568945190625 0.0721292796875 0.5615450109375 0.076641915625 0.5586378437499999 0.11964009843750001 0.561438425 0.1276962109375 0.5761167031250001 0.1332104375 0.5942848703125 0.1304488828125 0.5983667109375 0.121088878125 0.6006695609375 0.07882083437500001 0.5947237453125 0.07087455468750001 0.58209335 0.06989754687500001 0.568945190625 0.0721292796875
1 0.6134483890625 0.8435579859375 0.6131937140625 0.8525052734375 0.6241006312499999 0.8562743656249999 0.6377951609375 0.858669196875 0.6461023328125 0.852952221875 0.6645912921875 0.8139991640625001 0.6654346656250001 0.8056697734375 0.6408777546875 0.800781209375 0.6296159578125 0.8030898499999999 0.6134483890625 0.8435579859375
1 0.6042632875 0.6681846765625 0.5857761906250001 0.6685327437499999 0.5764087765625 0.672727584375 0.5716810031249999 0.7038344640624999 0.56893901875 0.71612841875 0.575533315625 0.7233360703125 0.5914950250000001 0.7263488812500001 0.6046407968749999 0.7244022359375 0.608190865625 0.7201130234375 0.616375315625 0.6820425375 0.6149666890625001 0.671976146875 0.6042632875 0.6681846765625
1 0.911520690625 0.7660928859375 0.8369125609375001 0.7914049515625 0.8314623015624999 0.8003535734374999 0.8504123984374999 0.81493774375 0.8665963328125 0.816318875 0.9467452328125001 0.7846500765625 0.947083215625 0.7778262687499999 0.92930689375 0.763849871875 0.911520690625 0.7660928859375
1 0.8724693296874999 0.870744103125 0.88528534375 0.8726885 0.9548192203125 0.8473660234375 0.9582544953125 0.841437059375 0.9450451828125 0.8282300984375001 0.9346186703124999 0.825177140625 0.914812925 0.831677775 0.8663570093749999 0.8521637203125 0.858534521875 0.8541454171874999 0.8593434453125001 0.859926171875 0.8724693296874999 0.870744103125
1 0.4006022015625 0.8606470703125 0.392834209375 0.8689428906250001 0.389851471875 0.9077742515624999 0.3932388609375 0.9160294109375 0.41062142343749997 0.9168179734375 0.4248112984375 0.9149268765624999 0.42952046250000003 0.90778455625 0.43561070312499994 0.8691935703125001 0.43103385625 0.8623755234375 0.414852921875 0.8604983171875 0.4006022015625 0.8606470703125
1 0.45645867031250004 0.7287088390625 0.45787341406250004 0.7364011609375 0.48258626250000003 0.738441315625 0.49215891718749993 0.7335910250000001 0.49313488124999993 0.728718365625 0.4970935671875 0.694387509375 0.4910999234375 0.6868550890625 0.468744028125 0.6866680578125 0.4586327625 0.692504871875 0.45645867031250004 0.7287088390625
1 0.2979090078125 0.7785603078125 0.3088718171875 0.780408228125 0.326169415625 0.7792464953125 0.3298455578125 0.7710316484375 0.331627675 0.736950465625 0.32779469375 0.7264882484374999 0.3118744296875 0.7245346015624999 0.30056273125 0.726881521875 0.2934134546875 0.7349388078125 0.2930184 0.7661831171875 0.292747315625 0.7726059921874999 0.2979090078125 0.7785603078125
1 0.17415135937499998 0.5094431203124999 0.17263396250000002 0.5168236390625001 0.1806304828125 0.525537275 0.19017925 0.5278683828124999 0.202462246875 0.523775684375 0.259891315625 0.50778129375 0.2632746171875 0.503000171875 0.251569521875 0.4897530671875 0.23915874062500003 0.4901864609375 0.17415135937499998 0.5094431203124999
1 0.32372980625 0.5058850734375 0.31485334531250003 0.5058619765625 0.25510678593749997 0.5232695734374999 0.24893117343750001 0.53281118125 0.25692769375 0.541524815625 0.26587385625 0.5435438968749999 0.275885828125 0.5421950625 0.3173697953125 0.5270905546875 0.33434585625 0.5218347624999999 0.33225923281249997 0.5129147515625 0.32372980625 0.5058850734375
1 0.0985790921875 0.40346259218749997 0.0331364703125 0.409580525 0.0240504390625 0.4140041984375 0.026956601562499998 0.42759066093750003 0.041119746875 0.42928614375 0.1050764734375 0.42239882343749996 0.1130573296875 0.4141811171875 0.11037077656250001 0.40688344218749994 0.0985790921875 0.40346259218749997
1 0.1054142875 0.473853709375 0.11150943437500001 0.46734440624999996 0.11024193906249999 0.45890214062499995 0.1057269625 0.454953421875 0.09162110625 0.4548984921875 0.025312012499999998 0.4640580296875 0.0246747 0.4736618484375 0.0302662078125 0.480584321875 0.040990909375 0.48130484375 0.0642400875 0.4785766515625 0.1054142875 0.473853709375
1 0.602245071875 0 0.6027058984375 0.0442766390625 0.603028321875 0.0535096546875 0.6084964046875 0.0589312984375 0.6307343000000001 0.0574944296875 0.6388435718750001 0.0545700265625 0.640382225 0.04824339375 0.6414779890625 0 0.602245071875 0