1 0.265625 0.965625 0.103125 0.06875
1 0.190625 0.9515625 0.1109375 0.0703125
1 0.18828125 0.88671875 0.1328125 0.0859375
2 0.290625 0.81171875 0.0578125 0.053125
1 0.39296875 0.60234375 0.0625 0.071875
2 0.41171875 0.7875 0.0546875 0.05
1 0.575 0.70234375 0.06875 0.0671875
1 0.70078125 0.91640625 0.075 0.0734375
1 0.68203125 0.859375 0.0578125 0.0703125
1 0.71796875 0.80625 0.059375 0.0671875
1 0.75078125 0.7 0.05625 0.065625
1 0.88671875 0.79609375 0.0734375 0.06875
0 0.7578125 0.884375 0.0890625 0.1203125
0 0.68828125 0.71796875 0.0984375 0.1375
3 0.63828125 0.771875 0.0953125 0.1203125
2 0.7609375 0.78203125 0.0421875 0.0421875
2 0.76484375 0.74609375 0.0484375 0.04375
2 0.7953125 0.73359375 0.04375 0.0421875
2 0.7265625 0.66015625 0.046875 0.040625
1 0.87421875 0.43515625 0.09375 0.0546875
2 0.03828125 0.5765625 0.0703125 0.0390625
3 0.371875 0.40859375 0.0578125 0.0640625
1 0.2890625 0.29375 0.0640625 0.071875
1 0.2015625 0.26328125 0.0640625 0.078125
1 0.2875 0.1703125 0.0578125 0.0703125
1 0.3109375 0.0921875 0.0609375 0.075
1 0.25 0.090625 0.059375 0.071875
1 0.2 0.115625 0.090625 0.128125
1 0.35859375 0.2 0.0640625 0.078125
1 0.3796875 0.271875 0.071875 0.0765625
1 0.71796875 0.009375 0.0765625 0.01875
1 0.8671875 0.0109375 0.053125 0.021875
1 0.9140625 0.3578125 0.1015625 0.0515625
1 0.94765625 0.328125 0.0546875 0.0390625
1 0.90546875 0.3078125 0.09375 0.0453125
1 0.93125 0.278125 0.0640625 0.0421875
3 0.86640625 0.33515625 0.0953125 0.0515625
1 0.6203125 0.45 0.1140625 0.078125