0 1 0.6717754296875 0.8149029453125 0.6364825093750001 0.8067968328124999 0.6367231375 0.798963115625 0.6408591984374999 0.7927608625 0.651731525 0.7891958484375 0.6588311609375 0.789604440625 0.6646743125000001 0.7928318703125 0.6693417328125 0.7994555171875 0.6727930453125001 0.8348478046875 0.681083003125 1 0.7134170203125 1 0.6717754296875
0 1 0.4976657203125 0.8523013765625 0.47688989531250003 0.839326565625 0.47911543593749994 0.8298202031249999 0.4839985984375 0.8231792015625 0.4963272703125 0.820051340625 0.5052464671875 0.8257797124999999 0.50669145625 1 0.5330446906249999 1 0.4976657203125
0 0.04921875 0.5828125 0.0921875 0.05
3 0.7640625 0.52421875 0.15 0.05
3 0.41640625 0.35390625 0.0625 0.0515625
3 0.07265625 0.88203125 0.0578125 0.0625
2 0.04609375 0.9328125 0.0359375 0.034375
2 0.2328125 0.6234375 0.04375 0.034375
2 0.5484375 0.54921875 0.046875 0.0375
2 0.65 0.44296875 0.0546875 0.0375
2 0.684375 0.3921875 0.0578125 0.0375
2 0.6984375 0.33828125 0.05 0.0390625
2 0.6171875 0.24921875 0.046875 0.040625
2 0.7109375 0.1359375 0.04375 0.040625
2 0.80390625 0.1640625 0.05 0.040625
2 0.84375 0.16328125 0.046875 0.040625
2 0.55 0.06015625 0.0453125 0.0375
2 0.45234375 0.0375 0.0546875 0.0375
2 0.44140625 0.246875 0.0453125 0.0375
2 0.45625 0.190625 0.0453125 0.0375
2 0.40859375 0.1859375 0.0390625 0.034375
2 0.7890625 0.4890625 0.0671875 0.025
2 0.8703125 0.465625 0.071875 0.0265625
1 0.1375 0.93359375 0.0640625 0.0546875
1 0.20625 0.81953125 0.0625 0.0578125
1 0.2234375 0.72109375 0.06875 0.0609375
1 0.27265625 0.71796875 0.0609375 0.05625
1 0.34609375 0.70234375 0.0625 0.0609375
1 0.384375 0.6125 0.0625 0.0609375
1 0.284375 0.59296875 0.0609375 0.0546875
1 0.32265625 0.49921875 0.059375 0.053125
1 0.3578125 0.52421875 0.071875 0.0609375
1 0.4296875 0.4625 0.0640625 0.0609375
1 0.471875 0.33828125 0.0640625 0.0609375
1 0.5921875 0.31015625 0.059375 0.059375
1 0.6421875 0.3125 0.0671875 0.0640625
1 0.59140625 0.44453125 0.0875 0.071875
1 0.9640625 0.4046875 0.065625 0.065625
1 0.71953125 0.24921875 0.0703125 0.0703125
1 0.6484375 0.1515625 0.0671875 0.0671875
1 0.6796875 0.0765625 0.0703125 0.065625
1 0.80703125 0.0390625 0.078125 0.0765625
1 0.26015625 0.1484375 0.090625 0.059375
1 0.63984375 0.5265625 0.1046875 0.0359375
1 0.6765625 0.4875 0.109375 0.03125
1 0.29140625 0.83515625 0.0625 0.0578125
1 0.3765625 0.34609375 0.06875 0.0609375
1 0.5578125 0.1328125 0.06875 0.0609375
1 0.72890625 0.07109375 0.0703125 0.0640625
1 0.01796875 0.50078125 0.0359375 0.0328125
1 0.10859375 0.46015625 0.0828125 0.0359375