2 0.30390625 0.828125 0.0453125 0.05
1 0.171875 0.8984375 0.0765625 0.1109375
1 0.22265625 0.9609375 0.0734375 0.078125
1 0.09921875 0.6640625 0.0640625 0.0703125
2 0.23828125 0.6859375 0.0484375 0.0546875
1 0.2828125 0.521875 0.0625 0.0515625
3 0.1921875 0.5 0.1171875 0.0921875
1 0.0359375 0.5046875 0.0703125 0.078125
1 0.096875 0.4953125 0.0703125 0.06875
1 0.12890625 0.44375 0.065625 0.0609375
1 0.21015625 0.36796875 0.0640625 0.053125
1 0.06796875 0.28671875 0.0671875 0.0765625
0 0.0484375 0.43828125 0.096875 0.0859375
0 0.2203125 0.42890625 0.1390625 0.09375
2 0.13359375 0.3953125 0.0453125 0.046875
2 0.1640625 0.37578125 0.04375 0.0453125
2 0.1640625 0.34296875 0.0453125 0.046875
2 0.2578125 0.375 0.0390625 0.04375
1 0.38125 0.084375 0.04375 0.09375
2 0.62265625 0.95625 0.0328125 0.059375
2 0.9015625 0.64375 0.0453125 0.0390625
2 0.7515625 0.63671875 0.0421875 0.04375
1 0.97890625 0.58984375 0.0421875 0.0671875
1 0.93125 0.5234375 0.078125 0.065625
1 0.9640625 0.48203125 0.071875 0.0640625
1 0.86640625 0.60703125 0.0671875 0.0546875
1 0.7828125 0.58984375 0.0796875 0.071875
1 0.74296875 0.515625 0.0640625 0.0578125
1 0.65390625 0.49609375 0.0703125 0.0859375
1 0.6234375 0.65859375 0.0703125 0.0671875
1 0.5390625 0.4046875 0.065625 0.1046875
1 0.46015625 0.29453125 0.0578125 0.103125
3 0.84609375 0.55078125 0.065625 0.0515625
3 0.4890625 0.10390625 0.040625 0.084375
1 0.45 0.07265625 0.04375 0.09375
1 0.46171875 0.03203125 0.0359375 0.0640625
1 0.50078125 0.06484375 0.04375 0.09375
1 0.5140625 0.0296875 0.040625 0.059375
1 0.8671875 0.09453125 0.0703125 0.0765625