0 0.377556778125 0.87069365625 0.384671875 0.873037665625 0.40557226249999995 0.873707328125 0.42310594375 0.8714156734375 0.43926927656250003 0.8585640421875 0.43648961249999996 0.7465173171874999 0.42930036562499996 0.7431129109375 0.41345550312499996 0.742444925 0.38953444375 0.74376245625 0.3779817390625 0.75025339375 0.3692904734375 0.7615169453124999 0.3777269453125 0.8550532484375 0.377556778125 0.87069365625
3 0.1398805140625 0.48255876875 0.14167295 0.47613320156250005 0.138402140625 0.469431665625 0.1330320109375 0.464767 0.11299825 0.46679791875000004 0.09695614999999999 0.4698097609375 0.08629387499999999 0.46961030625 0.0470909515625 0.47802184687500004 0.0562360640625 0.49659805468749996 0.080797275 0.495195578125 0.1398805140625 0.48255876875
3 0.6127985609375 0.4011842 0.6030641171875 0.40719206406249997 0.59553605 0.415709228125 0.5952595515625 0.421436240625 0.6758537359375001 0.4412948421875 0.693960509375 0.419481053125 0.6127985609375 0.4011842
3 0.47623764062499996 0.9387853828124999 0.48065552968749997 0.9349653140624999 0.49147295468749996 0.9333311 0.49247728906250005 0.9253608046874999 0.49222160625000005 0.9142600703125 0.5010280171875 0.9136442671875 0.5042673328125 0.907858446875 0.5047329031250001 0.8326289656249999 0.480141440625 0.8308374281249999 0.452066334375 0.8313376546875 0.44519184375 0.8446925484375001 0.4423507328125 0.8636172999999999 0.450161815625 0.8636562859374999 0.4483160328125 0.8819262484375001 0.445879790625 0.8917522437500001 0.4440022953125 0.9021243578125 0.449083078125 0.915228446875 0.4434572484375 0.9241070984374999 0.4428284140625 0.9300029703125 0.45140185156249996 0.9334997875 0.45493756875 0.93939704375 0.4639883078125 0.9422752937500001 0.47623764062499996 0.9387853828124999
2 0.496875 0.72890625 0.0359375 0.0359375
2 0.35234375 0.76015625 0.0328125 0.0359375
2 0.20703125 0.6578125 0.0578125 0.021875
2 0.084375 0.62578125 0.059375 0.021875
2 0.76328125 0.1265625 0.034375 0.0421875
1 0.93359375 0.4234375 0.1234375 0.04375
1 0.82109375 0.4875 0.1171875 0.040625
1 0.9640625 0.5125 0.071875 0.034375
1 0.64140625 0.53984375 0.115625 0.0375
1 0.421875 0.56875 0.1046875 0.0375
1 0.3046875 0.63125 0.0921875 0.034375
1 0.265625 0.565625 0.0890625 0.0359375
1 0.11640625 0.59453125 0.0921875 0.028125
1 0.421875 0.2234375 0.053125 0.059375
1 0.425 0.07734375 0.0546875 0.0625
1 0.67890625 0.04140625 0.05625 0.075
1 0.73203125 0.04609375 0.0484375 0.065625
1 0.665625 0.1234375 0.05 0.065625
1 0.71796875 0.11484375 0.0515625 0.065625
1 0.56640625 0.06484375 0.0515625 0.065625
1 0.94921875 0.821875 0.1015625 0.0625
1 0.87734375 0.93046875 0.1078125 0.0375
1 0.64765625 0.3671875 0.0953125 0.0484375
1 0.13828125 0.125 0.10625 0.0453125
1 0.05703125 0.4625 0.0953125 0.0328125
1 0.06015625 0.5171875 0.0953125 0.034375