0 0.1898250890625 0.36153578125 0.18954303125 0.3790860609375 0.2011074109375 0.3986420890625 0.30744330937500003 0.40215214374999997 0.31082800625 0.38811191875 0.3111100640625 0.3625386546875 0.3068791921875 0.348999865625 0.293904521875 0.3394725703125 0.2947506953125 0.33897113437500004 0.2163385484375 0.3394725703125 0.194055959375 0.33997400624999996 0.1906712625 0.3484984296875 0.1898250890625 0.36153578125
0 0.000564115625 0.34749555625 0.0132567296875 0.3645444 0.1009767921875 0.3775817515625 0.1054897234375 0.3505041765625 0.1060538375 0.335962515625 0.0902585859375 0.3209194171875 0.0160773109375 0.310890684375 0.0056411609375 0.31038924843750004 0.0028205796875 0.3234266 0.000564115625 0.34749555625
3 0.2318321328125 0.4028738859375 0.2307890171875 0.409364375 0.2120129625 0.40519191875000005 0.19871325625 0.4028738859375 0.181501871875 0.4038011 0.16950605937500002 0.39731061093750003 0.166376715625 0.40426470625000005 0.1593356953125 0.41075519375 0.1577710234375 0.42095453281250006 0.1595964734375 0.42698141562499997 0.162204259375 0.43393550937500003 0.1679413875 0.4450620609375 0.176025521875 0.44877091093750004 0.18202342968750002 0.45479779374999996 0.1869782203125 0.45943385625 0.25686687343750003 0.46314270625000004 0.259996215625 0.44228042343749996 0.259996215625 0.4167820765625 0.2563453171875 0.40982798125000003 0.2474788453125 0.40426470625000005 0.2318321328125 0.4028738859375
3 0.5717430234374999 0.15236650624999998 0.577548925 0.1548240296875 0.5833548265624999 0.152858009375 0.5883313125 0.146468446875 0.5875018984375 0.129265778125 0.5861195421875001 0.11304611718749999 0.5863960125000001 0.10419902968750001 0.5825254109375 0.06881068125 0.5642782937499999 0.0707766984375 0.56372535 0.0948604375 0.5717430234374999 0.15236650624999998
3 0.92421875 0.61796875 0.05625 0.0375
2 0.90703125 0.7203125 0.0375 0.03046875
2 0.97265625 0.73828125 0.03828125 0.028125
2 0.5296875 0.96484375 0.01796875 0.0625
2 0.54609375 0.7109375 0.03203125 0.03203125
2 0.17421875 0.31875 0.0328125 0.03515625
2 0.20703125 0.30625 0.0328125 0.03359375
2 0.2140625 0.27578125 0.0328125 0.03046875
2 0.29765625 0.325 0.03125 0.0328125
2 0.2484375 0.7703125 0.034375 0.03359375
1 0.11640625 0.40703125 0.0546875 0.04375
1 0.159375 0.3640625 0.05390625 0.04140625
1 0.253125 0.309375 0.0546875 0.0390625
1 0.05625 0.403125 0.05703125 0.05078125
1 0.290625 0.4765625 0.05 0.04140625
1 0.84453125 0.71953125 0.0578125 0.046875
1 0.86640625 0.6703125 0.0671875 0.05390625
1 0.94609375 0.6859375 0.059375 0.0453125
1 0.90546875 0.56875 0.05390625 0.04140625
1 0.7203125 0.6125 0.05859375 0.05703125
1 0.65546875 0.5328125 0.05390625 0.0671875
1 0.5375 0.40859375 0.04921875 0.07890625
1 0.19921875 0.88671875 0.05078125 0.11875
1 0.109375 0.809375 0.0484375 0.096875
1 0.54453125 0.075 0.025 0.08671875
1 0.5953125 0.07578125 0.02265625 0.08984375