0 0.8816990453125 0.351716034375 0.8805351796875 0.3627651421875 0.8811305515625 0.39341563281249997 0.888041746875 0.39529022343750003 0.9718937796875 0.3990667609375 0.9850765234375001 0.383988503125 0.9871601468750001 0.35978625000000003 0.9843802 0.3435917703125 0.97386818125 0.3428566984375 0.899505390625 0.3376567453125 0.8816990453125 0.351716034375
0 0.698671934375 0.36187417499999996 0.6937620203125 0.3761396125 0.6927011750000001 0.4025003546875 0.6954306484375 0.4138217125 0.8023986078125 0.4171277046875 0.8148995031249999 0.4006104546875 0.8167410859374999 0.37986955624999996 0.8151270703125 0.3581913609375 0.803592275 0.355297803125 0.7120503796875 0.3495922265625 0.698671934375 0.36187417499999996
0 0 0.699691003125 0.06979261718749999 0.7055179859375 0.0779801359375 0.6982854374999999 0.083981609375 0.6856966453125 0.086793571875 0.6611772109375 0.0791453140625 0.650235628125 0.0648561328125 0.6453338937499999 0.0531170140625 0.645813859375 0 0.643016665625 0 0.699691003125
3 0.37097648125 0.6147060875 0.376251853125 0.60726990625 0.377426696875 0.5852376828125 0.37200974531250003 0.5790050875 0.36240947968750004 0.5802850390625001 0.3291479984375 0.5799104390625 0.3258401015625 0.6167532296875 0.3648806203125 0.6181823609375 0.37097648125 0.6147060875
3 0.4348523765625 0.1040378609375 0.4325363484375 0.11623394218750001 0.4305410125 0.1343062546875 0.43436610781249996 0.1423788046875 0.4415107 0.1448296703125 0.44646924375 0.141924290625 0.45968843281250005 0.08366019375 0.4614555328125 0.06362065312500001 0.441432575 0.0570171296875 0.4347127265625 0.0955726 0.4348523765625 0.1040378609375
3 0.7422867281250001 0.4780257546875 0.8132861640625 0.4789880703125 0.8206826484375 0.46978505000000004 0.8249239796875001 0.47351230156249996 0.8303242609374999 0.4744617046875 0.8336004796875001 0.4643987890625 0.83839884375 0.460160096875 0.8396754625 0.4511009125 0.8445534 0.4457242265625 0.845629378125 0.434935678125 0.8419069921875 0.4283858203125 0.8372262953125 0.4263431765625 0.835622875 0.4170826015625 0.823104625 0.42135324687500003 0.8208265062500001 0.42633995 0.808424221875 0.4197549125 0.8009447609375 0.420947234375 0.7895854625000001 0.42244002812500003 0.772346725 0.425237028125 0.7711047984375 0.420004178125 0.755144378125 0.4183163375 0.7470663984375 0.42346925625000004 0.74194803125 0.427685571875 0.74031671875 0.4510144125 0.7422867281250001 0.4780257546875
1 0.49601641875 0.36697769999999996 0.48477179687499994 0.35178028906250003 0.47678227812499996 0.3544240765625 0.4726405390625 0.36214062812500003 0.4410729171875 0.4186451328125 0.44245825468750005 0.42888315312499997 0.4504169765625 0.443850790625 0.4550479 0.44630959687500005 0.46128066562500003 0.43873926250000006 0.4927755921875 0.387567125 0.49601641875 0.36697769999999996
1 0.5486451765625 0.1400770140625 0.5380614312499999 0.13137668125 0.5324143109375 0.1343933296875 0.5297928062499999 0.14444461875 0.5168452343750001 0.19698659375 0.5175246171875 0.20556293593750002 0.52957906875 0.211523165625 0.5339928796875 0.2078516859375 0.5483320265625 0.15370124999999998 0.5486451765625 0.1400770140625
2 0.8542093156250001 0.324072653125 0.8341929703125001 0.319280471875 0.8268770921874999 0.3238576484375 0.8237553578125001 0.33212061406250004 0.8195628953125 0.3329582828125 0.81909075 0.339710275 0.8233242390625 0.3428333953125 0.824434315625 0.3496960265625 0.8467461406250001 0.35804122656250004 0.8535438031249999 0.342684884375 0.8542093156250001 0.324072653125
2 0.8179413296875 0.3334103109375 0.821217084375 0.3138497703125 0.8187625421875 0.308023959375 0.7966901515625 0.305349671875 0.7923026421875 0.31352412812499997 0.78708215625 0.31542074375 0.7857803953125 0.324941809375 0.7906877984375 0.3320699734375 0.799194121875 0.3377535515625 0.811497775 0.3437026609375 0.8179413296875 0.3334103109375
2 0.7902348328125 0.2839778359375 0.7878640234375001 0.290597059375 0.782446809375 0.29530700625 0.7818959734375001 0.3031843296875 0.787275521875 0.3035605046875 0.7926960953125 0.30789746875 0.81504390625 0.3066330921875 0.8156717515624999 0.2931069828125 0.8166553875 0.2790403359375 0.8100887546875001 0.2774503171875 0.796086525 0.2776020203125 0.7902348328125 0.2839778359375
2 0.70236056875 0.32645895 0.6990010828125001 0.33357445625 0.6948103 0.3389355796875 0.6940217109375 0.34566544375 0.698966778125 0.3477074875 0.7034773671875 0.3514154015625 0.7274467421875 0.349699 0.727997578125 0.341821678125 0.7281105718750001 0.3265633140625 0.7242722171875 0.32233698906249997 0.7086877687500001 0.3223780546875 0.70236056875 0.32645895
2 0.70703990625 0.677910259375 0.7035146328125 0.6646591500000001 0.6972250984375 0.6636539265625 0.67361319375 0.66935324375 0.671244065625 0.6804959234375 0.673664303125 0.7004547671875 0.6807047625 0.6998162484375 0.70079475625 0.6899127328125 0.70703990625 0.677910259375
2 0.7456487453125 0.7942589140625 0.7463552828125 0.779607471875 0.7414085328125 0.773041971875 0.7171997250000001 0.7690874578125 0.71241708125 0.778365115625 0.7117925953124999 0.8009381359375001 0.7179247484375 0.8041940249999999 0.7384525843749999 0.80167155 0.7456487453125 0.7942589140625
2 0.43877841406250007 0.9408706921875 0.4393754296875 0.9323329546875 0.43570359375 0.9320761953125001 0.4332347890625 0.9389690156249999 0.429210265625 0.9396969453124999 0.42706052968749997 0.95014480625 0.42230901562499995 0.9896819109375 0.4235928484375 0.995878040625 0.4375092734375 0.9968511718749999 0.43936281250000003 0.9933978078125 0.4422776578125 0.951713565625 0.442204421875 0.9446429890625 0.43877841406250007 0.9408706921875
1 0.2616128875 0.5698252515625 0.2667678421875 0.5626063515624999 0.266280175 0.547413509375 0.26434589375 0.53074144375 0.2558620828125 0.5301481984375 0.248583103125 0.5289501703124999 0.20356669218749998 0.54096105625 0.20236595781250002 0.5525906625 0.201023428125 0.5717897265625 0.208690084375 0.5785271359374999 0.2551051640625 0.568681153125 0.2616128875 0.5698252515625
1 0.124092915625 0.7021498515625 0.1216934921875 0.7309214828124999 0.1290704171875 0.7362605624999999 0.16416254375 0.7387144421875 0.1789602421875 0.7376820953125 0.1848844046875 0.7250047140625 0.185455678125 0.7057517203125 0.17817465 0.6990412796875 0.168148328125 0.6983401703125 0.1337315609375 0.6973115828124999 0.124092915625 0.7021498515625
1 0.5446052406249999 0.6519782171874999 0.5469082234375 0.62907221875 0.5406240703125 0.6186578515625001 0.532206759375 0.6186926890625 0.49456931875 0.6204248578125 0.4905595921875 0.627625671875 0.4886489046875 0.64993566875 0.4909196234375 0.6575756546875 0.5320462 0.656087471875 0.5446052406249999 0.6519782171874999
1 0.727724775 0.5049087 0.73281905 0.49874956875 0.734093240625 0.4710003125 0.726882840625 0.4693115 0.7149491140625 0.4684770125 0.687478221875 0.4707022 0.6825540953125 0.488719340625 0.6844246796875 0.504842390625 0.6970626078125 0.505133815625 0.7196040921875 0.5067100703125 0.727724775 0.5049087
1 0.9168313343750001 0.4295668859375 0.915983215625 0.41526946875000004 0.9118432484375001 0.4084085375 0.8685545078124999 0.41085769218749996 0.8593632625 0.41897689062500004 0.8598286859375 0.4343427875 0.86117545 0.450317934375 0.8683024093749999 0.454102015625 0.9104398015624999 0.44609615781249995 0.9158770328125 0.438809690625 0.9168313343750001 0.4295668859375
1 0.8269343375 0.3674234703125 0.8213065703125 0.3774347125 0.8197790359375 0.39047076875000003 0.8230773953125 0.4005585671875 0.8296676015625 0.4032098765625 0.869508809375 0.4016148890625 0.8754049531250001 0.3921700328125 0.8748616890625 0.3735129765625 0.8717936 0.3645365203125 0.862867475 0.36445996406250003 0.8359366749999999 0.36641011562500003 0.8269343375 0.3674234703125
1 0.7973802359375 0.8826467171875001 0.7987772843750001 0.8709303515625001 0.7847548953125 0.8483763171875 0.776528425 0.8544785765625 0.745545946875 0.92987391875 0.7431062328125 0.939976409375 0.7453375921875 0.949378225 0.75587149375 0.9639835031249999 0.76126201875 0.965387753125 0.7692709765625 0.9541337390625 0.7951549828125 0.889682278125 0.7973802359375 0.8826467171875001
1 0.8788130671875001 0.90375069375 0.88729126875 0.8981796921875 0.8937183546874999 0.88476044375 0.8948294546875 0.8771333203125 0.8648377375 0.8144248484375 0.85563703125 0.8096722359375 0.8483459968749999 0.818921834375 0.8452613734375 0.8341157750000001 0.8494335671875 0.844680615625 0.8719106296874999 0.89504955625 0.8788130671875001 0.90375069375
1 0.7308849125 0.3125838265625 0.729060075 0.3305815328125 0.734558534375 0.3410356421875 0.7728806765625 0.34371538749999997 0.7834466953125 0.3424403109375 0.785376640625 0.322939509375 0.7823061046875 0.30610992812500004 0.7690273875 0.3056848703125 0.7382782828125001 0.3040381640625 0.7308849125 0.3125838265625
1 0.423128546875 0.0323535203125 0.41917772031249995 0.0597855703125 0.4140077546875 0.0949629796875 0.4152340546875 0.106493471875 0.42244104374999997 0.11000920781250001 0.42968815468750005 0.10810655625000001 0.43272041406249995 0.10349975625 0.44146217343750005 0.041466143750000004 0.44183762499999996 0.031252365625 0.4401065453125 0.022095996875000003 0.4280541765625 0.020048503125 0.423128546875 0.0323535203125
1 0.47668345156249997 0.026070556249999998 0.46557886875000004 0.090286646875 0.4656274609375 0.10452651875 0.4725146203125 0.11057891093750001 0.479139665625 0.1104232015625 0.484246134375 0.1021146015625 0.49370292656250003 0.0315935125 0.4849526109375 0.02231595 0.47668345156249997 0.026070556249999998
1 0.1444403828125 0.6261199171875 0.1482639546875 0.6106702515625 0.1456801 0.5953145015625 0.138170925 0.589369740625 0.10143153281249999 0.5873426375 0.09365997499999999 0.5895090328125 0.0884706609375 0.6026953296875 0.087945890625 0.6189176375 0.09556981875000001 0.6275802578125 0.1378066765625 0.6294498125 0.1444403828125 0.6261199171875