0 0.0940082796875 0.24112488437500001 0.0890308921875 0.25480171875 0.0848251 0.2653700859375 0.0890708625 0.26951611875000003 0.2866182015625 0.29430019218750003 0.29645968906250003 0.2936120078125 0.30470901562499997 0.29136906093750004 0.311702346875 0.27116455156249997 0.312164775 0.2636347765625 0.30977137187500003 0.257693115625 0.24385140781249998 0.248418540625 0.11258084374999999 0.23094031093749998 0.0940082796875 0.24112488437500001
0 0 0.2710074375 0.05329501875 0.281181346875 0.061284146875 0.282288790625 0.0705949125 0.281082353125 0.0803294625 0.271793475 0.0859818296875 0.253626515625 0.0830770296875 0.24744293125 0.078715328125 0.24163890625 0.056658275 0.23734994375000001 0 0.22627005625000002 0 0.2710074375
0 0.734471228125 0.38872046718750003 0.733810021875 0.386285475 0.6982509796875 0.3832581609375 0.6688614515625 0.384210509375 0.62962451875 0.490063090625 0.6328627499999999 0.49424772656249993 0.6610744078125 0.49751312499999994 0.697600290625 0.49330483281250004 0.734471228125 0.38872046718750003
0 1 0.4928187015625 0.9251842171875 0.48453483906250006 0.8776850375 0.48259521875000005 0.8684026890625001 0.48382887031250005 0.8603 0.5019324171874999 0.8611745734375 0.5144394109375 1 0.52793543125 1 0.4928187015625
3 0.6375 0.403125 0.0703125 0.05
3 0.30859375 0.60078125 0.0703125 0.0703125
3 0.96484375 0.475 0.0703125 0.0328125
0 0.12734375 0.93828125 0.1421875 0.1234375
1 0.38828125 0.89609375 0.0828125 0.0703125
1 0.4515625 0.8953125 0.0828125 0.06875
2 0.21796875 0.68359375 0.05625 0.0421875
2 0.3265625 0.4296875 0.0546875 0.0390625
2 0.41640625 0.27578125 0.05625 0.040625
2 0.51015625 0.059375 0.0515625 0.0375
2 0.56171875 0.06640625 0.05625 0.040625
2 0.971875 0.21953125 0.0203125 0.0328125
2 0.903125 0.471875 0.0609375 0.0234375
1 0.68046875 0.00703125 0.0671875 0.0140625
1 0.6125 0.02421875 0.06875 0.0484375
1 0.603125 0.1 0.078125 0.0609375
1 0.56484375 0.19765625 0.0703125 0.065625
1 0.51171875 0.31640625 0.0703125 0.0671875
1 0.6125 0.3484375 0.0640625 0.0609375
1 0.48046875 0.44765625 0.0734375 0.0671875
1 0.56015625 0.48828125 0.06875 0.0625
1 0.35234375 0.61484375 0.0703125 0.065625
1 0.83984375 0.73125 0.046875 0.05625
1 0.9046875 0.425 0.0875 0.0375
3 0.6921875 0.13359375 0.065625 0.0546875
1 0.5625 0.02109375 0.06875 0.0421875
1 0.5046875 0.14609375 0.0828125 0.0671875
1 0.4515625 0.40390625 0.06875 0.0625
2 0.08203125 0.2953125 0.075 0.0296875