0 0.60661354375 0.107589328125 0.5994213484375 0.10786362812500001 0.60382520625 0.295111321875 0.60788385 0.3062507234375 0.625435525 0.313266475 0.6362010437500001 0.3136201640625 0.6405824984375 0.30721153437500004 0.6406303171875 0.1486138890625 0.6416595234375 0.1436594328125 0.6372482749999999 0.124253903125 0.6246584234375 0.11144427812499999 0.60661354375 0.107589328125
0 0.58627885625 0 0.58353149375 0.0852443671875 0.5864294 0.09515425625 0.6076415640625 0.1065735546875 0.615148690625 0.10242344375000001 0.6220298953125 0.0991888484375 0.626805553125 0 0.58627885625 0
0 0.5222409671875 1 0.5183178093749999 0.8990915453125 0.5129272874999999 0.8552202171875001 0.509691746875 0.847805959375 0.4847917640625 0.8425048640625 0.48236890781249997 0.8513299203125 0.49371636875 1 0.5222409671875 1
0 0.6409407093749999 0.9291174890624999 0.6503439 0.9355361796875 0.6579891 0.9365510734375 0.6634458640625 0.933730021875 0.664506346875 0.8078601859375001 0.655461146875 0.77652325625 0.634502553125 0.7715251234375 0.63114661875 0.781125021875 0.6329602484375 0.9135809015625 0.6409407093749999 0.9291174890624999
3 0.16067637031249998 0.28095866875 0.1571710671875 0.263764878125 0.1557827359375 0.261331371875 0.0996334546875 0.239890353125 0.0975854265625 0.2473501234375 0.102593290625 0.2815421296875 0.149426640625 0.2969669046875 0.15772576875 0.2942027859375 0.16067637031249998 0.28095866875
3 1 0.4471677640625 0.9954240265625 0.44854510625 0.985614378125 0.470209721875 0.9785392734375 0.469126515625 0.9924259296875 0.492712859375 1 0.5001221921875 1 0.4471677640625
2 0.9604443546875 0.543552121875 0.9645800031249999 0.5425209890625 0.9652152109375001 0.5274503640625 0.956784596875 0.516060315625 0.9373694078125 0.5038584953125 0.9331485734375 0.5077512953125 0.9298389953124999 0.5249089312499999 0.9416533250000001 0.535455325 0.9604443546875 0.543552121875
2 0.8665449109375001 0.5513415265625 0.8848358796875001 0.5574326828125 0.887017553125 0.540556265625 0.8770830671875001 0.5295411750000001 0.860132965625 0.51601463125 0.8561214125 0.5191451453125 0.854021240625 0.5395517765625 0.8586958609374999 0.5454873359375 0.8665449109375001 0.5513415265625
2 0.807313953125 0.4851572453125 0.78802654375 0.468662921875 0.7837631171874999 0.47398655625 0.783209409375 0.492587396875 0.788593371875 0.4997663125 0.795857175 0.506476528125 0.8120590234374999 0.5137986671875 0.8154464203125 0.50656313125 0.8145740734375 0.49825934531250005 0.8182485671874999 0.5001836203125001 0.8160779453125 0.49788438749999997 0.812783103125 0.489474490625 0.807313953125 0.4851572453125
2 0.8719887265624999 0.74455359375 0.8770819078125 0.7489645781250001 0.8863459609375001 0.7636973640625 0.9011680328124999 0.773493840625 0.905264771875 0.7675016593749999 0.9061907640625 0.7551989625 0.900934578125 0.743727546875 0.8827713890625001 0.7333438890624999 0.8770892765625 0.7361808125 0.8716590359374999 0.7368246171874999 0.8719887265624999 0.74455359375
2 0.943739240625 0.795156734375 0.9438333390625001 0.8017924203125 0.9487919171874999 0.806660325 0.9521816 0.8152489734374999 0.960859834375 0.8225190359375001 0.9740088874999999 0.8314490453125 0.97813084375 0.8154382453125001 0.9708275531250001 0.8011662234375001 0.95444660625 0.7930420171875 0.9489612234375 0.7960744625 0.943739240625 0.795156734375
2 0.9181766437500001 0.860352665625 0.9126912609375 0.8633851124999999 0.9137000687500001 0.868682875 0.9186253625 0.8746689359375001 0.9250805124999999 0.8880425671875001 0.9440420421875 0.8927487187500001 0.9458743421875001 0.8850777984375 0.9450319593750001 0.8741892515625 0.94112123125 0.8635107984375001 0.938546403125 0.8569387015625001 0.9383828578125 0.8575344046875 0.92349848125 0.8579159234375 0.9181766437500001 0.860352665625
2 0.830236696875 0.8706250515624999 0.8267109953125 0.87150410625 0.8286649203125 0.879340871875 0.8328086453125 0.8821922265625 0.8420412125000001 0.8904339374999999 0.8590488171875 0.8873033234375001 0.8570340796875 0.8717127171874999 0.8500274765625001 0.8523723625 0.840134965625 0.8565036296875 0.83033943125 0.8622755015625 0.830236696875 0.8706250515624999
2 0.6288274578124999 0.4149948859375 0.632913240625 0.403176221875 0.6298443890625001 0.39086773125 0.62486755 0.382445471875 0.6249668828125 0.38412596250000003 0.600598703125 0.37485431406249997 0.597185959375 0.379115721875 0.5994453953125001 0.403562825 0.6102396359375 0.412239903125 0.6288274578124999 0.4149948859375
2 0.622071815625 0.4763632734375 0.6382861234375 0.47857320156250005 0.6431724765625 0.46996544843750004 0.640503909375 0.45926241250000005 0.6352602140625 0.4497698484375 0.6138674484375 0.44089318437499997 0.6078484296875 0.4423938953125 0.6093413890625 0.46248474999999994 0.6107409125000001 0.47066209531250003 0.622071815625 0.4763632734375
2 0.56408135625 0.387369625 0.5730416953125 0.3874092390625 0.5773231984375 0.3840680640625 0.5773972828125 0.3715443703125 0.5715857796875 0.3610565375 0.550459871875 0.3532501765625 0.5459115140625 0.35552105 0.5467032374999999 0.3740814828125 0.5512116046875 0.3831889671875 0.56408135625 0.387369625
2 0.4987809 0.3934193125 0.5199749953125 0.3989349953125 0.5249606828125 0.3920077328125 0.5271384765625 0.38407529687499997 0.5233313468749999 0.3764982359375 0.5194560265625 0.37121185 0.518553175 0.37143695625 0.4924163328125 0.3563536734375 0.49060767812500006 0.3619203953125 0.4926684453125 0.3830065171875 0.4987809 0.3934193125
2 0.5279753609375 0.15024635625 0.5340566703125 0.15668798125 0.539641309375 0.15472715625 0.542020721875 0.1450391953125 0.5426032734375 0.12045192499999999 0.5418426953125 0.1058626578125 0.5378028031250001 0.096069953125 0.5244986703125 0.0914291765625 0.520384690625 0.0941601640625 0.5258405078124999 0.1416839265625 0.5279753609375 0.15024635625
2 0.43102767656249996 0.6524586625000001 0.42657865156249997 0.656410025 0.4217634375 0.6576105921875001 0.4220273453125 0.663797403125 0.425967903125 0.67190961875 0.43074312499999995 0.68208740625 0.4454838234375 0.6886436812500001 0.45216998437499994 0.6898187328125001 0.4528148265625 0.673173796875 0.4517533 0.6586595671875 0.44620570312499996 0.654358546875 0.43102767656249996 0.6524586625000001
2 0.537078871875 0.8880583734374999 0.5348135375 0.8738442843750001 0.53124211875 0.86336635625 0.5274038437499999 0.851818125 0.5235255750000001 0.8516482468750001 0.5231534875 0.8591304671875 0.5200728406249999 0.8672880093750001 0.5225309421875 0.89509609375 0.5253358859375 0.9012177734375 0.5343614671875 0.9040832171875 0.5381744953125 0.9014272640625001 0.537078871875 0.8880583734374999
1 0.1801566546875 0.419314465625 0.21623584375 0.42929267656250003 0.2302056421875 0.43143147031250006 0.23818392500000002 0.4301449921875 0.2409184640625 0.418922215625 0.24005882343749999 0.404379178125 0.2342780609375 0.393874040625 0.18005936718749999 0.3729584125 0.17567161874999998 0.3838906484375 0.176738365625 0.39767931875 0.1801566546875 0.419314465625
1 0.2947281859375 0.3605311 0.2950893125 0.379414825 0.2998730453125 0.3986013328125 0.316155878125 0.40367708125 0.33681916875 0.4104715875 0.349879884375 0.412134309375 0.35732114843749996 0.41027899375 0.35617374375 0.39299677499999996 0.3537837015625 0.380240771875 0.3260127046875 0.3702992921875 0.30576362968750004 0.361996046875 0.2947281859375 0.3605311
1 0.4430553890625 0.47041995312499996 0.44470130625 0.4833614875 0.44862175468750004 0.494330453125 0.48726323593750004 0.5050752765625 0.49656481562500004 0.5027561328125 0.5001241359375 0.494841375 0.49761128593750004 0.48000779531250004 0.49385579531249996 0.46970043281249996 0.49137780312499996 0.46610187343750004 0.44992477343750004 0.45676078125 0.44355754843749995 0.459753771875 0.4430553890625 0.47041995312499996
1 0.5724490703125 0.44096941406249995 0.571589428125 0.42642637499999997 0.5664299859375 0.4136581296875 0.5538677859375001 0.407654721875 0.5206386484375 0.40118230625000006 0.5155525703125 0.404558603125 0.5142641328125 0.416826290625 0.5163627703125 0.4331686078125 0.523094765625 0.44273384374999997 0.5604972515625 0.45167938750000003 0.5686404921875 0.4510545140625 0.5724490703125 0.44096941406249995
1 0.6339445203125 0.6020225953125 0.64212261875 0.612632740625 0.685681578125 0.625665159375 0.6897357671875 0.6197352125 0.6899116609375 0.6014203265625 0.6837588343750001 0.5910079546875 0.67710749375 0.58493626875 0.6495821109375 0.5791499421874999 0.634703228125 0.5765350765624999 0.6336219 0.5880483937500001 0.6339445203125 0.6020225953125
1 0.5628981750000001 0.8335083328125 0.5578672671875 0.8408668984375 0.560673828125 0.8984346734375 0.5668684546875 0.9107633999999999 0.5736564546875 0.9129554640625 0.5789450078125 0.9116368796875 0.5821189671875 0.8980821593750001 0.5804485953125 0.851329675 0.5765711515625 0.83953306875 0.5707644328125 0.8337667718749999 0.5628981750000001 0.8335083328125
1 0.5303682125 0.47148141250000003 0.5312714078125 0.49012380312500003 0.5354730640625001 0.505724078125 0.552835290625 0.51027405 0.5712424890625 0.5140085531249999 0.5780637750000001 0.5150824593750001 0.5858330578125 0.5137002890625 0.58565061875 0.4904387640625 0.580531371875 0.48117148906249996 0.5741674421875 0.4794286203125 0.5743309875 0.47883291562499997 0.539409703125 0.47144683125000003 0.5303682125 0.47148141250000003
1 0.1090760578125 0.498901646875 0.1162655421875 0.5204052296875 0.130856346875 0.5276027375 0.149684784375 0.53591076875 0.1641809125 0.5415065718750001 0.17307581249999998 0.5344128921875 0.17203436562500002 0.5167941328125 0.1655401171875 0.5054108453125 0.1617193109375 0.49986223750000003 0.12425459999999999 0.48157295468749994 0.1106161859375 0.4806392296875 0.1090760578125 0.498901646875
1 0 0.4508375375 0.0071594625 0.45550748125 0.0156672234375 0.45663687968750005 0.023731284375 0.45354274375000003 0.0246002421875 0.438698290625 0.02336381875 0.42762939062500005 0.0209772203125 0.42172319375 0.01527569375 0.4171852703125 0.0148616796875 0.416746725 0.013776493749999999 0.41972614375 0.0136424796875 0.41605658281249996 0 0.408334109375 0 0.4508375375
1 0.074421278125 0.30491996875 0.07543585 0.313877103125 0.08116706093750001 0.3222000171875 0.10044200781249998 0.32985495 0.119749453125 0.3364182390625 0.132175509375 0.3398213171875 0.139730878125 0.33468693125 0.140440165625 0.3204240578125 0.13515827656249998 0.3065714140625 0.0778421234375 0.28564686875 0.07353668906250001 0.291596265625 0.074421278125 0.30491996875
1 0.25811741875 0.3317165953125 0.25730063125 0.3113329734375 0.2498186859375 0.299654175 0.1968673390625 0.2803502109375 0.191319859375 0.28498397343750004 0.192934990625 0.3024596953125 0.197513215625 0.320821946875 0.2486488359375 0.3389533109375 0.25811741875 0.3317165953125
1 0.196021215625 0.3661608765625 0.20044820156249998 0.37047480781250003 0.24040262031249998 0.38164209375 0.2504717609375 0.382923965625 0.253570459375 0.3696906578125 0.2501692875 0.3548273265625 0.240327615625 0.3459039546875 0.1958812203125 0.3326060234375 0.1911320859375 0.3343318875 0.1924928703125 0.35078748437499996 0.196021215625 0.3661608765625
1 0.4100708234375 0.4161938125 0.413332653125 0.4292762984375 0.421124728125 0.4364192 0.452023915625 0.44100756093750004 0.463214365625 0.44249308593750003 0.47000834375 0.4359890875 0.47004871875000004 0.4204799140625 0.46716325468750003 0.408906946875 0.45999845625 0.4042799078125 0.41677972187499995 0.39367746875 0.40863502343749997 0.39838043125 0.4100708234375 0.4161938125
1 0.3538898515625 0.369273778125 0.3641993421875 0.372047853125 0.39339795781250003 0.38187028437500004 0.40553070468749997 0.3847242203125 0.40773864531250004 0.37188132500000004 0.40633490156249996 0.352991046875 0.3979448359375 0.34706614375 0.35749443125 0.3331012265625 0.3497902109375 0.3371599109375 0.34940275625 0.35489343125 0.3538898515625 0.369273778125
1 0.8731933749999999 0.780309315625 0.8715709546875001 0.7928596125 0.876226253125 0.7996200765625 0.8951669359375 0.8112680343750001 0.9116257046875 0.817725953125 0.923766634375 0.82473235 0.9294644546875 0.8011324703125 0.9235985031249999 0.793089621875 0.88314020625 0.767795821875 0.8760581234375 0.76797735 0.8731933749999999 0.780309315625
1 0.8272349374999999 0.5567136484375 0.8264289437500001 0.5704824953125 0.8300305781249999 0.5781272562499999 0.84007526875 0.586678153125 0.8762159203125 0.601285459375 0.881388971875 0.6004981875000001 0.8839066624999999 0.591327709375 0.8859826609375 0.5792522703125 0.8838869484374999 0.5742471296875 0.8762669171875 0.56408666875 0.8297552359375 0.5430198890625 0.8272349374999999 0.5567136484375
1 0.9246516859374999 0.603645175 0.9249535796874999 0.6167216265625 0.9337296578125001 0.623739709375 0.9503951015625001 0.632736271875 0.9669850703125 0.6384637203125 0.9728677687499999 0.63239389375 0.9765465890625 0.6249008 0.9750064093749999 0.6127906734375 0.9702539 0.6041118156249999 0.93270564375 0.5884853734375 0.9269412734375001 0.5905801796875 0.9246516859374999 0.603645175
1 0.8096752515625001 0.6833194796875001 0.8068232953125 0.69161209375 0.8081192765624999 0.7047024640624999 0.8137061437499999 0.7126406281250001 0.8297563546875001 0.7191363796875 0.8476242296875001 0.7263453281250001 0.8565406781249999 0.7305373578125 0.8606596859375 0.7260112000000001 0.8603250062500001 0.711514759375 0.8583065359375001 0.702103696875 0.8555305921875 0.6975470609375 0.8160226125 0.681153709375 0.8096752515625001 0.6833194796875001
1 0.1637714921875 0.73568019375 0.166407646875 0.7488526765625 0.1753154578125 0.75988521875 0.18642504531249998 0.7732499953125 0.2079363265625 0.7932411687500001 0.2128493640625 0.7960498890625 0.21800434531250001 0.7907309296875 0.22235372031249998 0.7717830828125 0.2231367203125 0.765825465625 0.172864078125 0.7201596484375 0.166117503125 0.7229942375 0.1637714921875 0.73568019375
2 0.85 0.48671875 0.0484375 0.065625
1 0.3671875 0.59375 0.0640625 0.0734375
1 0.2229687890625 0.5286747375 0.264252309375 0.54424546875 0.268164790625 0.543269978125 0.27088711875000004 0.5333541296875 0.2685068046875 0.5154734140625 0.263404165625 0.5075085500000001 0.25275565 0.5064686843749999 0.22885668125 0.49395317343749995 0.21375121406250003 0.4958719703125 0.211573353125 0.50380465 0.215042596875 0.5177190234375 0.2229687890625 0.5286747375
1 0.94609375 0.7484375 0.059375 0.065625
1 0.55 0.578125 0.0703125 0.071875
1 0.01796875 0.259375 0.0359375 0.090625
2 0.00625 0.20703125 0.0125 0.0578125
2 0.071875 0.33828125 0.0484375 0.05625
2 0.25859375 0.1703125 0.04375 0.05
2 0.2546875 0.11640625 0.04375 0.05
2 0.1546875 0.234375 0.0484375 0.0546875
1 0.70703125 0.478125 0.065625 0.0703125
1 0.771875 0.54921875 0.0625 0.0703125
1 0.771875 0.72265625 0.0625 0.0671875
1 0.7046875 0.70546875 0.0640625 0.0671875
1 0.60234375 0.6421875 0.0625 0.0671875
1 0.3625 0.88046875 0.0546875 0.084375
1 0.9765625 0.5734375 0.046875 0.071875
1 0.83515625 0.7421875 0.0609375 0.0671875