0 0.45921493281250003 0.4847245203125 0.4563690859375 0.4971084375 0.45811076718750005 0.506986003125 0.64020284375 0.5071297203125 0.6738597375000001 0.5011951015625 0.6781086078125 0.49676811406250004 0.685114528125 0.473748896875 0.6845339671875 0.47045637500000004 0.66980775625 0.4696581125 0.5051750578124999 0.468699096875 0.464398946875 0.47419158125000005 0.45921493281250003 0.4847245203125
0 0.759024278125 0.33468821875 0.6142068671875001 0.33287218125 0.59088886875 0.3411122640625 0.5866055890624999 0.35064056718750003 0.5849475171875 0.3594479421875 0.588848746875 0.3685652171875 0.7540391718749999 0.36885318749999996 0.7622273109375 0.3658612140625 0.771128725 0.361711346875 0.7759820093750001 0.3580172453125 0.778349725 0.350632925 0.779382771875 0.343483940625 0.7801915609375001 0.3376646546875 0.7768162109375 0.334131328125 0.759024278125 0.33468821875
0 0.7779012046875 0.35329231562499996 0.92593198125 0.34731689062500004 0.9428413984375 0.341755 0.9462790265625 0.3326338390625 0.94709144375 0.3242336046875 0.9473265953125001 0.3151610671875 0.93095758125 0.3159831203125 0.809440015625 0.318831734375 0.7975603875 0.32170052656250003 0.7774484968750001 0.327311040625 0.7779012046875 0.35329231562499996
3 0.7375 0.22109375 0.0671875 0.059375
3 0.80078125 0.46875 0.08125 0.0375
3 0.33828125 0.97734375 0.1078125 0.0453125
2 0.87890625 0.01953125 0.0515625 0.0390625
2 0.81328125 0.00546875 0.0546875 0.0109375
2 0.8171875 0.090625 0.05 0.0421875
2 0.82109375 0.1640625 0.0515625 0.0421875
2 0.78203125 0.196875 0.0453125 0.0375
2 0.7828125 0.2390625 0.0453125 0.040625
2 0.765625 0.28359375 0.0484375 0.040625
2 0.70859375 0.46328125 0.0640625 0.03125
2 0.26015625 0.86171875 0.046875 0.046875
2 0.1734375 0.97890625 0.05625 0.0421875
2 0.2046875 0.9890625 0.05625 0.021875
1 0.75390625 0.14921875 0.0671875 0.0640625
1 0.68828125 0.11640625 0.06875 0.0640625
1 0.53046875 0.3703125 0.1015625 0.0703125
1 0.79140625 0.4171875 0.0953125 0.05
1 0.9515625 0.41328125 0.0859375 0.0453125
1 0.96796875 0.46328125 0.0640625 0.0390625
1 0.37734375 0.73515625 0.06875 0.0703125
1 0.30390625 0.75703125 0.0875 0.0875
1 0.3484375 0.840625 0.0765625 0.0765625
1 0.809375 0.8140625 0.0984375 0.071875
1 0.71953125 0.29609375 0.0734375 0.0640625