0 0.3523248234375 0.707353121875 0.358358290625 0.7018598078125 0.3551571765625 0.692211215625 0.3436285984375 0.67601105625 0.3358575578125 0.6739781234375 0.328001053125 0.675791940625 0.1416027828125 0.7581890078125 0.136194028125 0.7621713015625 0.14397388125 0.7726763171875 0.15372215625000002 0.7832736046875 0.16608911875000001 0.7883458640625001 0.176958175 0.7869299796875 0.32314125 0.72010456875 0.3523248234375 0.707353121875
0 0.1441367796875 0.7781186296875 0.1394628640625 0.7677148015624999 0.13118594687500001 0.7594186671875 0.118874621875 0.7533298265624999 0.11002277499999999 0.7543527343750001 0.1048619390625 0.7575856109375 0.052533271874999996 0.784514403125 0.0623837078125 0.8271813281249999 0.1071641609375 0.8029856499999999 0.132249465625 0.7915803968749999 0.14035817343749998 0.7853703734375 0.1441367796875 0.7781186296875
0 0.8286251390625001 0.325154065625 0.8541049671875 0.3181443703125 0.8842695562499999 0.30751688593750004 0.9611561937499999 0.2747811875 0.9535118406249999 0.24166985468750002 0.817128275 0.29709178281250004 0.8139876953125 0.30739815 0.8212226234375001 0.3169999609375 0.8286251390625001 0.325154065625
0 0.5778055921874999 0.7567133921875 0.5663130953125 0.755436496875 0.5607678453125 0.7556686781249999 0.5268325515625001 0.7784378265624999 0.6281507640624999 0.859588646875 0.638084665625 0.8601773343750001 0.646615784375 0.8587317890625 0.6584444078125 0.8533808359374999 0.6686570046875 0.8470929249999999 0.677138715625 0.8393705484374999 0.6791073375 0.8357719359375 0.6673931421875 0.8274719515625 0.5895442765625 0.7610775734375 0.5778055921874999 0.7567133921875
3 0.76015625 0.9015625 0.078125 0.0703125
3 0.28671875 0.05078125 0.1203125 0.053125
3 0.390625 0.22421875 0.071875 0.059375
3 0.92421875 0.30546875 0.0765625 0.04375
2 0.7 0.896875 0.0640625 0.05
2 0.7484375 0.59375 0.05 0.040625
2 0.52890625 0.7125 0.05625 0.0453125
2 0.4796875 0.68671875 0.05625 0.0453125
2 0.18125 0.3359375 0.0546875 0.046875
2 0.86640625 0.32734375 0.0625 0.0328125
1 0.771875 0.8546875 0.078125 0.0734375
1 0.91328125 0.759375 0.0765625 0.0671875
1 0.67578125 0.74765625 0.0796875 0.0734375
1 0.55 0.6703125 0.075 0.071875
1 0.3796875 0.86484375 0.1125 0.075
2 0.04921875 0.70703125 0.034375 0.0375
1 0.24453125 0.2703125 0.0890625 0.078125
1 0.096875 0.16640625 0.0828125 0.08125
1 0.446875 0.22421875 0.075 0.071875
1 0.58984375 0.409375 0.0765625 0.0703125
1 0.6890625 0.81953125 0.0671875 0.0671875
1 0.46640625 0.540625 0.06875 0.06875
1 0.2625 0.3921875 0.0765625 0.071875
1 0.390625 0.37734375 0.075 0.071875
1 0.88046875 0.37109375 0.0921875 0.05
1 0.55859375 0.5921875 0.071875 0.071875