0 0.3641839109375 0.8120954390625 0.3809333390625 0.8129772125000001 0.39749908437500003 0.81123225 0.416341803125 0.7973033046875 0.41499759375 0.6885878859375001 0.39706739375 0.6857356703125 0.3731750484375 0.6871131 0.361483984375 0.6914500609374999 0.34938768593749997 0.7049072515625 0.35530624375 0.7895465671874999 0.3556153140625 0.8088818859375 0.3641839109375 0.8120954390625
0 0.339120203125 0.9709280453125 0.34011709843750004 0.9851843125 0.3490641859375 0.986427278125 0.3629275265625 0.9867035968750001 0.38113438125 0.9857418828125001 0.38684936406250003 0.980359303125 0.3979016328125 0.9721120296875 0.3942421578125 0.8801833671875 0.3847006609375 0.8783591 0.3680603171875 0.8779655343749999 0.3509339234375 0.878540259375 0.34475456250000003 0.8852010484375 0.33499946875000003 0.896160525 0.339120203125 0.9709280453125
0 0.6690436531249999 0.192307565625 0.6730287640625 0.2868558234375 0.673789359375 0.29773284375000003 0.674376703125 0.31364396562499997 0.6836534125 0.3186080828125 0.6937083140625 0.3196774421875 0.71248489375 0.317773634375 0.7264953796875 0.3153168703125 0.730953125 0.3114602234375 0.7305419921875 0.30558075156250003 0.723458753125 0.19677399843750001 0.7159645484375 0.18725407031250002 0.7044237343749999 0.18747026093750002 0.6851038828125 0.1891166484375 0.6690436531249999 0.192307565625
3 0.44741427187499994 0.84123370625 0.4507515671875 0.8365868328125 0.4616848171875 0.8358223046875001 0.46858463125 0.8297493781249999 0.473758753125 0.8214432531250001 0.4754113078125 0.8151487828124999 0.4806878046875 0.80830666875 0.47937733906249996 0.737193703125 0.45772435 0.7342943203125001 0.43014245781250005 0.735211 0.4250679234375 0.738637515625 0.421730628125 0.743284390625 0.4192825078125 0.7531652984375 0.419162609375 0.7664142093749999 0.42445081875 0.7672213578125 0.42198517031250005 0.791815184375 0.41961895 0.8028673015625 0.422848059375 0.8191185984375 0.4163986890625 0.831633171875 0.4253927375 0.8330638828125 0.42686396875000004 0.8391399156249999 0.43596039218750005 0.8420346390625 0.44741427187499994 0.84123370625
3 0.596875 0.68515625 0.0453125 0.053125
3 0.62734375 0.025 0.0453125 0.05
2 0.97109375 0.4203125 0.05 0.021875
2 0.7984375 0.72265625 0.0359375 0.0359375
2 0.9953125 0.796875 0.009375 0.040625
2 0.334375 0.8328125 0.0390625 0.0390625
2 0.3203125 0.7984375 0.0390625 0.0375
2 0.2875 0.7953125 0.0328125 0.0359375
2 0.33515625 0.7046875 0.0328125 0.034375
1 0.43125 0.88515625 0.0515625 0.0609375
1 0.0953125 0.55390625 0.0984375 0.0375
1 0.32265625 0.75 0.0453125 0.059375
1 0.43125 0.94765625 0.0609375 0.0625
1 0.3828125 0.84453125 0.0453125 0.059375
1 0.48984375 0.70234375 0.046875 0.0546875
1 0.725 0.4671875 0.0484375 0.0609375
1 0.63984375 0.3796875 0.0578125 0.0625
1 0.61171875 0.25 0.0578125 0.0625
1 0.56484375 0.04921875 0.0484375 0.065625
1 0.3921875 0.2578125 0.103125 0.053125
1 0.1421875 0.05 0.0625 0.05625
1 0.01171875 0.0984375 0.0234375 0.053125
1 0.9375 0.8296875 0.1046875 0.053125
1 0.8765625 0.87109375 0.090625 0.0640625
3 0.13912997031250002 0.4316711671875 0.13929381093749998 0.4259541546875 0.13770886875 0.41940850156250004 0.13235223125 0.41534542031250005 0.11330468593750001 0.4169943296875 0.0965888515625 0.4197480921875 0.0892313625 0.41931165156250005 0.050301275 0.42678853906249997 0.053868190625 0.44555763437499996 0.07529156249999999 0.44564444375 0.13912997031250002 0.4316711671875
1 0.0578125 0.4125 0.0953125 0.03125
1 0.06015625 0.465625 0.0921875 0.03125
1 0.53125 0.28515625 0.071875 0.0671875
1 0.63984375 0.1078125 0.05 0.065625