0 0.562906009375 0.1864838546875 0.5854020281250001 0.0485307375 0.5838854421875 0.027860239062499997 0.5752914578125 0.0229172921875 0.5687195875 0.0197717828125 0.5641698296875 0.0220185765625 0.54091551875 0.1500858015625 0.53914616875 0.1819902671875 0.546729096875 0.1882812890625 0.5555758453124999 0.1914268 0.562906009375 0.1864838546875
0 0.39557606875 0.1819902671875 0.39582883281250003 0.20086333281250002 0.39734541874999996 0.21209730000000002 0.420346965625 0.2107492234375 0.43627111406249997 0.091669171875 0.43627111406249997 0.07908712812499999 0.434249 0.069650596875 0.42363290156250005 0.0647076515625 0.41251127343749994 0.062460857812500006 0.39557606875 0.1819902671875
0 0.41807208749999997 0.20895178906249998 0.409478103125 0.20625563750000003 0.4061921671875 0.20670499531250003 0.404170053125 0.2125466578125 0.3804102125 0.34825298125000004 0.38319061875 0.3693728390625 0.38647655468750003 0.372967709375 0.39557606875 0.37836001406249997 0.4026534671875 0.3801574484375 0.40821428125 0.37925873125 0.43096306406249996 0.23321715781250002 0.4281826578125 0.217489603125 0.423885665625 0.21164794062499998 0.41807208749999997 0.20895178906249998
0 0.43059434375 0.8993402734375 0.43170555468750005 0.92403385625 0.44115085 0.9309480593749999 0.45198515937500006 0.9339112890625 0.46226386406250003 0.9339112890625 0.4650418921875 0.9274909578124999 0.48504369374999995 0.7314239125 0.4814322578125 0.7096935609374999 0.45754121562499994 0.7003099984375 0.45254076562499995 0.6988283828124999 0.45198515937500006 0.7087058171875 0.43059434375 0.8993402734375
0 0.2864146890625 1 0.33391896875 0.8242717828125 0.3358635890625 0.8124188625000001 0.33308556093749997 0.8040230453125 0.3233624625 0.7956272265625 0.31363936406250004 0.791676253125 0.30502747812500003 0.7971088421875 0.301416040625 0.8040230453125 0.2489113109375 0.98675555625 0.2497447203125 0.9951513734375 0.25502297343749997 1 0.2864146890625 1
3 0.290625 0.275 0.0421875 0.05390625
3 0.1515625 0.16796875 0.04296875 0.05234375
3 0.490625 0.553125 0.025 0.08125
3 0.86953125 0.74375 0.08203125 0.06328125
3 0.49375 0.13515625 0.03671875 0.12109375
2 0.18828125 0.1859375 0.03125 0.040625
2 0.21640625 0.1796875 0.0265625 0.0453125
2 0.253125 0.19453125 0.03046875 0.04609375
2 0.1984375 0.22734375 0.03125 0.040625
2 0.27578125 0.23125 0.028125 0.03671875
2 0.3140625 0.23828125 0.02890625 0.03828125
2 0.35078125 0.2578125 0.0296875 0.0375
2 0.153125 0.08046875 0.03046875 0.0359375
2 0.5234375 0.37109375 0.01953125 0.0546875
2 0.6875 0.78359375 0.034375 0.04453125
2 0.725 0.80390625 0.03515625 0.040625
2 0.7984375 0.853125 0.03671875 0.0484375
2 0.9234375 0.88203125 0.03828125 0.04453125
2 0.465625 0.6390625 0.02109375 0.06015625
1 0.0265625 0.0890625 0.0515625 0.07265625
1 0.13671875 0.378125 0.0515625 0.0609375
1 0.18984375 0.3015625 0.05 0.05546875
1 0.13828125 0.265625 0.05 0.0625
1 0.2421875 0.25625 0.0484375 0.05390625
1 0.35546875 0.30390625 0.04921875 0.06015625
1 0.43515625 0.35390625 0.0359375 0.084375
1 0.50390625 0.2546875 0.03828125 0.09375
1 0.828125 0.30703125 0.05 0.07734375
1 0.815625 0.3578125 0.04765625 0.07890625
1 0.925 0.8296875 0.06875 0.06953125
1 0.69921875 0.74453125 0.06796875 0.0703125
1 0.690625 0.67578125 0.05546875 0.05546875
1 0.7796875 0.71875 0.059375 0.05859375
1 0.37578125 0.92109375 0.03671875 0.109375
1 0.3796875 0.45625 0.0515625 0.06953125
1 0.69765625 0.621875 0.05390625 0.053125