1 0.402583075 1 0.40768586406249996 0.987547128125 0.3914577078125 0.9820091515625 0.37956230468749996 0.9813655828125001 0.3672394421875 1 0.402583075 1
1 0.38189338125 0.9126717640625 0.36992143125 0.9559240125 0.37976184687500003 0.9601763984374999 0.3919260390625 0.9620845078125001 0.4047076203125 0.9580460265624999 0.417061978125 0.909954471875 0.3953062 0.9071774343750001 0.38709845781249996 0.908393375 0.38189338125 0.9126717640625
2 0.5095882765625 0.94474033125 0.48884004062499997 0.9422778046875001 0.47947733281250005 0.9469112562499999 0.4725736140625 0.9586877375 0.46649010312500006 0.9787485859375 0.4816431125 0.9792283984375001 0.4895283109375 0.976495009375 0.5037259 0.9592031499999999 0.5110796328125 0.9473310140625 0.5095882765625 0.94474033125
2 0.43742536875000004 1 0.4501621765625 0.9838052015625 0.44946333281250006 0.9805173953124999 0.4271162265625 0.97495836875 0.418868575 0.9804121453124999 0.4108498 0.9913683015625001 0.407794828125 1 0.43742536875000004 1
2 0.553313534375 0.718956184375 0.5445283078125 0.7218808796875 0.5392572609374999 0.7391256875 0.5362761875000001 0.7516543921875 0.5442289921875 0.7536646546875 0.5558018546875 0.752790775 0.56247833125 0.7532219890625 0.581907059375 0.7229231578124999 0.5707166046875 0.7189577328125 0.553313534375 0.718956184375
0 1 0.6586574765625001 0.8128018453125 0.6519051828125 0.803990559375 0.663558459375 0.799169525 0.6807076140625 0.8062699578125001 0.68977175625 1 0.7019543500000001 1 0.6586574765625001
3 0.45024721874999996 0.8138199625 0.43817832812499996 0.8256369953125 0.42576247343749996 0.8623752343750001 0.425985246875 0.8744872750000001 0.4625914390625 0.8741077578124999 0.4745467078125 0.8683945703125 0.48048279687499995 0.8520657421875001 0.48874102343750003 0.815682565625 0.45024721874999996 0.8138199625
1 0.47285140468750003 0.6966718625 0.45689694843749995 0.7455286421875 0.46504482812500003 0.75066945625 0.4830054265625 0.7510811687500001 0.49391349375000004 0.7492924703125 0.5059945953125 0.7242561109375 0.5181893140625 0.6931159046875 0.48234158125000004 0.690425309375 0.47285140468750003 0.6966718625
1 0.3985447984375 0.8493915546874999 0.3999962453125 0.8562200750000001 0.4250495328125 0.8545955187500001 0.43968165 0.8150071890625 0.4447177125 0.7988696671875 0.40843406250000003 0.8007666328124999 0.401450525 0.8210187875000001 0.3985447984375 0.8493915546874999
1 0.27624558593750004 0.8404948843750001 0.2594199953125 0.83878458125 0.24251458750000002 0.845549953125 0.23784097656249997 0.8589670859374999 0.22841393906250002 0.8942770265625001 0.2499546859375 0.8960424328125001 0.2589549390625 0.89412936875 0.2722985171875 0.8661813140625 0.2800884140625 0.84972278125 0.27624558593750004 0.8404948843750001
2 0.1733238625 0.97365645 0.1802752328125 0.9687425390625 0.180516321875 0.9610255890625 0.18106610625 0.95033534375 0.18204594999999998 0.9416683656249999 0.17229309375 0.9400407140624999 0.16632930937499998 0.9473880515624999 0.1577591140625 0.9513243796875 0.14995536874999998 0.96329216875 0.14328663125000002 0.9739613625000001 0.1601460234375 0.9780434937500001 0.1733238625 0.97365645
1 0.8868464062499999 0.646210025 0.8947837265624999 0.6260194703125 0.885715865625 0.62318888125 0.8306990593749999 0.6232523421875 0.8109384109375 0.6232232421874999 0.80150199375 0.629722703125 0.801577340625 0.645566765625 0.8379285968750001 0.648413453125 0.8770536421875 0.6488202109375 0.8868464062499999 0.646210025
1 0.9549025656250001 0.596852071875 0.9835559546875 0.594462290625 0.9893385140625 0.588475146875 0.9921444671874999 0.5706969703125 0.9852529609375 0.5692541249999999 0.8953901015625 0.5735523265625 0.87873963125 0.57709149375 0.87640364375 0.592655096875 0.879997640625 0.5984995359374999 0.9048159437500001 0.5979822640625 0.9549025656250001 0.596852071875
1 0.6159266703124999 0.424923978125 0.584465690625 0.42738186406249995 0.5724183921875 0.45479005 0.566422440625 0.4774756328125 0.5724953765625 0.4883441828125 0.5795481578125 0.490545753125 0.6047688234375 0.4830702578125 0.61527875 0.4639188890625 0.6223083015624999 0.43281923281249995 0.6159266703124999 0.424923978125
1 0.6012521265624999 0.29614017187499997 0.5868350375 0.3367401359375 0.5894691453124999 0.349132634375 0.6073022765625 0.3511574484375 0.6277678765625 0.3478646890625 0.6511697328125 0.2831508453125 0.6389318296875001 0.283108746875 0.6022181203125 0.282982446875 0.6012521265624999 0.29614017187499997
1 0.5419487140625 0.57255145625 0.5341510734375 0.5779095796875 0.5205004359375 0.626541003125 0.5275670640625 0.63323331875 0.5518278421875 0.6323058859375 0.561855590625 0.628588415625 0.5736047671875 0.5732241250000001 0.55733670625 0.5719239859374999 0.5419487140625 0.57255145625
1 0.5105248078125 0.6128013109375 0.515427296875 0.60488655625 0.5226519234375 0.5769174515625 0.524356671875 0.5628096953124999 0.5133812468750001 0.5598559 0.4946619390625 0.562513140625 0.486776740625 0.5652465296875 0.473844903125 0.6150468390625 0.47958144843749995 0.6199071953125 0.4977770296875 0.6192116203125 0.505642275 0.61859715 0.5105248078125 0.6128013109375
2 0.3695762875 0.49182577343749995 0.35953022031250004 0.5153722359375 0.3666905140625 0.5180796234375 0.3906625515625 0.518006565625 0.40097904062499995 0.5134347171875 0.4017222625 0.48816495312499997 0.39634817031249997 0.4805842078125 0.3828477890625 0.483453803125 0.3695762875 0.49182577343749995
3 0.3260379203125 0.6321901140625 0.321169234375 0.642476696875 0.3094245265625 0.6735212515625 0.33616424375 0.6776179296875 0.344969425 0.6725743140625 0.367936753125 0.6301569421875 0.3643765609375 0.6266843296875 0.3418282734375 0.624604415625 0.3260379203125 0.6321901140625
1 0.1298962765625 0.5657684453125 0.12098358125 0.5703062437499999 0.1189701375 0.5873872953125 0.19580258281250001 0.5837441171875 0.20223633593749998 0.5741822078125 0.20120109843749998 0.5648862078125 0.1939870484375 0.5619259125 0.1298962765625 0.5657684453125
1 0.1173219796875 0.5597181515625 0.0536274625 0.5632121234375 0.0451847359375 0.56553535 0.0417874515625 0.580531534375 0.0450788578125 0.58273960625 0.10925719062499999 0.5815218078125 0.122307559375 0.578747865625 0.12565108593750002 0.563498771875 0.1173219796875 0.5597181515625
2 0.131476828125 0.5886939359375 0.1230479484375 0.5955079078125001 0.123001934375 0.6063554078125 0.16029312499999998 0.60477295 0.1779910453125 0.5973104578124999 0.1780847109375 0.5933255296875 0.16313288125 0.5893666046875 0.131476828125 0.5886939359375
2 0.0294896859375 0.5868461890625001 0.02161059375 0.582969915625 0.0063384484375 0.5823721734375 0.01003625625 0.5997689921875 0.0223709375 0.5976110390625 0.036663828125 0.594044321875 0.0367574953125 0.59005939375 0.0294896859375 0.5868461890625001
1 0.11323850312499999 0.63565715625 0.115064615625 0.6265459609375 0.10948934218749999 0.6224443281250001 0.09766765 0.6199347484375 0.0501735890625 0.6199852078125 0.0353708203125 0.6300043343749999 0.040470021875 0.6429302 0.090086675 0.644014578125 0.1068984171875 0.6412341359375 0.11323850312499999 0.63565715625
0 0 0.5525521171875 0.0038862515625000004 0.5708354921875001 0.025565403125000004 0.5683838953125 0.030083848437499998 0.547598371875 0.02310478125 0.5435307921875 0 0.5437030140625 0 0.5525521171875
2 0 0.459422346875 0.01880375625 0.4458481890625 0.026768771875000003 0.434639125 0.021085985937500003 0.43003167812500004 0.0136508 0.4326694125 0 0.43404205156250003 0 0.459422346875
1 0.5899170796875 0.253876959375 0.6028122812500001 0.24373462968749998 0.6092382921875 0.22307231249999998 0.6193780234374999 0.1955409203125 0.6175502765625 0.18694204375 0.5970170703125001 0.18549115 0.5819117125 0.1918739078125 0.574263134375 0.2112100828125 0.5653919859375 0.229220115625 0.5606247093750001 0.24662217968750003 0.5673150375 0.2515441375 0.5802717375 0.2527551234375 0.5899170796875 0.253876959375
1 0.529035103125 0 0.5141246546875 0.02785661875 0.51346735625 0.0380410484375 0.5159124921875 0.040693334375 0.5327918421875 0.0426565453125 0.544922228125 0.042192828125 0.5665334140625 0.006672078125 0.56995765 0 0.529035103125 0
1 0.4471379765625 0.16633235156249998 0.43065205312500004 0.20605038750000002 0.4327624359375 0.22040454999999998 0.46584224062499996 0.21892424687499998 0.46501592656249996 0.21724954375 0.4874041359375 0.158830853125 0.4733861375 0.1570524484375 0.45392807656249995 0.1606597171875 0.4471379765625 0.16633235156249998
1 0.22495187187500001 0.2783214484375 0.2797825421875 0.22648796875000002 0.272749715625 0.22216747812499998 0.2522763734375 0.2143598296875 0.23537096562499998 0.2211252 0.18637661249999998 0.2672244453125 0.22495187187500001 0.2783214484375
1 0.1963517984375 0.2035141875 0.1812940921875 0.2167595171875 0.14786121562500001 0.2497706875 0.1478750640625 0.2542614328125 0.179538859375 0.26603450781250004 0.2308968984375 0.21335315000000002 0.22833039687499998 0.20570430312500002 0.2065945765625 0.2008083484375 0.1963517984375 0.2035141875