2 0.06875 0.1015625 0.02890625 0.0421875
1 0.0921875 0.2484375 0.0515625 0.06640625
1 0.1953125 0.234375 0.05078125 0.0578125
2 0.2578125 0.19375 0.03046875 0.040625
2 0.2796875 0.2359375 0.02890625 0.05078125
2 0.31796875 0.24140625 0.03046875 0.04609375
2 0.3546875 0.2609375 0.02890625 0.04453125
3 0.28203125 0.271875 0.0453125 0.0609375
1 0.35703125 0.309375 0.04765625 0.06640625
1 0.50234375 0.11328125 0.02578125 0.07421875
3 0.5463267546874999 0.1466861609375 0.5548245609375 0.0969785578125 0.5490679828125 0.08723196875 0.5353618421874999 0.08723196875 0.5271381578125001 0.13937621875 0.529331140625 0.15009746562499998 0.5419407890625 0.1554580890625 0.5463267546874999 0.1466861609375
2 0.542489034375 0.17348927812499998 0.542489034375 0.16228070156250002 0.5290570171875 0.1564327484375 0.524671053125 0.1949317734375 0.52741228125 0.211988303125 0.5372807015625 0.20029239687499997 0.542489034375 0.17348927812499998
0 0.5422149125 0.3479532171875 0.54605263125 0.3401559453125 0.571820175 0.18615984375 0.571820175 0.159356725 0.5471491234375 0.1505847953125 0.5452302625 0.15448343125 0.5205592109375 0.29483430781250003 0.5178179828125 0.332846003125 0.522203946875 0.3401559453125 0.5422149125 0.3479532171875
0 0.43366228125 0.143274853125 0.430098684375 0.1228070171875 0.408991228125 0.118421053125 0.4059758765625 0.12573099375000002 0.3884320171875 0.25146198750000004 0.390625 0.280214425 0.4141995609375 0.286062378125 0.43366228125 0.143274853125
0 0.42406798281249997 0.30847953281249996 0.41173245625000005 0.29191033125 0.393366228125 0.294346978125 0.36540570156249996 0.4424951265625 0.3703399125 0.46637426875 0.39610745625 0.47319688125 0.42406798281249997 0.30847953281249996
1 0.449561403125 0.3771929828125 0.46655701718750003 0.312865496875 0.461348684375 0.3006822609375 0.453125 0.2928849890625 0.44709429843750004 0.2958089671875 0.42900219375 0.3552631578125 0.42900219375 0.3713450296875 0.4416118421875 0.3820662765625 0.449561403125 0.3771929828125
1 0.726151315625 0.6427875234375 0.7275219296875 0.6154970765625001 0.712445175 0.6096491234375 0.6916118421874999 0.5984405453125 0.67571271875 0.5974658875000001 0.6716008765625 0.6140350875 0.67269736875 0.631578946875 0.7223135968750001 0.651072125 0.726151315625 0.6427875234375
1 0.678179825 0.690545809375 0.7171052625 0.7051656921875 0.720668859375 0.6959064328125 0.720668859375 0.6656920078125 0.6768092109375 0.648635478125 0.6694078953125 0.6505847953125 0.66639254375 0.6637426890625 0.665296053125 0.673489278125 0.6688596484375 0.6851851859375 0.678179825 0.690545809375
1 0.731633771875 0.7831384015625 0.7349232453125001 0.7387914234374999 0.673793859375 0.7124756328124999 0.6685855265625 0.7261208578125 0.6685855265625 0.7431773875000001 0.6732456140624999 0.76023391875 0.731633771875 0.7831384015625
1 0.758223684375 0.6881091625 0.751918859375 0.69980506875 0.7524671046875 0.729044834375 0.8103070171875 0.75 0.8119517546875 0.7144249515625 0.7998903515625 0.703703703125 0.758223684375 0.6881091625
2 0.8900767546875 0.9108187140625 0.90625 0.9249512671875 0.9262609656249999 0.9288499031249999 0.92900219375 0.8932748531250001 0.8947368421874999 0.8825536062499999 0.8862390343750001 0.8937621828125 0.88349780625 0.9000974656249999 0.8900767546875 0.9108187140625
2 0.9682017546875 0.9147173484375 0.9731359656249999 0.9025341125 0.97258771875 0.8815789468749999 0.9714912281249999 0.8781676421875 0.9462719296875 0.8723196874999999 0.9306469296875 0.8810916171875001 0.9380482453125 0.8957115015625 0.9498355265624999 0.9078947375 0.9682017546875 0.9147173484375
2 0.991776315625 0.8786549703125001 0.9989035093749999 0.8460038984375 0.97724780625 0.8269980515625001 0.9536732453125 0.8367446390625 0.9588815796875 0.8557504874999999 0.9832785093749999 0.8820662765625 0.991776315625 0.8786549703125001
3 0.9048793859375 0.5891812859375001 0.868695175 0.5638401562500001 0.8623903515625001 0.5843079921875 0.859375 0.6033138390625 0.9089912281249999 0.6403508765625 0.91474780625 0.6330409359375 0.9174890343750001 0.6057504875 0.915570175 0.5994152046875 0.9048793859375 0.5891812859375001
1 0.8464912281249999 0.30409356718749997 0.8220942984375 0.26510721249999997 0.8149671046875 0.2738791421875 0.80235745625 0.29337231875 0.8393640343750001 0.35233918124999997 0.84923245625 0.34551656875000003 0.8571820171875 0.3255360625 0.8464912281249999 0.30409356718749997