0 0.734975959375 0.7955701609375 0.7292286781249999 0.7791950187500001 0.7229132890625001 0.7761924765625 0.7182289374999999 0.775435178125 0.7146105375 0.7755615359375 0.7082294015625 0.7780865703125001 0.7022351984374999 0.7842816125 0.697258765625 0.7899806734375 0.6956583359375 0.7960222828125 0.6967709546874999 0.80565266875 0.7520785921875001 0.99150199375 0.789654584375 0.9901898109375 0.7926527 0.9873920890625 0.7924278703125001 0.98095378125 0.7398672515625 0.8096637843750001 0.734975959375 0.7955701609375
0 0.5274144609375 0.547979025 0.5227147109375 0.5471652828125 0.51750016875 0.547347378125 0.51286863125 0.5484869765625 0.5066586078124999 0.551637415625 0.5026782875 0.55568785625 0.5018517375 0.5713624890625 0.52282335625 0.7706026500000001 0.5288596453125 0.7782147421875 0.537367584375 0.7779176390625 0.544418009375 0.77522678125 0.5513490640625001 0.7691175796875 0.5517460859375001 0.75688045625 0.5499661671875 0.7373853984375 0.53015575625 0.5635290671875001 0.5274144609375 0.547979025
0 0.5912119140625001 0.087454453125 0.5861911859375 0.086300509375 0.5824140484375 0.0851031390625 0.5762733609375 0.087533028125 0.5718891578124999 0.0903446671875 0.5685461890625 0.09444921875 0.5666477171875 0.1042634984375 0.5657286640625 0.113600484375 0.5865441671875 0.26042261093749997 0.59269885625 0.265524765625 0.6026784984375 0.26606245 0.6115241765625 0.2626519203125 0.6146058734375 0.2439345203125 0.6146396859375 0.230640634375 0.5966470046875 0.11473624375 0.5912119140625001 0.087454453125
0 0.5531781984374999 0 0.5706471843750001 0.08928743125000001 0.5962189203125 0.0955408765625 0.59763268125 0.078518734375 0.5967744046875 0.0611292796875 0.584120203125 0 0.5531781984374999 0
0 0.57890625 0.8515625 0.03125 0.1015625
3 0.2046875 0.82265625 0.0890625 0.11875
3 0.546875 0.46484375 0.0390625 0.14375
3 0.70859375 0.24765625 0.0484375 0.0609375
3 0.85546875 0.12734375 0.0484375 0.0578125
1 0.9203125 0.115625 0.059375 0.0796875
1 0.91640625 0.07578125 0.0515625 0.0609375
1 0.83359375 0.1015625 0.05625 0.059375
2 0.81484375 0.1890625 0.034375 0.0421875
2 0.81796875 0.146875 0.0328125 0.0453125
2 0.76953125 0.1734375 0.0328125 0.046875
2 0.7640625 0.1453125 0.034375 0.0421875
2 0.7265625 0.19921875 0.0328125 0.04375
2 0.6921875 0.20703125 0.0328125 0.0453125
2 0.6625 0.22265625 0.0328125 0.0421875
2 0.52265625 0.52109375 0.0203125 0.053125
2 0.50234375 0.3765625 0.0203125 0.059375
2 0.4875 0.41953125 0.0203125 0.059375
2 0.4390625 0.221875 0.0203125 0.0625
2 0.61015625 0.94765625 0.028125 0.075
2 0.32265625 0.80078125 0.0390625 0.0515625
2 0.284375 0.82265625 0.0390625 0.0453125
2 0.2578125 0.803125 0.034375 0.0671875
2 0.19140625 0.6828125 0.0390625 0.0515625
2 0.05390625 0.81484375 0.04375 0.053125
1 0.9734375 0.253125 0.0359375 0.0609375
1 0.97421875 0.15234375 0.03125 0.0703125
1 0.890625 0.21953125 0.0546875 0.0671875
1 0.83515625 0.26484375 0.05625 0.0640625
1 0.75625 0.2296875 0.053125 0.0640625
1 0.89140625 0.3828125 0.0640625 0.0796875
1 0.60703125 0.3703125 0.0578125 0.0796875
1 0.3109375 0.76015625 0.075 0.078125
1 0.31328125 0.6859375 0.0609375 0.0609375
1 0.2359375 0.7265625 0.0671875 0.065625
1 0.10546875 0.83828125 0.075 0.075
1 0.16015625 0.36953125 0.05 0.0875