1 0.1223958328125 0.7662037046875 0.1123046875 0.769097221875 0.076822915625 0.846064815625 0.0986328125 0.8697916671874999 0.1360677078125 0.7881944437499999 0.1223958328125 0.7662037046875
1 0.1207682296875 0.8396990734375 0.1119791671875 0.8535879625 0.1123046875 0.8692129625 0.1402994796875 0.946759259375 0.1640625 0.9166666671874999 0.134765625 0.8385416671874999 0.1207682296875 0.8396990734375
1 0.1083984375 0.9293981484374999 0.1116536453125 0.908564815625 0.1067708328125 0.88773148125 0.098958334375 0.877314815625 0.0384114578125 0.925347221875 0.0445963546875 0.96585648125 0.052408853125 0.9704861109375 0.1083984375 0.9293981484374999
2 0.25 0.76484375 0.03984375 0.0359375
1 0.1640625 0.57265625 0.05859375 0.05703125
1 0.29140625 0.46953125 0.0546875 0.04453125
1 0.087239584375 0.40046296249999996 0.085286459375 0.3825231484375 0.0296223953125 0.3697916671875 0.0244140625 0.3981481484375 0.0276692703125 0.41030092656250006 0.079427084375 0.42881944375 0.087239584375 0.40046296249999996
1 0.1461588546875 0.38368055624999997 0.089192709375 0.37789351875 0.085286459375 0.41493055625 0.091796875 0.421875 0.1461588546875 0.43171296249999996 0.1461588546875 0.38368055624999997
1 0.1875 0.34259259375 0.1809895828125 0.334490740625 0.1337890625 0.3362268515625 0.12890625 0.3645833328125 0.134765625 0.3796296296875 0.1848958328125 0.3854166671875 0.1875 0.34259259375
0 0.313802084375 0.388310184375 0.3125 0.3478009265625 0.299153646875 0.3327546296875 0.189453125 0.334490740625 0.1878255203125 0.3767361109375 0.200520834375 0.3912037046875 0.305338540625 0.40219907343749994 0.313802084375 0.388310184375
3 0.2626953125 0.408564815625 0.24609375 0.392939815625 0.1595052078125 0.3900462953125 0.15625 0.4380787046875 0.1770833328125 0.45891203750000004 0.2626953125 0.462384259375 0.2626953125 0.408564815625
0 0.130859375 0.3177083328125 0.1149088546875 0.3015046296875 0.0315755203125 0.30034722187499996 0.024739584375000002 0.310185184375 0.021809896875000002 0.353009259375 0.0390625 0.3674768515625 0.12890625 0.368634259375 0.130859375 0.3177083328125
1 0.2822265625 0.3119212953125 0.281575521875 0.2858796296875 0.271484375 0.28125 0.2275390625 0.28125 0.224609375 0.28819444375000003 0.223958334375 0.321759259375 0.2314453125 0.325810184375 0.277018228125 0.32696759375 0.2822265625 0.3119212953125
2 0.19140625 0.30555555624999997 0.1819661453125 0.2910879625 0.1552734375 0.2951388890625 0.1559244796875 0.328125 0.1669921875 0.3321759265625 0.1920572921875 0.32118055624999997 0.19140625 0.30555555624999997
2 0.2984375 0.321875 0.0328125 0.03828125
2 0.20625 0.29765625 0.0375 0.03125
2 0.2140625 0.2703125 0.03515625 0.03359375
1 0.1539713546875 0.1828703703125 0.1083984375 0.158564815625 0.1022135421875 0.18807870468750001 0.1041666671875 0.1956018515625 0.1451822921875 0.2303240734375 0.1520182296875 0.22453703749999998 0.1604817703125 0.1973379625 0.1539713546875 0.1828703703125
1 0.185546875 0.818865740625 0.171875 0.840277778125 0.1728515625 0.857060184375 0.205078125 0.9444444437499999 0.227213540625 0.9143518515625001 0.1956380203125 0.8142361109375 0.185546875 0.818865740625
2 0.52890625 0.95703125 0.025 0.06875
2 0.55625 0.71484375 0.0421875 0.0375
1 0.66015625 0.65390625 0.0609375 0.059375
3 0.7109375 0.60859375 0.05546875 0.040625
1 0.84140625 0.66484375 0.06640625 0.0546875
1 0.90390625 0.63203125 0.06015625 0.05078125
1 0.7805989578125 0.5515046296875 0.7786458328125 0.55960648125 0.7766927078125 0.59664351875 0.8444010421874999 0.61053240625 0.845703125 0.560185184375 0.7805989578125 0.5515046296875
1 0.9052734375 0.699652778125 0.8977864578125001 0.7413194437499999 0.9033203125 0.7575231484375 0.9586588546874999 0.7887731484375 0.9658203125 0.7424768515625 0.9052734375 0.699652778125
1 0.8450520828125001 0.5462962953125 0.8447265625 0.5891203703125 0.9134114578125001 0.591435184375 0.9069010421874999 0.5370370375 0.8450520828125001 0.5462962953125
1 0.591796875 0.47858796249999996 0.5823567703125 0.475115740625 0.5712890625 0.5005787046875 0.5732421875 0.5173611109375 0.623046875 0.5706018515625 0.6380208328125 0.52835648125 0.591796875 0.47858796249999996
1 0.5221354171875 0.34664351875 0.5553385421875 0.408564815625 0.5729166671875 0.37789351875 0.5393880203125 0.318865740625 0.5221354171875 0.34664351875
1 0.9134114578125001 0.178240740625 0.9244791671874999 0.21354166718749998 0.9749348953125001 0.174189815625 0.9580078125 0.1359953703125 0.9134114578125001 0.178240740625
1 0.55859375 0.10300925937500001 0.5553385421875 0.06365740625 0.5514322921875 0.0214120375 0.5302734375 0.0329861109375 0.5361328125 0.10821759375 0.5419921875 0.11805555625 0.5553385421875 0.1140046296875 0.55859375 0.10300925937500001
1 0.6100260421875 0.10069444375 0.6025390625 0.0214120375 0.5830078125 0.028935184375 0.5807291671875 0.046875 0.58984375 0.1203703703125 0.6080729171875 0.11631944375 0.6100260421875 0.10069444375
1 0.6028645828125 0 0.607421875 0.07118055625 0.6318359375 0.0665509265625 0.6285807296875 0.0005787046875 0.6028645828125 0
1 0.5774739578125 0.0526620375 0.5755208328125 0 0.5530598953125 0.0017361109374999999 0.5550130203125 0.05208333281250001 0.5579427078125 0.068865740625 0.5755208328125 0.0665509265625 0.5774739578125 0.0526620375
3 0.5843098953125 0.064814815625 0.5634765625 0.07118055625 0.5615234375 0.09201388906249999 0.5686848953125 0.153935184375 0.5927734375 0.146990740625 0.5895182296875 0.11631944375 0.5843098953125 0.064814815625
2 0.4768880203125 0.2638888890625 0.4703776046875 0.27777777812500004 0.4801432296875 0.32928240625 0.4993489578125 0.3165509265625 0.4869791671875 0.265625 0.4768880203125 0.2638888890625
1 0.4729817703125 0.1481481484375 0.4886067703125 0.2297453703125 0.5107421875 0.2141203703125 0.4931640625 0.12847222187500001 0.4729817703125 0.1481481484375