0 0.378485671875 0.7100288515625001 0.3803432765625 0.702783453125 0.379096803125 0.6963709046875 0.3750966515625 0.690493615625 0.3690071890625 0.682268721875 0.36058077499999996 0.680923446875 0.35157595937499997 0.6829032828125 0.1918009 0.747234603125 0.18029375 0.753143003125 0.183113753125 0.7592496890625 0.1886379078125 0.7666665578125 0.1966513015625 0.7742880015625 0.20489924375 0.776815353125 0.21441984062500002 0.7774889859375 0.378485671875 0.7100288515625001
0 0.1807793078125 0.75727226875 0.17558398749999998 0.7523310640624999 0.1660850703125 0.7470361750000001 0.1594438984375 0.74554991875 0.151128290625 0.7481581562499999 0.048307749999999997 0.7966663515625 0.0562049046875 0.8372936890625 0.1547387515625 0.7885187734375 0.1818971671875 0.773916359375 0.18445446875 0.7652861359375 0.1807793078125 0.75727226875
0 0.41106863593750004 0.6451603718750001 0.4191890265625 0.645928878125 0.428578696875 0.643463634375 0.45070194218750004 0.6342560484375 0.4646127 0.6277116046875 0.46113328906250006 0.6234806703125 0.403276903125 0.5406353734375 0.3989799734375 0.5380568640625001 0.391710978125 0.5377629390625 0.38021280625 0.5391445187499999 0.3503288375 0.5494339203124999 0.3470248953125 0.5539166078125 0.34717865937500003 0.5566603890625 0.40673783124999996 0.6404548546875 0.41106863593750004 0.6451603718750001
0 0.8223375578125 0.376380271875 0.8366787062500001 0.3738309140625 0.873180196875 0.36316155 0.974997521875 0.3232288765625 0.9699359640624999 0.29718941875 0.9481247328125001 0.3016527390625 0.809756490625 0.3530915921875 0.8132959 0.36693865468750003 0.8223375578125 0.376380271875
3 0.6234375 0.54765625 0.065625 0.053125
3 0.5 0.68515625 0.06875 0.0640625
3 0.646875 0.45078125 0.090625 0.0953125
3 0.91015625 0.3625 0.06875 0.0375
1 0.79765625 0.88828125 0.06875 0.0640625
1 0.73359375 0.8390625 0.0703125 0.0609375
1 0.8125 0.7015625 0.0625 0.0609375
1 0.59609375 0.67734375 0.0671875 0.065625
1 0.56328125 0.59765625 0.0703125 0.0671875
1 0.4375 0.515625 0.0640625 0.065625
1 0.4921875 0.3640625 0.065625 0.0625
3 0.44765625 0.2296875 0.0703125 0.0546875
2 0.33359375 0.46875 0.046875 0.0421875
0 0.42367054687500005 0.06963292812500001 0.3693554171875 0.0160363875 0.3015325546875 0.029219815625 0.3741714265625 0.0994129953125 0.410382575 0.0877546234375 0.41695857968750005 0.0812267921875 0.42367054687500005 0.06963292812500001
2 0.85625 0.38046875 0.0546875 0.0265625
2 0.5296875 0.76484375 0.0515625 0.0390625
2 0.671875 0.84140625 0.05625 0.04375
1 0.5828125 0.4609375 0.05625 0.059375
1 0.384375 0.36171875 0.065625 0.0625
1 0.36953125 0.1953125 0.071875 0.0671875
1 0.190625 0.16640625 0.08125 0.071875
1 0.0734375 0.13203125 0.0890625 0.0796875
2 0.13203125 0.24609375 0.0515625 0.0453125
1 0.54140625 0.1265625 0.0875 0.0640625
1 0.62734375 0.12890625 0.0890625 0.0640625
1 0.515625 0.54296875 0.0640625 0.0625
1 0.528125 0.61953125 0.05625 0.0609375
1 0.86796875 0.4203125 0.0828125 0.0421875
1 0.2046875 0.30234375 0.071875 0.06875