0 0.1903892046875 0.35150704843749997 0.1906712625 0.3740716953125 0.2011074109375 0.3911205390625 0.30659713437499997 0.3981406515625 0.311392121875 0.38510330000000004 0.3111100640625 0.35802572499999996 0.308007425 0.3464926828125 0.29644304374999997 0.33495964218749996 0.205056225 0.3324524578125 0.1965944828125 0.33195102187500003 0.1915174375 0.338469696875 0.1903892046875 0.35150704843749997
0 0.023883334375000002 0.3270374140625 0.0244519859375 0.3457397078125 0.036109328125 0.36191466562499996 0.12481885781249999 0.3664638703125 0.1273777859375 0.3518053171875 0.1287994140625 0.333103021875 0.1273777859375 0.3204663375 0.11173988906250001 0.30833511874999997 0.0355406765625 0.307324184375 0.0307071453125 0.30631325 0.0267265890625 0.309851521875 0.023883334375000002 0.3270374140625
0 0.5341010046875 0.68825170625 0.5341010046875 0.708835921875 0.537366771875 0.7156973265625 0.6460276765625 0.7236143328125 0.65315298125 0.716752928125 0.6549343078125001 0.6935297109375 0.65285609375 0.67188989375 0.5548831453124999 0.6623894875 0.538851209375 0.6597504859375001 0.53439789375 0.6676674921875 0.5341010046875 0.68825170625
3 0.5720418781250001 0.14772627656249998 0.5808467546875 0.1516395546875 0.587725565625 0.1462587953125 0.5896516328125 0.1364756 0.58662495625 0.1105501265625 0.5880007171875 0.1037018890625 0.5833231265625 0.0645691015625 0.5640624578125 0.0689715390625 0.5640624578125 0.09147289374999999 0.5720418781250001 0.14772627656249998
3 0.8453125 0.65234375 0.05859375 0.0421875
3 0.0921875 0.534375 0.05234375 0.05
2 0.24765625 0.7640625 0.03359375 0.03515625
2 0.17421875 0.3125 0.03359375 0.03515625
2 0.2078125 0.3 0.03359375 0.0375
2 0.2140625 0.26796875 0.03359375 0.0296875
2 0.296875 0.31953125 0.0328125 0.02890625
1 0.05703125 0.39765625 0.0578125 0.05546875
1 0.1171875 0.40234375 0.0578125 0.05390625
1 0.159375 0.3578125 0.05390625 0.04765625
1 0.2546875 0.30390625 0.0546875 0.04296875
1 0.28984375 0.46875 0.05 0.04296875
1 0.33984375 0.6875 0.053125 0.04609375
1 0.13828125 0.89296875 0.0453125 0.0984375
1 0.19921875 0.878125 0.05234375 0.1125
2 0.528125 0.9609375 0.0203125 0.0625
1 0.54609375 0.071875 0.02578125 0.0890625
1 0.59609375 0.0734375 0.02421875 0.08828125
3 0.2309525796875 0.4020910015625 0.20763254999999997 0.3980950671875 0.1958320546875 0.39559760625 0.1806599875 0.39609709843749996 0.17363588125 0.3896037046875 0.16773563281249998 0.39909405 0.1621163484375 0.4000930328125 0.1593067078125 0.4060869375 0.159587671875 0.41757525156249997 0.163802134375 0.4225701703125 0.1626782765625 0.43006255 0.1685785265625 0.43855391250000003 0.17363588125 0.4465457828125 0.181221915625 0.444547815625 0.1874031265625 0.45204019375 0.25708225156250003 0.45803409687499996 0.260453821875 0.43805442031249997 0.2615776796875 0.40808490624999993 0.2489342890625 0.39859455781249997 0.2329193296875 0.397595575 0.2309525796875 0.4020910015625
1 0.478125 0.61875 0.0546875 0.04921875
1 0.58671875 0.50390625 0.05 0.0765625
1 0.58203125 0.41328125 0.0546875 0.084375
1 0.796875 0.59609375 0.05546875 0.04140625
1 0.76875 0.6546875 0.0578125 0.04375
1 0.93359375 0.59296875 0.065625 0.03984375
1 0.9375 0.66171875 0.05859375 0.04140625
1 0.9296875 0.73203125 0.06640625 0.08359375
1 0.7890625 0.35 0.0578125 0.059375
1 0.94375 0.18203125 0.053125 0.06328125