0 0.19995626718749998 0.6567418203125001 0.201114315625 0.6670355796874999 0.2069045546875 0.6773293390624999 0.3080407375 0.693113103125 0.316147071875 0.6924268515625001 0.32039324687500004 0.6684080812500001 0.319621215625 0.6471343125 0.31267292812499997 0.64027180625 0.21269479531250002 0.6238017921875 0.205360490625 0.62448804375 0.2030443953125 0.63958555625 0.19995626718749998 0.6567418203125001
0 0.022388925 0.3431252984375 0.03551346875 0.3602815625 0.1204369796875 0.36371281718750004 0.1250691703125 0.3602815625 0.1273852671875 0.33420404062500003 0.1277712828125 0.3218515296875 0.11233064374999999 0.3060677671875 0.0304952609375 0.30400901406249997 0.025091037500000003 0.3074402671875 0.0239329890625 0.319106528125 0.022388925 0.3431252984375
0 0.1892962890625 0.35896184999999997 0.19003862656249998 0.374798403125 0.20191604062500002 0.39063495625 0.306956921875 0.3952539484375 0.3102974453125 0.38403639218749996 0.3110397828125 0.35698228125 0.307328090625 0.34642458125000003 0.295079509375 0.333887309375 0.20599890156249998 0.331907740625 0.1948638265625 0.330588028125 0.1904097953125 0.3398260171875 0.1892962890625 0.35896184999999997
3 0.6372631546874999 0.6475638328125 0.638358109375 0.6683274031249999 0.6434678953125 0.672220571875 0.6587972484375 0.67351829375 0.6909158953125 0.671571709375 0.6905509109375 0.6352354640625 0.6602571859374999 0.6345866015625 0.6500376171875 0.637182046875 0.6423729406249999 0.6378309093750001 0.6372631546874999 0.6475638328125
3 0.5704709703125 0.1466427109375 0.5763107234375 0.1518336046875 0.5839754 0.15118474375 0.5894501703125 0.14534498906249999 0.588355215625 0.12523028125 0.5872602609375 0.10965760312499999 0.587625246875 0.10252012656250001 0.5828804453124999 0.06423729375000001 0.5639012453125 0.0694281859375 0.5639012453125 0.0934360640625 0.5704709703125 0.1466427109375
3 0.2310678796875 0.40212094374999996 0.206368640625 0.3974988640625 0.1946690015625 0.3928767828125 0.1787444921875 0.39692110468749997 0.171919703125 0.3894102234375 0.16639487343749998 0.3946100640625 0.15924509375 0.40038766406250004 0.157295153125 0.4102095828125 0.1579451328125 0.4188759828125 0.16217000312500002 0.4217647828125 0.162819984375 0.4292756625 0.16639487343749998 0.4379420625 0.1696447734375 0.44660846093749995 0.1758195828125 0.44140862187499996 0.1816694015625 0.4454529421875 0.1875192234375 0.4523860609375 0.254467159375 0.45643038125 0.2590170203125 0.4483417421875 0.26064196875 0.42754238125 0.2599919890625 0.405587503125 0.2476423703125 0.3974988640625 0.23139287031250003 0.3957655828125 0.2310678796875 0.40212094374999996
2 0.1918690875 0.31443475625 0.19030663750000001 0.3055461421875 0.1865567515625 0.3055461421875 0.1821818859375 0.2983241421875 0.17686955 0.2949909109375 0.1562451859375 0.2966575265625 0.1565576765625 0.3155458328125 0.1603075609375 0.3299898328125 0.184056828125 0.3249899859375 0.1862442609375 0.3188790640625 0.1918690875 0.31443475625
2 0.1962439546875 0.2799913734375 0.21874326093750002 0.28499121875 0.22374310625 0.2799913734375 0.2287429515625 0.2799913734375 0.22999291406250003 0.2744359890625 0.2253055578125 0.26665845 0.2228056359375 0.260547528125 0.21749329843749998 0.25499214375 0.2024937609375 0.2522144515625 0.19749391562500002 0.25554768125 0.19655644375 0.26943614375 0.1962439546875 0.2799913734375
2 0.2246805765625 0.2983241421875 0.2228056359375 0.2949909109375 0.21874326093750002 0.293879834375 0.21280594375 0.2833246046875 0.197181425 0.28276906562500004 0.1918690875 0.2833246046875 0.1912441078125 0.29776860312500003 0.192806559375 0.308879371875 0.196868934375 0.3177679875 0.2103060203125 0.31443475625 0.2190557515625 0.308879371875 0.22249314375 0.3033239875 0.2246805765625 0.2983241421875
2 0.2803038640625 0.33165644843750003 0.3024906796875 0.33610075625 0.3074905265625 0.33110090937500003 0.31217788125 0.32832321875 0.3115529 0.32221229375 0.3081155078125 0.3188790640625 0.305928075 0.3116570640625 0.300928228125 0.3061016796875 0.2874911421875 0.3061016796875 0.2803038640625 0.3055461421875 0.2799913734375 0.32165675625 0.2803038640625 0.33165644843750003
2 0.2615544421875 0.7477547390625 0.23593023125 0.748865815625 0.231555365625 0.7538656609375 0.2296804234375 0.76553196875 0.23530525 0.7733095062500001 0.25780455625 0.78108704375 0.2628044015625 0.7788648921875 0.2640543640625 0.7566433546875 0.2615544421875 0.7477547390625
2 0.9434084328125 0.6383136671874999 0.9421584718749999 0.6466467437500001 0.9468458265624999 0.6533132046875 0.9521581640625 0.6610907421875 0.97715739375 0.6577575109375 0.9815322578125001 0.65497981875 0.9805947875 0.6349804359375 0.9784073546875 0.6294250515625001 0.96090789375 0.6310916671875 0.9537206140625001 0.63164720625 0.9484082781250001 0.637758128125 0.9434084328125 0.6383136671874999
2 0.53506418125 0.9908387 0.533935946875 0.95222808125 0.5330897734375 0.941196478125 0.5288589015625 0.9351792390625 0.5266024375 0.9271562531249999 0.522653625 0.9281591265625 0.5223715671875 0.9356806750000001 0.5178586375 0.944205096875 0.5172945203125 0.9858243328125 0.5195509859375 0.9933458828124999 0.530833309375 0.99485019375 0.53506418125 0.9908387
1 0.2624232 0.4786635546875 0.267883240625 0.48533693749999995 0.30712728125 0.4895836359375 0.31258732031249997 0.48351692343749997 0.3136110796875 0.4677434734375 0.311904815625 0.4550033796875 0.3037147546875 0.45257669375000004 0.2770970578125 0.44893666874999993 0.2665182296875 0.4483299953125 0.26344695625000003 0.45864340625000005 0.2624232 0.4786635546875
1 0.0798530921875 0.5466107265625 0.08770190156249999 0.55389078125 0.1306997203125 0.5672375453125 0.1344534984375 0.558137478125 0.137866025 0.534477303125 0.134112246875 0.526590578125 0.1023757609375 0.5168838390625 0.09009066875 0.5162771687500001 0.0839481234375 0.5193105234375001 0.0798530921875 0.5466107265625
1 0.145032328125 0.3888762203125 0.1358185078125 0.380382825 0.11193083125 0.377956140625 0.0917969328125 0.37674279843749997 0.0880431546875 0.38341618125 0.08770190156249999 0.40222298749999996 0.0931619421875 0.41314306875 0.1289934578125 0.42284980625 0.1385485296875 0.42163646562499996 0.1436673171875 0.40646968437500003 0.145032328125 0.3888762203125
1 0.2272741875 0.30272891562500004 0.227615440625 0.3172890234375 0.2340992375 0.32092905 0.27231952187499997 0.32396240625 0.2805095828125 0.31607568124999996 0.28187459375 0.30212224375 0.2784620671875 0.2899888203125 0.2712957640625 0.28634879375 0.23785301718750002 0.2839221078125 0.2320517234375 0.28270876718750004 0.22829794531249997 0.288775478125 0.2272741875 0.30272891562500004
1 0.9509385515625001 0.56258430625 0.9061365374999999 0.56258430625 0.8950937874999999 0.5642670109375 0.8887836437500001 0.5721196328125 0.89099219375 0.587824878125 0.8935162515625 0.60184741875 0.9045590015625 0.60240831875 0.9471524671875 0.60240831875 0.955671159375 0.58894668125 0.9547246375 0.5732414359375 0.9509385515625001 0.56258430625
1 0.9695534734375 0.6713992171875 0.955355653125 0.6685947078125001 0.91907233125 0.6641074953125 0.9108691453125 0.666351103125 0.9045590015625 0.674203725 0.9061365374999999 0.6921525765625 0.9086605953125 0.7044924109374999 0.9187568234375 0.7061751171874999 0.9660828968749999 0.708418721875 0.9720775312500001 0.7016879046875 0.973339559375 0.686543559375 0.9695534734375 0.6713992171875
1 0.9367407312499999 0.61530905625 0.8805804578125 0.6158699578125 0.8739548078125001 0.6197962687499999 0.8742703140625 0.6433541375 0.8780564 0.65457216875 0.887521615625 0.65457216875 0.9326391375 0.6562548734375 0.9392647890625 0.64559774375 0.9386337734374999 0.629331596875 0.9367407312499999 0.61530905625
1 0.77483900625 0.669807071875 0.7591965890625 0.66884815 0.7494875046875 0.6645330015625001 0.7408572062500001 0.6659713843749999 0.7360026625 0.6813141375 0.737890540625 0.6995336562500001 0.7478693234375 0.7043282671875 0.792638996875 0.7182326375 0.799111721875 0.7067255718750001 0.7999208125 0.680355215625 0.77483900625 0.669807071875
1 0.5430919921874999 0.1144054984375 0.5521134546875001 0.11387089375 0.55752633125 0.109594053125 0.5578270468750001 0.09622892499999999 0.5515120234374999 0.0326109140625 0.5476027234374999 0.027264862499999997 0.5406862703125 0.028334071875 0.5334691015625 0.0336801234375 0.532566953125 0.0416992 0.538280546875 0.109059446875 0.5430919921874999 0.1144054984375
1 0.594514325 0.11761313124999999 0.6044379328125 0.115474709375 0.6080465171875 0.1053172125 0.60564079375 0.0759139296875 0.602032209375 0.0336801234375 0.594213609375 0.028868678125 0.585793578125 0.033145518750000005 0.58489143125 0.04490683125 0.5888007328125 0.10745563124999999 0.594514325 0.11761313124999999
1 0.184614875 0.894073571875 0.20021165000000002 0.9319868187499999 0.2059410765625 0.935382034375 0.22026464375 0.9195376921875 0.220901246875 0.9053909578124999 0.1948005234375 0.823339903125 0.1862063828125 0.821076425 0.1728377203125 0.835223159375 0.1715645125 0.84427706875 0.17251941875000001 0.8555944562500001 0.184614875 0.894073571875
1 0.1314585234375 0.3615905140625 0.1359147453125 0.3700785546875 0.17824884531250001 0.3763031171875 0.185251478125 0.3678150765625 0.184614875 0.34914138906250003 0.1763390359375 0.3400874796875 0.1480102015625 0.3366922625 0.1368696484375 0.3338629171875 0.1327317296875 0.34121921875 0.1314585234375 0.3615905140625
1 0.8434989984374999 0.5692645656249999 0.8119871484375001 0.5675669562500001 0.7957537718750001 0.5675669562500001 0.7893877421875 0.5822795593750001 0.7919341531249999 0.60265085625 0.7998916921875 0.6071778109375 0.8434989984374999 0.6071778109375 0.8495467265625001 0.599255640625 0.848910125 0.5800160828125 0.8434989984374999 0.5692645656249999
1 0.5741048171875 0.6212807812500001 0.5557673171874999 0.615638471875 0.531082221875 0.61313078125 0.5208555390625 0.61689231875 0.5194449609375 0.6419692421875001 0.5254399125 0.64949231875 0.5328454421875 0.65388078125 0.567404578125 0.6582692437500001 0.5744574625000001 0.6570153953125 0.5765733281250001 0.63695385625 0.5741048171875 0.6212807812500001
1 0.7525428015625 0.5617230875 0.73702645625 0.557334625 0.7158678015625 0.5529461640625 0.702114675 0.549184625 0.6961197234375 0.55921539375 0.6961197234375 0.5792769328125 0.6989408765625 0.591188471875 0.70634640625 0.591188471875 0.7426687640625 0.5999653953124999 0.75077958125 0.5968307796875 0.753248090625 0.5817846249999999 0.7525428015625 0.5617230875