0 0.1894509421875 0.37460594375 0.2018232484375 0.3924770546875 0.30660121875 0.39728850625 0.3112408328125 0.38354149843749996 0.312014103125 0.356734834375 0.30660121875 0.3450498796875 0.29693535312499997 0.3347396234375 0.2010499796875 0.332677571875 0.1948638265625 0.3340522734375 0.1898375765625 0.342300478125 0.1894509421875 0.37460594375
0 0.024357978125 0.3457372296875 0.038276821875 0.3629209890625 0.124496334375 0.365670390625 0.128362678125 0.34436252968750003 0.1287493140625 0.32236731875 0.1121240265625 0.308620309375 0.031704034375 0.307932959375 0.025904515625000003 0.307932959375 0.0247446125 0.32580406875 0.024357978125 0.3457372296875
0 0.5913452828125 0.6967386546875 0.5931000156249999 0.7154558140625 0.5969604296875 0.7223187734375001 0.704701084375 0.72918173125 0.7161574859375001 0.72173853125 0.7161574859375001 0.6996444937499999 0.7152294859375 0.676149778125 0.6257380640625 0.6692868187500001 0.5962585359375 0.6692868187500001 0.59274906875 0.6792693046875 0.5913452828125 0.6967386546875
3 0.23015647499999997 0.4015495953125 0.210568690625 0.39882906875 0.19526573281249998 0.395020334375 0.18179913125 0.397740859375 0.174759771875 0.39066749375 0.169862825 0.39665265 0.161599228125 0.39991728125 0.1579265171875 0.41515222500000004 0.1631295234375 0.42494611718749997 0.1674143515625 0.4390928515625 0.17322947500000002 0.44616621875 0.18057489375 0.44616621875 0.1866960765625 0.45432779375 0.25678362187500003 0.45759242499999997 0.26106845 0.43093127343750004 0.26106845 0.40753475312500004 0.24790790624999998 0.398284965625 0.23199283125 0.397740859375 0.23015647499999997 0.4015495953125
3 0.18515625 0.55625 0.04921875 0.053125
3 0.890625 0.65234375 0.059375 0.0453125
3 0.57734375 0.1078125 0.02890625 0.0859375
2 0.175 0.3125 0.0328125 0.03125
2 0.20859375 0.30078125 0.03359375 0.0390625
2 0.2140625 0.26796875 0.0328125 0.03125
2 0.296875 0.31953125 0.03125 0.02890625
2 0.2484375 0.76484375 0.03359375 0.03671875
2 0.528125 0.9609375 0.01875 0.0640625
1 0.28984375 0.46875 0.0515625 0.0390625
1 0.25546875 0.30390625 0.053125 0.040625
1 0.159375 0.35859375 0.0546875 0.04609375
1 0.11640625 0.4 0.05859375 0.0484375
1 0.20078125 0.878125 0.06796875 0.11484375
1 0.0984375 0.825 0.0625 0.096875
1 0.4234375 0.70390625 0.059375 0.05625
1 0.54453125 0.63046875 0.05625 0.053125
1 0.6359375 0.48046875 0.05703125 0.0890625
1 0.6515625 0.5734375 0.0546875 0.0765625
1 0.75 0.37109375 0.05546875 0.0875
1 0.81875 0.5921875 0.059375 0.0421875
1 0.96171875 0.76640625 0.0625 0.10234375
1 0.95859375 0.59609375 0.06640625 0.04765625
1 0.5453125 0.07265625 0.025 0.08515625