0 0.6956600359375 0.3335855203125 0.6722099218750001 0.33437400156249997 0.6644070421875 0.33688645156249997 0.6678979843749999 0.448665834375 0.6928904046875 0.4519174265625 0.7131124375 0.45191156093749996 0.7202265484375 0.45004887812499994 0.7177017890624999 0.3344488859375 0.6956600359375 0.3335855203125
0 0.343680278125 0 0.3403296265625 0.0811533890625 0.351989990625 0.0976309078125 0.3608999703125 0.100618625 0.3837820515625 0.1011484171875 0.398436228125 0.0983821328125 0.40301436874999996 0.0086146828125 0.3924285515625 0 0.343680278125 0
0 0.3855955828125 0.165953421875 0.37121788906250003 0.1646955359375 0.3609394890625 0.166981190625 0.3585418125 0.1727873390625 0.3516605109375 0.27304039062499996 0.3632411015625 0.284669884375 0.37356084218749996 0.28911151875 0.392908746875 0.2911581203125 0.410534928125 0.2912847015625 0.41593529218749997 0.2871567640625 0.4166777046875 0.1778735703125 0.40062912031250003 0.1669148078125 0.3855955828125 0.165953421875
3 0.4803991640625 0.2417621203125 0.481562315625 0.2203684234375 0.481698040625 0.1702242265625 0.475957040625 0.16295486406249998 0.475380175 0.1533508578125 0.46471697343749996 0.1456508609375 0.45501081406250005 0.143209425 0.44565027187500006 0.1368175875 0.43345442187499994 0.1385370375 0.4244979375 0.14372440625 0.426330959375 0.1470692890625 0.4197604828125 0.14928089375 0.41733991406250004 0.1526517 0.4252595515625 0.1593155375 0.421629328125 0.176512753125 0.42390097187500003 0.1910418015625 0.42575787500000006 0.210311334375 0.421227790625 0.2134975796875 0.4220585296875 0.22829862968749998 0.4259438859375 0.2405804765625 0.4342782609375 0.24250383125 0.4596615671875 0.24392845468750002 0.4803991640625 0.2417621203125
3 0.0963813515625 0.5493058093750001 0.108831075 0.5527834031250001 0.12774758749999998 0.5552345109375 0.137199875 0.552478903125 0.1399314984375 0.5455527375 0.137037746875 0.5381344140625 0.086397440625 0.5257426781250001 0.056091931250000004 0.52388741875 0.049510775 0.5424187171875 0.09065229375 0.5499987749999999 0.0963813515625 0.5493058093750001
3 0.6524155484375 0.786236796875 0.6598620046875 0.7821115078124999 0.6622121890625 0.7552487671875 0.6667183921875 0.73613786875 0.65648186875 0.7316597140625001 0.6404126031249999 0.72905964375 0.63025714375 0.7317537328125 0.628517128125 0.743543421875 0.6214627890625 0.7512855921875 0.6180292546875 0.7824322578125 0.6524155484375 0.786236796875
2 0.9472375718749999 0.565961521875 0.95638959375 0.5704486875 0.9953717187500001 0.5747319671875 0.9967176453125 0.559347953125 0.9571651781250001 0.5547652734375 0.9480523062499999 0.5566490671875 0.9399488609375 0.560631975 0.9472375718749999 0.565961521875
2 0.3241069796875 0.12671154375 0.3209342734375 0.1425203703125 0.3215363328125 0.1492757109375 0.3309602859375 0.157473134375 0.3381617046875 0.16380044375 0.3445764265625 0.1586643921875 0.350903853125 0.15452610312499998 0.35992837031249997 0.13319684375000002 0.34544829374999997 0.128243534375 0.3241069796875 0.12671154375
2 0.3097745140625 0.16098175312500002 0.30551514218750003 0.182392775 0.3172780234375 0.1911299609375 0.3199179796875 0.19504739531249998 0.325896234375 0.1949001578125 0.326274503125 0.19057651874999998 0.3335822609375 0.1888699296875 0.344440990625 0.16703087656249999 0.32939800468749997 0.16169318593749998 0.3097745140625 0.16098175312500002
2 0.27530378906249997 0.1867874265625 0.29390886250000003 0.1991394265625 0.30166313906250003 0.19914757031250002 0.30653462187499997 0.1911954359375 0.3091634640625 0.16796609375 0.299186653125 0.1660878359375 0.27784533749999996 0.164555846875 0.27530378906249997 0.1867874265625
2 0.799986734375 0.24442090312500003 0.7900099234375 0.2425426453125 0.780722465625 0.24642196562500002 0.7772397375 0.2725928046875 0.7852077484375 0.27697638125 0.80900438125 0.27771778281250004 0.8116924796875 0.27426649531249997 0.8086340421875 0.2478585125 0.799986734375 0.24442090312500003
1 0.8790795765625001 0.19269229062499998 0.8622806796875 0.20060631093749998 0.8574964890624999 0.2075606828125 0.8652026203125001 0.21493754843750001 0.9365163375 0.24530629375 0.9535390250000001 0.248471253125 0.9590998609374999 0.246276696875 0.9729969234375 0.23743852968749998 0.9764516125 0.232043509375 0.9710262125 0.22587158125 0.8951510328125 0.1930929609375 0.8790795765625001 0.19269229062499998
1 0.892156596875 0.090950434375 0.8614606374999999 0.10770262343749999 0.8336956109375 0.125046365625 0.83231796875 0.1339744390625 0.8459732578124999 0.14153665625 0.858259896875 0.1442872640625 0.9200300859375 0.10645925 0.9199909343750001 0.1000882921875 0.9023079921875 0.0908331671875 0.892156596875 0.090950434375
1 0.621772809375 0.2154238703125 0.6077392500000001 0.21218529218749999 0.58929976875 0.21157744687500002 0.5786537140625 0.21734870625 0.5779262734375 0.2256633984375 0.5802271109375 0.24027543125 0.5855662796875001 0.26788835 0.6002791375000001 0.2701809578125 0.6206401234375 0.269281246875 0.6260163203125 0.26237866875 0.619938596875 0.21593366406249997 0.621772809375 0.2154238703125
1 0.636051825 0.086306240625 0.6221156125 0.088773446875 0.6151088859375 0.0938577046875 0.6205734374999999 0.1064005921875 0.626280821875 0.122986325 0.63471545625 0.14249172968749999 0.6513498203125 0.14327678125 0.6677704484375 0.1396863984375 0.6699247359375 0.135518140625 0.6584327265625001 0.110047984375 0.6470671593749999 0.0899510234375 0.636051825 0.086306240625
1 0.3938361859375 0.10700678906250001 0.383742984375 0.10645888125 0.370544265625 0.10731494374999999 0.3677979734375 0.11143140781250001 0.36858467031250003 0.1228947703125 0.3687513265625 0.1550821546875 0.38074698906250004 0.16115864062500002 0.3974104515625 0.161611103125 0.4067561046875 0.15706660781249998 0.403492921875 0.1125435109375 0.3938361859375 0.10700678906250001
1 0.43872599062499995 0.003021190625 0.4232756390625 0.002339728125 0.410348853125 0.006906046875 0.41056258906250004 0.0112814796875 0.42036693593749996 0.0560417234375 0.425908728125 0.060883299999999994 0.4417764984375 0.063612084375 0.45650840156249994 0.05886855625 0.4604678046875 0.054523093749999994 0.446606709375 0.008402531250000001 0.43872599062499995 0.003021190625
1 0.10318931875 0.4358144609375 0.097900415625 0.4417192765625 0.0961344515625 0.44826744218750003 0.10342316250000001 0.4535969890625 0.17178584218749998 0.4699670828125 0.1825292421875 0.46990160937500003 0.1878953875 0.4562954828125 0.187060546875 0.45220084375 0.115174928125 0.4351873984375 0.10318931875 0.4358144609375
1 0.3431788 0.9042138765625 0.3298345921875 0.9067328765625 0.32117829375 0.91703495 0.3371936765625 0.9589872546875 0.344453290625 0.9646493875000001 0.3639894890625 0.9663585828125001 0.38136134843749997 0.965532490625 0.3848451375 0.9598048828125 0.36262770624999996 0.9069208359375001 0.3431788 0.9042138765625
1 0.555727803125 1 0.565466234375 0.99538005 0.56896694375 0.94172985 0.5628622453125 0.9365038890624999 0.5440926375 0.9328509609375001 0.5313404359375 0.93542175625 0.5286041953125 0.9462417671875001 0.52856610625 0.9603140359375001 0.5268303000000001 0.9869728437499999 0.5253362671875 0.9972312671875001 0.5398062140625 1 0.555727803125 1
1 0.6828574546875 0.805910959375 0.6648935890625001 0.8066852578124999 0.6606723062500001 0.8140240109375 0.660935246875 0.8314739515625 0.6634699265624999 0.8638685109375001 0.6676822171875 0.8702694390625 0.6919253671875001 0.8727255734374999 0.702513228125 0.867619490625 0.7024619015625 0.8136585265624999 0.6828574546875 0.805910959375
1 0.6266795953125001 0.621661809375 0.6259830156249999 0.6296237640625 0.6268739859375 0.6691185546875 0.631409753125 0.6740500640625 0.6560269078125 0.67655260625 0.6668049296875 0.6740073453125001 0.666761971875 0.6248197421875 0.6586199453125 0.6185262609375 0.6351140187500001 0.617516221875 0.6266795953125001 0.621661809375
1 0.5797569765625 0.7818515875000001 0.5662917421875 0.7796270671875 0.552523646875 0.780864265625 0.54507930625 0.7878870453125 0.5438188578125 0.8306818281250001 0.547031396875 0.836544034375 0.5740527234374999 0.8399545578125001 0.5856892218749999 0.8346938312500001 0.58605044375 0.7879833406250001 0.5797569765625 0.7818515875000001
1 0.4951406203125 0.2515650328125 0.4796753984375 0.25090964375 0.470160034375 0.253216553125 0.47099043281249997 0.2934036859375 0.4782739828125 0.302412634375 0.49235540312500004 0.3046910625 0.5061840703125 0.3027615203125 0.51227489375 0.297015609375 0.5076868078125 0.2571973625 0.4951406203125 0.2515650328125
2 0.32522319843749997 0.28055679218749996 0.3333141609375 0.283612496875 0.3400163015625 0.288894534375 0.349020084375 0.2883406421875 0.35045708750000004 0.2787396078125 0.3517866046875 0.25671916875 0.3417434546875 0.255505103125 0.3220457921875 0.2554588078125 0.322697584375 0.27530475 0.32522319843749997 0.28055679218749996
1 0.132536275 0.895685803125 0.1073111640625 0.9302413406250001 0.1058763765625 0.9399628968749999 0.12560017968749998 0.948253228125 0.1396869046875 0.9475162421875 0.1655488359375 0.9123599468749999 0.1675064484375 0.9033406046874999 0.1443037109375 0.8947459046875 0.132536275 0.895685803125