0 0.630177934375 0.304516821875 0.628874340625 0.30863297031250003 0.6290920375 0.31486699375 0.6307269093750001 0.32023740312500004 0.637369653125 0.3308604328125 0.6428120546875 0.3347410046875 0.65003990625 0.334488603125 0.8265389046875 0.290875371875 0.8293353937499999 0.28806396562500003 0.8271808046875 0.2816262046875 0.8190262359375 0.2691563453125 0.8120625421875 0.263157896875 0.8003749328125 0.2600381609375 0.667450421875 0.2942598640625 0.630177934375 0.304516821875
0 0.8326134968750001 0.2669667203125 0.8301610859374999 0.2704298796875 0.8298757609375 0.274541115625 0.8283474015625 0.27990201875 0.831127978125 0.2858362046875 0.8399730328125001 0.2934886234375 0.8474488375 0.29877634375 0.8526145093749999 0.2993197109375 0.8623660203125001 0.2960841625 0.9918237156249999 0.257305703125 0.9903066828125 0.2136921765625 0.8436417031250001 0.2634453390625 0.8326134968750001 0.2669667203125
0 0.02626546875 0.45263435625000004 0.02534678125 0.45663547812500005 0.026970845312500002 0.46273077812499996 0.0325263984375 0.47027640000000004 0.040417057812500004 0.4739698921875 0.05667470625 0.47479132812499997 0.18104694062499999 0.43968809374999995 0.1818894921875 0.4335066578125 0.1770594515625 0.42653105468749997 0.17075762187500002 0.417820778125 0.1418352796875 0.4180369625 0.055249475000000006 0.4440810375 0.02626546875 0.45263435625000004
0 0.16111575 0.5753148828125 0.1574665046875 0.5678203734375 0.1123796265625 0.57415855625 0.0031915921875000004 0.6001227578125 0.004105415625 0.626291271875 0.0083512859375 0.6266193734375001 0.167270071875 0.5939166390625 0.1665065390625 0.5841776875 0.16111575 0.5753148828125
3 0.546875 0.38203125 0.0609375 0.0484375
3 0.434375 0.66875 0.0671875 0.0578125
2 0.17890625 0.115625 0.0421875 0.034375
2 0.3265625 0.05859375 0.0453125 0.0359375
2 0.34375 0.09375 0.0484375 0.0359375
2 0.54140625 0.3078125 0.0453125 0.0328125
2 0.4453125 0.37578125 0.04375 0.03125
2 0.59453125 0.43203125 0.0453125 0.03125
2 0.609375 0.475 0.046875 0.034375
2 0.6578125 0.521875 0.0421875 0.0359375
2 0.74453125 0.659375 0.046875 0.0359375
2 0.90703125 0.6140625 0.0453125 0.0359375
2 0.81796875 0.8015625 0.0515625 0.0375
2 0.884375 0.8703125 0.0484375 0.040625
2 0.3234375 0.51953125 0.0421875 0.0296875
2 0.125 0.5609375 0.053125 0.0171875
1 0.04296875 0.0390625 0.0765625 0.05
1 0.10390625 0.1015625 0.0640625 0.0484375
1 0.165625 0.175 0.0703125 0.059375
1 0.11484375 0.18671875 0.0640625 0.053125
1 0.22890625 0.26953125 0.0625 0.0546875
1 0.2625 0.2203125 0.065625 0.0546875
1 0.32890625 0.18203125 0.0578125 0.05
1 0.37265625 0.17109375 0.059375 0.053125
1 0.43203125 0.1875 0.0546875 0.0515625
1 0.4265625 0.25078125 0.05625 0.0546875
1 0.415625 0.3203125 0.0578125 0.0546875
1 0.46015625 0.3140625 0.05625 0.053125
1 0.50390625 0.31328125 0.0609375 0.0546875
1 0.5 0.39453125 0.0578125 0.0546875
1 0.478125 0.4390625 0.059375 0.0546875
1 0.553125 0.45234375 0.0609375 0.0546875
1 0.5875 0.53125 0.0640625 0.0609375
1 0.4515625 0.61875 0.0609375 0.0484375
1 0.6859375 0.603125 0.0734375 0.0640625
1 0.60546875 0.65078125 0.0578125 0.0546875
1 0.65390625 0.73828125 0.0625 0.059375
1 0.71640625 0.74921875 0.0625 0.0546875
1 0.71015625 0.82890625 0.0734375 0.065625
1 0.8125 0.8546875 0.0703125 0.065625
1 0.81796875 0.94375 0.0796875 0.065625
1 0.68359375 0.9546875 0.0765625 0.0578125
2 0.52734375 0.75390625 0.040625 0.034375
1 0.32265625 0.44296875 0.065625 0.0546875
1 0.21953125 0.153125 0.0578125 0.0484375
1 0.2859375 0.121875 0.0546875 0.05
1 0.15390625 0.0625 0.065625 0.0484375
1 0.43828125 0.55 0.0609375 0.053125
1 0.55234375 0.815625 0.0640625 0.0546875
1 0.61640625 0.84140625 0.0671875 0.05625