0 0.3411458328125 0.7916666671875 0.3298611109375 0.777777778125 0.313078703125 0.7721193421875 0.306134259375 0.778806584375 0.2523148140625 0.972222221875 0.2760416671875 0.9933127578125 0.2873263890625 0.9963991765625 0.3411458328125 0.7916666671875
1 0.3810763890625 0.9614197531249999 0.3929398140625 0.8847736625 0.390625 0.8739711937499999 0.3738425921875 0.867798353125 0.37008101875 0.875514403125 0.3567708328125 0.9655349796875001 0.36226851875 0.97170781875 0.3770254625 0.9758230453125 0.3810763890625 0.9614197531249999
1 0.36284722187499996 0.450617284375 0.357928240625 0.44547325156250006 0.3142361109375 0.471193415625 0.3104745375 0.4871399171875 0.3162615734375 0.5128600828125001 0.3206018515625 0.5149176953125 0.37152777812500004 0.48662551406250004 0.36284722187499996 0.450617284375
1 0.20572916718749998 0.4552469140625 0.19965277812499999 0.4645061734375 0.196759259375 0.47633744843750003 0.196759259375 0.48868312812500003 0.2398726859375 0.5154320984375 0.24826388906250002 0.48816872343749995 0.24479166718749998 0.47890946406249996 0.20572916718749998 0.4552469140625
1 0.26851851875 0.4552469140625 0.2757523140625 0.4362139921875 0.274016203125 0.42129629687500003 0.23466435156249998 0.4012345671875 0.2297453703125 0.40637860156250005 0.22569444375 0.41409465 0.22453703749999998 0.42489711874999997 0.22858796250000002 0.43467078125 0.23234953749999998 0.43672839531249996 0.24305555625 0.442901234375 0.26851851875 0.4552469140625
1 0.061053240625000005 0.3225308640625 0.0535300921875 0.328703703125 0.0480324078125 0.3395061734375 0.051504629687500005 0.35082304531249997 0.08767361093750001 0.38271604843749996 0.09895833281250001 0.35442386875 0.085358796875 0.3379629625 0.061053240625000005 0.3225308640625
1 0.060185185937499996 0.238683128125 0.0679976859375 0.2242798359375 0.07204861093750001 0.20833333281250002 0.06857638906249999 0.20216049374999998 0.037615740625 0.17849794218749998 0.029224537499999998 0.173353909375 0.0222800921875 0.18672839531250002 0.0222800921875 0.19804526718749998 0.0309606484375 0.2186213984375 0.060185185937499996 0.238683128125
1 0.1067708328125 0.26646090624999996 0.11342592656249999 0.2561728390625 0.1145833328125 0.2433127578125 0.11226851874999999 0.23353909375 0.07638888906249999 0.20987654375 0.06828703750000001 0.221193415625 0.0665509265625 0.238683128125 0.0882523140625 0.25823045312500004 0.1067708328125 0.26646090624999996
1 0.1640625 0.281893003125 0.1640625 0.2669753078125 0.1461226859375 0.249485596875 0.12210648125000001 0.230967078125 0.1171875 0.2350823046875 0.11226851874999999 0.25308641875000004 0.1145833328125 0.2721193421875 0.154803240625 0.2988683125 0.1640625 0.281893003125
1 0.2071759265625 0.3297325109375 0.21296296250000002 0.3240740734375 0.2155671296875 0.3050411515625 0.20920138906250002 0.2952674890625 0.1793981484375 0.27674897187499997 0.171296296875 0.2752057609375 0.1660879625 0.2942386828125 0.1678240734375 0.3045267484375 0.1877893515625 0.3199588484375 0.2071759265625 0.3297325109375
1 0.2714120375 0.35236625625 0.2714120375 0.3323045265625 0.257233796875 0.3209876546875 0.2297453703125 0.3065843625 0.223090278125 0.30761316875 0.21875 0.33487654375 0.23697916718749998 0.3492798359375 0.2633101859375 0.362654321875 0.2714120375 0.35236625625
1 0.1067708328125 0.1198559671875 0.0925925921875 0.098251028125 0.06510416718749999 0.08487654375 0.059606481249999996 0.10236625625 0.06770833281250001 0.1203703703125 0.0891203703125 0.1378600828125 0.100983796875 0.13374485625000002 0.1067708328125 0.1198559671875
1 0.133391203125 0.1877572015625 0.132233796875 0.17438271562500002 0.12008101874999999 0.1589506171875 0.09172453750000001 0.1311728390625 0.0804398140625 0.15277777812499999 0.086516203125 0.1718107 0.121527778125 0.2057613171875 0.1296296296875 0.19650205781250002 0.133391203125 0.1877572015625
1 0.1707175921875 0.1507201640625 0.173321759375 0.13888888906250002 0.1692708328125 0.1270576125 0.15798611093749998 0.1208847734375 0.14149305625 0.11265432187499999 0.1304976859375 0.1080246921875 0.1238425921875 0.1296296296875 0.1287615734375 0.1409465015625 0.1507523140625 0.1579218109375 0.1660879625 0.1599794234375 0.1707175921875 0.1507201640625
1 0.17476851875 0.24434156406250002 0.1817129625 0.229938271875 0.1822916671875 0.219135803125 0.17881944375 0.21296296250000002 0.17274305625 0.2062757203125 0.1614583328125 0.19804526718749998 0.1409143515625 0.18827160468749998 0.1351273140625 0.1990740734375 0.1339699078125 0.21039094687499998 0.1368634265625 0.219135803125 0.17476851875 0.24434156406250002
1 0.22627314843750002 0.229938271875 0.2210648140625 0.241769546875 0.2210648140625 0.25874485625 0.26273148125 0.28600823124999997 0.2708333328125 0.260288065625 0.2618634265625 0.24897119375 0.22627314843750002 0.229938271875
1 0.37413194375000003 0.34104938281249997 0.384259259375 0.32510288125 0.384259259375 0.308127571875 0.3492476859375 0.28034979375 0.3440393515625 0.278806584375 0.3379629625 0.2916666671875 0.3362268515625 0.30349794218750004 0.3561921296875 0.3240740734375 0.37413194375000003 0.34104938281249997
1 0.3185763890625 0.068930040625 0.3226273140625 0.059670781250000006 0.3145254625 0.0416666671875 0.298321759375 0.0437242796875 0.280671296875 0.0540123453125 0.2745949078125 0.05812757187499999 0.2780671296875 0.0817901234375 0.28211805624999997 0.0828189296875 0.296296296875 0.08230452656250001 0.3185763890625 0.068930040625
3 0.1901041671875 0.19444444375 0.1901041671875 0.18055555625 0.1808449078125 0.16306584375 0.155671296875 0.15226337343750002 0.1495949078125 0.1615226328125 0.14670138906250002 0.18261316875 0.179108796875 0.20370370312500002 0.1901041671875 0.19444444375
3 0.2928240734375 0.2551440328125 0.2850115734375 0.2916666671875 0.3269675921875 0.3143004109375 0.3339120375 0.2757201640625 0.2928240734375 0.2551440328125
2 0.2199074078125 0.2062757203125 0.2146990734375 0.19032921875 0.20891203749999998 0.18364197499999999 0.19241898125 0.173353909375 0.1872106484375 0.19393004062500002 0.2019675921875 0.20781892968750001 0.2132523140625 0.21296296250000002 0.2199074078125 0.2062757203125
2 0.21122685156249998 0.24845678906250002 0.2164351859375 0.23765432187500002 0.2042824078125 0.21347736718750002 0.186921296875 0.211419753125 0.1834490734375 0.22839506250000002 0.1851851859375 0.24228395156250002 0.1941550921875 0.2453703703125 0.21122685156249998 0.24845678906250002
2 0.258391203125 0.21399176875 0.25491898125 0.20679012343749997 0.23958333281250002 0.1954732515625 0.23466435156249998 0.21399176875 0.23640046250000002 0.22839506250000002 0.2557870375 0.2381687234375 0.264178240625 0.22942386875 0.258391203125 0.21399176875
2 0.2688078703125 0.20833333281250002 0.26649305624999997 0.191872428125 0.2618634265625 0.182098765625 0.24305555625 0.1702674890625 0.2384259265625 0.18415637812500002 0.23958333281250002 0.192901234375 0.257233796875 0.211419753125 0.2688078703125 0.20833333281250002
2 0.2931134265625 0.2463991765625 0.29253472187499996 0.2381687234375 0.2815393515625 0.21965020625 0.2653356484375 0.21090535 0.26070601875 0.2340534984375 0.26273148125 0.2463991765625 0.2832754625 0.250514403125 0.2931134265625 0.2463991765625
2 0.3382523140625 0.2556584359375 0.3347800921875 0.2381687234375 0.327546296875 0.229938271875 0.3127893515625 0.22325102812500003 0.3070023140625 0.2402263375 0.311053240625 0.260288065625 0.334490740625 0.2680041140625 0.3382523140625 0.2556584359375
2 0.3668981484375 0.26646090624999996 0.35648148125 0.2453703703125 0.3391203703125 0.23765432187500002 0.334490740625 0.269032921875 0.34085648125 0.27726337343749996 0.3668981484375 0.2762345671875 0.3668981484375 0.26646090624999996
0 0.41174768593750005 0.1486625515625 0.42766203750000004 0.153806584375 0.4456018515625 0.039609053125 0.4435763890625 0.016460906249999997 0.42129629687500003 0.014917695312500001 0.40248842656250006 0.136316871875 0.404803240625 0.1589506171875 0.41001157343749994 0.1589506171875 0.41174768593750005 0.1486625515625
0 0.4201388890625 0.30967078125 0.43663194375 0.16872427968749998 0.43200231406249995 0.151748971875 0.41116898125 0.1481481484375 0.40856481406249995 0.15329218125 0.39149305624999997 0.2932098765625 0.3943865734375 0.316358025 0.41608796249999996 0.31944444375000003 0.4201388890625 0.30967078125
1 0.754340278125 0.249485596875 0.7531828703125 0.2355967078125 0.7303240734374999 0.18364197499999999 0.7225115734374999 0.1872427984375 0.7167245375 0.1934156375 0.7164351859375 0.202674896875 0.7355324078125001 0.2566872421875 0.740740740625 0.2618312765625 0.7473958328125 0.26080246875 0.754340278125 0.249485596875
2 0.5842013890625 0.097222221875 0.5870949078125001 0.0699588484375 0.5859375 0.0637860078125 0.57523148125 0.0606995890625 0.5723379625 0.067901234375 0.5694444437499999 0.105452675 0.5726273140625 0.1203703703125 0.5801504625 0.11162551406250001 0.5842013890625 0.097222221875
2 0.56539351875 0.19393004062500002 0.563078703125 0.18467078125 0.554108796875 0.1800411515625 0.5506365734374999 0.1877572015625 0.545428240625 0.2227366265625 0.550347221875 0.238683128125 0.5587384265625001 0.2253086421875 0.56539351875 0.19393004062500002
2 0.5390625 0.1759259265625 0.524016203125 0.1815843625 0.527777778125 0.238683128125 0.5370370375 0.2247942390625 0.5410879625 0.1887860078125 0.5390625 0.1759259265625
2 0.5144675921874999 0.3734567890625 0.512152778125 0.3600823046875 0.5002893515625 0.3569958859375 0.4933449078125 0.39557613125 0.49797453750000004 0.41718107031249996 0.5081018515625 0.401748971875 0.5144675921874999 0.3734567890625
1 0.4924768515625 0.30555555624999997 0.516203703125 0.238683128125 0.5040509265625001 0.2258230453125 0.4968171296875 0.22736625625 0.4754050921875 0.2793209875 0.47598379687500003 0.2911522625 0.48350694375 0.297325103125 0.4924768515625 0.30555555624999997
3 0.4875578703125 0.30298353906250003 0.484375 0.2968107 0.4612268515625 0.296296296875 0.4563078703125 0.41460905312499996 0.4690393515625 0.425411521875 0.48379629687500003 0.4176954734375 0.4875578703125 0.30298353906250003
0 0.53414351875 0.4012345671875 0.52835648125 0.3894032921875 0.5066550921874999 0.3894032921875 0.48003472187499996 0.578703703125 0.49276620312499997 0.5915637859375 0.5089699078125001 0.5895061734375 0.53414351875 0.4012345671875
3 0.45804398125 0.6815843625 0.4441550921875 0.7746913578125 0.47222222187499996 0.781893003125 0.48234953750000004 0.6862139921875 0.45804398125 0.6815843625
2 0.4296875 0.7921810703125 0.42274305625 0.865740740625 0.44444444375 0.8688271609375 0.451678240625 0.797325103125 0.4296875 0.7921810703125
2 0.4684606484375 0.9125514406249999 0.4699074078125 0.9151234562499999 0.46296296249999996 0.9825102875 0.48350694375 0.9845679015625001 0.4910300921875 0.921296296875 0.4684606484375 0.9125514406249999
1 0.6890625 0.87578125 0.0625 0.06484375
1 0.69765625 0.625 0.05625 0.05859375
1 0.663483796875 0.654835390625 0.66116898125 0.6805555562500001 0.665509259375 0.6887860078125 0.7170138890625 0.7047325109375 0.719328703125 0.6682098765625 0.676215278125 0.6476337437499999 0.663483796875 0.654835390625
1 0.793402778125 0.7289094640625 0.7945601859375 0.7052469140625 0.7560763890625 0.6882716046875 0.738715278125 0.681069959375 0.7352430562500001 0.6949588484375 0.7346643515625 0.71965020625 0.787615740625 0.7433127578125001 0.793402778125 0.7289094640625
1 0.7288773140625 0.7325102875 0.6649305562500001 0.70987654375 0.6608796296875 0.7361111109375 0.662615740625 0.7551440328125001 0.7239583328125 0.7839506171874999 0.7288773140625 0.7325102875
2 0.7057291671875 0.7710905359375 0.6756365734374999 0.76080246875 0.6666666671875 0.7731481484375 0.673321759375 0.7911522625 0.6990740734374999 0.8117283953125 0.7057291671875 0.7710905359375
2 0.7332175921874999 0.825617284375 0.7398726859375 0.8220164609375 0.7404513890625 0.7870370375 0.7112268515625 0.781893003125 0.7028356484375 0.7952674890625 0.7063078703125 0.808127571875 0.7332175921874999 0.825617284375
2 0.7277199078125001 0.7618312765625 0.7335069437499999 0.7752057609375 0.7442129625 0.8106995890625001 0.750578703125 0.8209876546875 0.7624421296875 0.8024691359375 0.7647569437499999 0.7854938265625 0.7476851859375 0.7541152265625 0.7317708328125 0.7551440328125001 0.7340856484375 0.7561728390625 0.733796296875 0.7561728390625 0.7277199078125001 0.7618312765625
2 0.8359375 0.8693415640625 0.836516203125 0.845164609375 0.8058449078125 0.8369341562500001 0.8035300921875 0.8405349796875001 0.7945601859375 0.8497942390625 0.79976851875 0.86419753125 0.8313078703125001 0.8827160484375 0.8359375 0.8693415640625
1 0.8796296296874999 0.7839506171874999 0.8712384265625 0.7942386828125 0.8689236109375 0.8148148140625 0.8718171296874999 0.8240740734375 0.9293981484374999 0.8554526750000001 0.938946759375 0.8379629625 0.938946759375 0.8132716046875 0.8796296296874999 0.7839506171874999
3 0.863715278125 0.7726337437499999 0.8475115734375 0.7278806578125 0.8000578703125001 0.760288065625 0.7771990734374999 0.781893003125 0.7881944437499999 0.8215020578125 0.7948495375 0.8204732515625001 0.8298611109375 0.7988683125 0.863715278125 0.7726337437499999
1 0.8385416671874999 0.28806584375 0.818865740625 0.2659465015625 0.8020833328125001 0.29372427968750003 0.840277778125 0.3503086421875 0.8524305562500001 0.33744855937499996 0.85648148125 0.3235596703125 0.8385416671874999 0.28806584375