0 0.18728656562499998 0.36955876718749997 0.18728656562499998 0.39061910312500003 0.188978915625 0.3966363421875 0.1985688890625 0.414688059375 0.30518684375 0.414688059375 0.3088535984375 0.3981406515625 0.3088535984375 0.37357025781250003 0.30208420468749997 0.3600314703125 0.2933404046875 0.3530113578125 0.2098512125 0.3535127953125 0.1932097859375 0.3520084859375 0.188978915625 0.3570228515625 0.18728656562499998 0.36955876718749997
3 0.1902793171875 0.41409445468749995 0.1886389796875 0.420412796875 0.169501690625 0.41215034843750004 0.16540084375 0.4165245859375 0.15419186093749998 0.4111782953125 0.139428809375 0.41506650624999997 0.129039996875 0.4087481640625 0.123845590625 0.416038559375 0.11919796406250001 0.41944074374999996 0.11564389687500001 0.429647296875 0.117557625 0.435965640625 0.1197447421875 0.44277000937500005 0.12220525156249999 0.45492066875 0.13013355625 0.45492066875 0.1353279640625 0.45735080000000006 0.14052236875 0.465127221875 0.21461101249999998 0.47387569531249996 0.2181650796875 0.45880887968749995 0.2200788078125 0.43110537656250003 0.21679813124999997 0.42138485000000003 0.206956096875 0.4174966390625 0.1902793171875 0.41409445468749995
3 0.56636106875 0.6899980578125 0.56003115 0.691774878125 0.548370775 0.7758776453125 0.5703589109375 0.7871308328125 0.5803535171875 0.7030280656250001 0.5776882890625 0.69473624375 0.5726909859375 0.69118260625 0.56636106875 0.6899980578125
3 0.5676342156249999 0.15736116875 0.5742492640625 0.16016118906250001 0.5808643140624999 0.1568011640625 0.5846443421874999 0.15064111875 0.583699334375 0.13272098593749998 0.582439325 0.11872088125 0.582439325 0.11032081875 0.5780292921875 0.0756005609375 0.5594441546875 0.0772805734375 0.5591291515625 0.101360753125 0.5676342156249999 0.15736116875
2 0.8578125 0.75703125 0.0375 0.02890625
2 0.4078125 0.28125 0.01953125 0.05546875
2 0.4484375 0.24296875 0.01953125 0.053125
2 0.40546875 0.08203125 0.01484375 0.05078125
2 0.43125 0.0640625 0.01796875 0.05234375
2 0.31484375 0.47265625 0.03203125 0.03046875
2 0.29609375 0.3375 0.03125 0.0296875
1 0.2578125 0.4859375 0.0515625 0.0421875
1 0.49296875 0.80703125 0.02890625 0.11171875
1 0.48046875 0.54453125 0.02734375 0.09921875
1 0.55 0.54453125 0.03125 0.09921875
1 0.4921875 0.3765625 0.025 0.0890625
1 0.4265625 0.37734375 0.02734375 0.08828125
1 0.13828125 0.90625 0.0390625 0.115625
1 0.10234375 0.8109375 0.0265625 0.0984375
1 0.20078125 0.90078125 0.05078125 0.11640625
1 0.93359375 0.734375 0.059375 0.03984375
1 0.94140625 0.68671875 0.06875 0.05078125
1 0.83671875 0.43984375 0.0546875 0.03828125
1 0.70703125 0.45390625 0.05234375 0.059375
1 0.89453125 0.153125 0.0375 0.10078125
1 0.46328125 0.06640625 0.0203125 0.07890625
1 0.540625 0.08046875 0.0265625 0.08671875
1 0.59140625 0.08125 0.0234375 0.0875