1 0.1126644734375 0.7792397671875 0.068256578125 0.8442982453125 0.08511513125 0.8757309937500001 0.1328125 0.8077485375 0.1126644734375 0.7792397671875
1 0.11101973750000001 0.847222221875 0.1130756578125 0.8625731 0.1369243421875 0.9451754390625 0.1628289484375 0.9152046781250001 0.13363486875 0.8260233921875001 0.11101973750000001 0.847222221875
1 0.1932565796875 0.8077485375 0.1685855265625 0.8362573093749999 0.1681743421875 0.8516081874999999 0.2010690796875 0.94298245625 0.22574013124999998 0.9203216375000001 0.22574013124999998 0.9005847953125 0.1932565796875 0.8077485375
2 0.1759868421875 0.96491228125 0.161184209375 0.94298245625 0.1472039484375 0.94298245625 0.1426809203125 0.950292396875 0.1430921046875 0.9736842109375001 0.1599506578125 1 0.17269736875 0.9963450296874999 0.180098684375 0.97587719375 0.1759868421875 0.96491228125
2 0.22738486875000002 0.7426900578125 0.2265625 0.7741228062500001 0.26480263125 0.7828947375 0.26480263125 0.73976608125 0.22738486875000002 0.7426900578125
0 0.0764802640625 0.573099415625 0.0666118421875 0.631578946875 0.1858552625 0.6732456140624999 0.1920230265625 0.6608187140624999 0.1977796046875 0.6103801171875001 0.0764802640625 0.573099415625
0 0.1287006578125 0.3640350875 0.1311677625 0.3099415203125 0.1134868421875 0.29532163749999996 0.023848684375000002 0.29532163749999996 0.0193256578125 0.33260233906250003 0.018914473437500003 0.340643275 0.029194078125 0.358187134375 0.0637335515625 0.36549707656249997 0.1287006578125 0.3640350875
0 0.311266446875 0.39108187031249997 0.312088815625 0.34137426875 0.291940790625 0.3267543859375 0.1916118421875 0.3267543859375 0.1887335515625 0.33771929843750004 0.187911184375 0.375 0.1994243421875 0.3888888890625 0.307565790625 0.396929825 0.311266446875 0.39108187031249997
3 0.24300986875000002 0.39108187031249997 0.1615953953125 0.38961988281250004 0.1587171046875 0.424707603125 0.1755756578125 0.45248538125 0.2598684203125 0.46345029374999996 0.2631578953125 0.39912280624999996 0.24300986875000002 0.39108187031249997
1 0.3145559203125 0.49195906406249995 0.315378290625 0.44663742656250005 0.264391446875 0.4451754390625 0.2602796046875 0.46929824531250003 0.266036184375 0.48318713437499994 0.2672697359375 0.4890350875 0.3145559203125 0.49195906406249995
1 0.5250822375 0.32090643281250003 0.5115131578125001 0.340643275 0.51809210625 0.3552631578125 0.5485197375 0.4203216375 0.5662006578125001 0.3932748546875 0.53659539375 0.32967836250000004 0.5250822375 0.32090643281250003
1 0.1615953953125 0.1842105265625 0.11636513125 0.154970759375 0.109375 0.1578947375 0.10115131562499999 0.1754385953125 0.1052631578125 0.1966374265625 0.1517269734375 0.22733918125 0.1615953953125 0.1842105265625
1 0.28207236875 0.312865496875 0.28207236875 0.290204678125 0.2717927640625 0.2814327484375 0.226151315625 0.2814327484375 0.225328946875 0.30774853750000003 0.229440790625 0.31798245625 0.2787828953125 0.3260233921875 0.28207236875 0.312865496875
2 0.1907894734375 0.312865496875 0.1907894734375 0.3026315796875 0.18667763125 0.29459064375 0.1796875 0.288742690625 0.15542763125 0.2938596484375 0.1546052625 0.3201754390625 0.161184209375 0.3282163734375 0.184621709375 0.323099415625 0.1907894734375 0.312865496875
2 0.225328946875 0.2989766078125 0.2228618421875 0.28654970625 0.21258223593749997 0.278508771875 0.1891447375 0.2814327484375 0.1891447375 0.30774853750000003 0.1994243421875 0.31871345 0.2228618421875 0.30847953125 0.225328946875 0.2989766078125
2 0.2319078953125 0.2770467828125 0.2286184203125 0.26315789375 0.2228618421875 0.2529239765625 0.213815790625 0.244883040625 0.195723684375 0.24926900624999998 0.194901315625 0.2763157890625 0.201891446875 0.2807017546875 0.226973684375 0.28581871406250003 0.2319078953125 0.2770467828125
2 0.28125 0.29751461875 0.2796052640625 0.33040935625 0.31332236875 0.334795321875 0.31332236875 0.301900584375 0.28125 0.29751461875
1 0.1858552625 0.375 0.18667763125 0.3442982453125 0.1809210515625 0.33260233906250003 0.133223684375 0.33260233906250003 0.1291118421875 0.35964912187500003 0.1340460515625 0.370614034375 0.1784539484375 0.379385965625 0.1858552625 0.375
1 0.1459703953125 0.38815789375 0.1373355265625 0.3764619890625 0.085526315625 0.3735380109375 0.086348684375 0.40204678281249995 0.0953947359375 0.42105263125 0.1439144734375 0.42690058437499995 0.1459703953125 0.38815789375
1 0.08675986875 0.40862573125 0.08675986875 0.3830409359375 0.0797697359375 0.37426900625 0.02878289375 0.3640350875 0.02261513125 0.39035087812499997 0.0300164484375 0.40862573125 0.0814144734375 0.424707603125 0.08675986875 0.40862573125
1 0.383223684375 0.5986842109375 0.384046053125 0.6505847953125 0.4473684203125 0.6498538015624999 0.4432565796875 0.5906432749999999 0.383223684375 0.5986842109375
2 0.5423519734375 0.91959064375 0.5111019734375 0.924707603125 0.51644736875 0.994883040625 0.5431743421874999 0.9941520468749999 0.5423519734375 0.91959064375
3 0.530838815625 0.6162280703125 0.5300164484375001 0.6593567250000001 0.5847039484375001 0.6666666671875 0.585526315625 0.61476608125 0.530838815625 0.6162280703125
1 0.6015625 0.44663742656250005 0.5871710515624999 0.47807017500000004 0.5896381578125001 0.4904970765625 0.635690790625 0.5431286562500001 0.6496710515624999 0.5095029234374999 0.648026315625 0.49342105312499995 0.6015625 0.44663742656250005
1 0.7611019734375 0.65862573125 0.703536184375 0.6388888890625 0.695723684375 0.64766081875 0.6916118421874999 0.6805555562500001 0.698190790625 0.689327484375 0.7578125 0.7097953218749999 0.7611019734375 0.65862573125
1 0.6546875 0.63203125 0.06171875 0.04765625
1 0.7484375 0.575 0.07109375 0.0609375
1 0.84453125 0.57265625 0.0703125 0.0484375
1 0.84765625 0.62578125 0.0671875 0.0484375
1 0.86015625 0.67578125 0.06640625 0.05
1 0.90390625 0.73359375 0.06171875 0.046875
2 0.903125 0.63828125 0.03984375 0.03515625
2 0.92578125 0.6765625 0.04453125 0.0375
2 0.9828125 0.746875 0.034375 0.046875
1 0.9765625 0.5859375 0.0453125 0.0484375
3 0.984375 0.64375 0.03125 0.053125
1 0.5526315796875 0.017543859375 0.5328947375 0.021929825 0.53042763125 0.037280701562500004 0.5378289484375001 0.1169590640625 0.5534539484375001 0.11476608125000001 0.5608552625 0.095029240625 0.5526315796875 0.017543859375
1 0.6027960515624999 0.0204678359375 0.5842927625 0.0248538015625 0.581003290625 0.040204678125 0.5896381578125001 0.120614034375 0.6077302625 0.119152046875 0.61019736875 0.10087719375 0.6027960515624999 0.0204678359375
1 0.6315789484375001 0.04751461875 0.6282894734375 0.0007309937499999999 0.6056743421874999 0.0036549703125 0.6077302625 0.064327484375 0.61636513125 0.0716374265625 0.6311677625 0.06871345 0.6315789484375001 0.04751461875
1 0.57277960625 0.06652046874999999 0.5768914484375001 0.0548245609375 0.57894736875 0.03654970625 0.57730263125 0.0007309937499999999 0.554276315625 0.0014619890624999999 0.5559210515624999 0.053362573437500005 0.557565790625 0.062134503125 0.56332236875 0.06652046874999999 0.57277960625 0.06652046874999999
3 0.5904605265625 0.13669590625 0.5896381578125001 0.11476608125000001 0.583059209375 0.06286549687500001 0.5637335515624999 0.06871345 0.56167763125 0.08845029374999999 0.569901315625 0.14912280625000002 0.5768914484375001 0.1520467828125 0.586348684375 0.1505847953125 0.5904605265625 0.13669590625
1 0.9720394734375001 0.16301169531249998 0.96011513125 0.13961988281249998 0.9169407906249999 0.17105263125 0.9157072359375 0.1842105265625 0.9243421062499999 0.211257309375 0.9346217093750001 0.209795321875 0.9728618421874999 0.18201754375 0.9720394734375001 0.16301169531249998
1 0.8787006578125001 0.0811403515625 0.8787006578125001 0.0526315796875 0.837993421875 0.029970759375 0.82730263125 0.0328947375 0.8215460515625 0.05847953125000001 0.827713815625 0.075292396875 0.866776315625 0.096491228125 0.8787006578125001 0.0811403515625