0 0.187421859375 0.372497278125 0.1877518265625 0.38657591562500004 0.1973209 0.4041742109375 0.3048904875 0.4094537 0.3085201375 0.39889472187499997 0.3091800734375 0.370737446875 0.30621035937499996 0.358418640625 0.2930116375 0.34668644375 0.1983108046875 0.3478596625 0.19402121875 0.345513221875 0.1894016671875 0.35079271093750003 0.187421859375 0.372497278125
3 0.2296577703125 0.41180014062500003 0.2280079296875 0.4176662390625 0.20293035625 0.412973359375 0.1923713796875 0.408867090625 0.1788426890625 0.4147331890625 0.17752281718750001 0.408867090625 0.16861367968750002 0.4041742109375 0.1646540625 0.4094537 0.1606944453125 0.41238675 0.1550849875 0.4205992890625 0.15574492499999998 0.435264534375 0.1587146375 0.44523690312499997 0.1646540625 0.45344944218750005 0.1699335515625 0.4604887609375 0.178512721875 0.45990215 0.1837922109375 0.46694146875 0.2329574515625 0.4681146890625 0.2534154703125 0.47280756874999996 0.2573750875 0.4563824921875 0.258694959375 0.4293984359375 0.25704512031250004 0.41590640937499995 0.2454962375 0.41180014062500003 0.2296577703125 0.41180014062500003
3 0.5688649359375 0.154865009375 0.5751343296875 0.15955788906249999 0.58338353125 0.15721145 0.58701318125 0.150758740625 0.586023275 0.13198722499999999 0.5837135 0.1179085875 0.585033371875 0.1091094390625 0.5800838515625 0.07215301562500001 0.5602857671875 0.07684589375 0.560615734375 0.10265673125000001 0.5688649359375 0.154865009375
2 0.26958390625 0.7625928515625 0.24450633281249998 0.7661125109375 0.24021674843750002 0.771392 0.2375770046875 0.7825375875 0.24120665156249999 0.78957690625 0.2448363015625 0.79250995625 0.267274128125 0.79544300625 0.27222365000000004 0.7913367359375 0.2725536171875 0.771978609375 0.26958390625 0.7625928515625
2 0.10560254531249999 0.34679354375 0.1135227359375 0.344186075 0.1276030765625 0.33479918125 0.13317654375000001 0.3243693015625 0.13698996875 0.322283325 0.1364032875 0.3170683828125 0.13346988437500001 0.3149824078125 0.13082982031249998 0.3087244796875 0.1217362671875 0.3061170078125 0.10501586562500001 0.31133194999999997 0.10178912031250001 0.3170683828125 0.103255821875 0.330105734375 0.10560254531249999 0.34679354375
2 0.159283840625 0.3462720515625 0.17747094531250002 0.338449640625 0.183337753125 0.3332347 0.18891122031250002 0.3311487234375 0.18861788125 0.322283325 0.1836310921875 0.316546890625 0.1768842640625 0.30976746718750003 0.17101745625 0.30976746718750003 0.157523796875 0.30976746718750003 0.153710371875 0.3149824078125 0.1551770734375 0.3321917109375 0.159283840625 0.3462720515625
2 0.1927246453125 0.3321917109375 0.195364709375 0.33427768750000003 0.2150185171875 0.3254122890625 0.2179519203125 0.31915435937500003 0.22293870781249997 0.317589878125 0.2220586859375 0.31133194999999997 0.2179519203125 0.30976746718750003 0.216778559375 0.3014235625 0.20915170781249998 0.29777310468749996 0.191551284375 0.29777310468749996 0.18861788125 0.30194505625 0.18979124218750001 0.3207188421875 0.1927246453125 0.3321917109375
2 0.28043342656250003 0.34366458125 0.3056607015625 0.3462720515625 0.30771408437500003 0.3421000984375 0.31152750937499996 0.34470756874999997 0.312114190625 0.3374066515625 0.3091807859375 0.33375619375 0.3071274046875 0.327498265625 0.3018472765625 0.3201973484375 0.28454019218750004 0.317589878125 0.28043342656250003 0.3201973484375 0.28043342656250003 0.33427768750000003 0.28043342656250003 0.34366458125
2 0.8008193046875001 0.7462579890625001 0.8002326234374999 0.7546018937500001 0.8049260703125001 0.7561663765625 0.8087394953124999 0.765031775 0.8316200468750001 0.7671177515625 0.83514013125 0.760859821875 0.83514013125 0.74365051875 0.8333800890624999 0.7394785671874999 0.8160730046875001 0.7363496031250001 0.8107928781249999 0.738435578125 0.8063927718749999 0.7452150015625 0.8008193046875001 0.7462579890625001
1 0.9043684671875001 0.6982805359375 0.9075952109375001 0.70975340625 0.9175687859374999 0.7123608765625 0.96391656875 0.70975340625 0.9700767171875 0.705059959375 0.9709567390625 0.6956730671875 0.9697833765625001 0.6753347984375 0.964796590625 0.6654264109375 0.9187421468749999 0.66907686875 0.9075952109375001 0.6706413515625 0.9023150843750001 0.682635715625 0.9043684671875001 0.6982805359375
1 0.891461490625 0.58355184375 0.8873547234375 0.5778154093750001 0.8503938328125 0.575729434375 0.8407136 0.576772421875 0.8345534515624999 0.587723796875 0.836020153125 0.6059760890625 0.8389535562500001 0.61431999375 0.8459937265624999 0.61431999375 0.8873547234375 0.61431999375 0.8926348515625 0.6122340187499999 0.8929281906250001 0.597632184375 0.891461490625 0.58355184375
1 0.8043393890624999 0.6419591796875 0.8037527078125001 0.629964815625 0.7911390703125 0.6200564296875 0.7700185609375 0.608583559375 0.7535915 0.602847125 0.7486047124999999 0.6111910296875 0.7477246921875 0.6304863093749999 0.751244775 0.6409161906249999 0.7914324125000001 0.662818940625 0.7987659218750001 0.6607329656250001 0.8016993250000001 0.6539535421875 0.8043393890624999 0.6419591796875
1 0.7418578828125 0.41510926562500006 0.7427379046875 0.4307540875 0.749484734375 0.4338830515625 0.78967236875 0.43023259375 0.7952458359375 0.426582134375 0.7964191984375 0.41563075937500005 0.7955391781250001 0.40102892656250005 0.7920190921875 0.3952924921875 0.7846855828125 0.39320651562500003 0.75300481875 0.3958139859375 0.7468446703125 0.394770996875 0.7418578828125 0.39894295 0.7418578828125 0.41510926562500006
1 0.9114086374999999 0.2727413890625 0.9084752328125001 0.2607470265625 0.8826612765625 0.2195489953125 0.878261171875 0.21485555 0.873567725 0.21642003124999998 0.865647534375 0.23154335937499998 0.863887490625 0.240930253125 0.8659408734375 0.2487526625 0.8929281906250001 0.2936011515625 0.90202174375 0.2936011515625 0.9078885515625 0.285257246875 0.9114086374999999 0.2727413890625
1 0.4731580734375 0.12776604375 0.467291265625 0.0782241078125 0.46465120156250006 0.06414376875 0.45849105312500005 0.057885840625 0.45115754218750004 0.06257928593749999 0.4467574359375 0.071444684375 0.44881081875 0.08604651875 0.45438428750000004 0.136109946875 0.45995775468750005 0.1423678765625 0.46993132812500005 0.13767443125 0.4731580734375 0.12776604375
1 0.550013259375 0.12150811406249999 0.554120025 0.11577167968749999 0.5544133640625 0.1042988109375 0.5479598765625 0.04119803125 0.544439790625 0.036504582812500005 0.535639578125 0.037026078125 0.5300661109375 0.04328400625 0.536226259375 0.11577167968749999 0.541213046875 0.123594090625 0.550013259375 0.12150811406249999
1 0.224405409375 0.328019759375 0.2261654515625 0.33375619375 0.26635308750000003 0.33584216875 0.274273278125 0.3332347 0.27838004375000003 0.3254122890625 0.27838004375000003 0.3102889609375 0.2733932578125 0.29985908125 0.265179725 0.2982945984375 0.23437898281249997 0.2982945984375 0.227632153125 0.2993375859375 0.2238187296875 0.31081045625 0.224405409375 0.328019759375
1 0.1686707328125 0.3582664140625 0.162510584375 0.3530514734375 0.1261363734375 0.349401015625 0.12056290624999999 0.3514869921875 0.11850952343750001 0.3733897421875 0.12056290624999999 0.3843411171875 0.1258430328125 0.3869485875 0.1616305640625 0.392163528125 0.16925741249999998 0.387991575 0.1739508609375 0.371825259375 0.1686707328125 0.3582664140625
1 0.11850952343750001 0.39842145625000003 0.11469609843749999 0.38903456406250003 0.0932822484375 0.392163528125 0.065414909375 0.393728009375 0.060721464062499994 0.40207191406250004 0.060721464062499994 0.41875972343749995 0.06658827187500001 0.43023259375 0.10677590625 0.43231856874999997 0.115869459375 0.42814661718749997 0.11821618281249999 0.4161522546875 0.11850952343750001 0.39842145625000003
1 0.2631263421875 0.4933333734375 0.26635308750000003 0.49698383125 0.28718025625 0.499591303125 0.31123416875 0.5032417609375 0.3132875515625 0.4891614203125 0.3129942109375 0.47038763437500003 0.3068340625 0.46569418906250004 0.291873703125 0.46412970624999994 0.2733932578125 0.46308671874999996 0.266059746875 0.46308671874999996 0.2634196828125 0.47351660000000007 0.2631263421875 0.4933333734375
1 0.20709832499999997 0.9532911281249999 0.2220586859375 0.9345173421874999 0.22117866562500002 0.91678654375 0.1933113265625 0.8385624359375001 0.18744451875 0.8380409437499999 0.174537540625 0.85316426875 0.173364178125 0.8714165625 0.20181819843749998 0.9501621640625 0.20709832499999997 0.9532911281249999
1 0.11264271562499999 0.7624243046875 0.1073625890625 0.771811196875 0.086828759375 0.8385624359375001 0.086242078125 0.8458633531249999 0.1020824609375 0.8594221984375 0.1064825671875 0.857336221875 0.12936311875 0.7822410796875 0.1287764375 0.7660747640625 0.12026956562499999 0.759816834375 0.11264271562499999 0.7624243046875
2 0.49046515625 0.2868217296875 0.4895851359375 0.3212403359375 0.4931052203125 0.3306272296875 0.503665475 0.3321917109375 0.5065988781249999 0.322283325 0.503665475 0.2831712703125 0.5004387296874999 0.274305871875 0.4925185390625 0.27691334218749997 0.49046515625 0.2868217296875