0 0.3219371890625 1 0.3671422609375 0.8295178765625 0.3676994796875 0.8215929828125 0.3668636515625 0.8166399234374999 0.363241728125 0.8106962531249999 0.3534903921875 0.8027713578125001 0.34541071562500003 0.7993042171875 0.340674353125 0.7993042171875 0.33621660000000003 0.802276053125 0.331758846875 0.8072291109374999 0.3200572453125 0.84784419375 0.27752121875 1 0.3219371890625 1
3 0.69375 0.63984375 0.06875 0.0703125
2 0.07734375 0.271875 0.034375 0.0515625
2 0.04140625 0.3703125 0.0375 0.046875
2 0.06015625 0.43515625 0.0375 0.0421875
2 0.1453125 0.45234375 0.0375 0.0515625
2 0.14140625 0.40078125 0.0359375 0.05
2 0.15625 0.02890625 0.034375 0.040625
2 0.409375 0.58828125 0.034375 0.046875
2 0.415625 0.5453125 0.034375 0.05
2 0.51796875 0.64609375 0.0359375 0.05
2 0.56953125 0.14375 0.01875 0.0546875
2 0.40703125 0.246875 0.034375 0.0453125
2 0.60546875 0.44453125 0.034375 0.040625
2 0.7578125 0.80390625 0.0390625 0.0515625
2 0.9828125 0.54375 0.034375 0.05
1 0.5 0.503125 0.059375 0.0609375
1 0.52890625 0.5703125 0.059375 0.059375
1 0.54140625 0.0921875 0.03125 0.08125
1 0.68125 0.58125 0.0625 0.059375
1 0.83671875 0.821875 0.06875 0.05
1 0.50390625 0.9640625 0.0390625 0.071875
1 0.47421875 0.9125 0.0375 0.121875
1 0.375 0.865625 0.040625 0.096875
1 0.30078125 0.4453125 0.059375 0.0703125
1 0.4015625 0.47265625 0.05625 0.0625
1 0.35703125 0.2796875 0.05625 0.065625
1 0.14765625 0.11171875 0.053125 0.065625
1 0.8421875 0.56171875 0.059375 0.065625