0 0.651726696875 0.7068506593749999 0.6353599171875 0.7044583390625 0.6089419265625 0.70963945 0.5931784046875 0.71479458125 0.61847845625 0.833407715625 0.63682204375 0.8408038093749999 0.65367665625 0.8387989093750001 0.6753707375 0.8337013843750001 0.6816351 0.8283892500000001 0.6796840343749999 0.8160707078125 0.6646018171875 0.7171066984375 0.651726696875 0.7068506593749999
0 0.660376175 0.9115826234375 0.6718836078125 0.9790088734375001 0.7338438109375 0.9691953421875 0.7240956578125 0.914997178125 0.7049995015625 0.9008006328124999 0.6826943765625 0.9043334171874999 0.660376175 0.9115826234375
3 0.2616430328125 0.26993011875 0.2714099984375 0.3142716203125 0.2719690890625 0.32126651875 0.2738487578125 0.32620440156249997 0.28523412187499997 0.325325065625 0.3011998234375 0.3221803953125 0.308706825 0.317603665625 0.3074934734375 0.3030129890625 0.30135501875 0.2642563078125 0.2616430328125 0.26993011875
3 0.8635444921875 0.3569038484375 0.8429152046875 0.3573456453125 0.8293199875000001 0.3598128671875 0.8221160734374999 0.363779415625 0.8193145015625 0.3708161171875 0.8233529640624999 0.3786531703125 0.8902980953125 0.3774686390625 0.9125282828125 0.37300586875 0.9154270015625 0.35245387968749997 0.871536696875 0.354382203125 0.8635444921875 0.3569038484375
2 0.1953125 0.8453125 0.04375 0.04375
2 0.709375 0.8484375 0.04375 0.04375
2 0.7171875 0.80859375 0.0453125 0.04375
2 0.6796875 0.71328125 0.040625 0.0390625
2 0.7515625 0.796875 0.0359375 0.0390625
2 0.596875 0.4921875 0.0625 0.034375
2 0.1875 0.44765625 0.0390625 0.0421875
1 0.3953125 0.846875 0.0625 0.0703125
3 0.5330473515625 0.782991771875 0.538766821875 0.8052211187499999 0.5528033609375 0.8591394265625001 0.56139470625 0.8682666578125 0.56026265625 0.8715306546875 0.5700933203125 0.8746006749999999 0.5730961015625 0.879677534375 0.5874667812500001 0.88017766875 0.5951049015625001 0.883286484375 0.60753329375 0.8819349609374999 0.6147663578125 0.8755453718749999 0.6161963203124999 0.8706918421875001 0.624299234375 0.8663237703125001 0.6142541609375 0.8549590296874999 0.6138849468750001 0.8352754499999999 0.608558584375 0.8259395640625 0.6012424015625 0.8005699453125 0.6058300796875 0.7983009796875 0.6014094078125 0.7808014359375 0.5939858265625 0.7721061875 0.585811484375 0.7690823015625 0.5601682296875 0.7737607328125 0.5330473515625 0.782991771875
1 0.6328125 0.9734375 0.0671875 0.0328125
1 0.62265625 0.928125 0.059375 0.06875
1 0.6625 0.87265625 0.059375 0.0671875
1 0.515625 0.74765625 0.0546875 0.0625
1 0.10234375 0.91640625 0.0921875 0.06875
1 0.1015625 0.97734375 0.06875 0.0453125
1 0.165625 0.98671875 0.1125 0.0265625
1 0.7046875 0.759375 0.0546875 0.0671875
1 0.2421875 0.34375 0.0546875 0.06875
1 0.20234375 0.1578125 0.0625 0.0734375
1 0.22734375 0.084375 0.05625 0.071875
1 0.09453125 0.0859375 0.09375 0.065625
1 0.30546875 0.1046875 0.0578125 0.078125
1 0.296875 0.1796875 0.059375 0.075
1 0.73984375 0.47265625 0.1 0.0515625
1 0.9140625 0.39609375 0.1 0.0421875
1 0.90234375 0.33984375 0.1 0.0421875
1 0.3796875 0.39453125 0.096875 0.078125
1 0.9359375 0.47109375 0.09375 0.0390625