0 0.2694190125 0.7374485140625 0.243901140625 0.7125540765625 0.046231578125 0.8017427843749999 0.05153933125 0.8138708515624999 0.0773709234375 0.8345532562500001 0.261619646875 0.7471371875 0.2694190125 0.7374485140625
1 0.16096163125000001 0.694518628125 0.1577537765625 0.6823172 0.1424497515625 0.6764053703124999 0.0483705765625 0.70902711875 0.0632411859375 0.73045460625 0.155474334375 0.6993459953125 0.16096163125000001 0.694518628125
1 0.87890625 0.90234375 0.0703125 0.0609375
1 0.8875 0.828125 0.0703125 0.059375
1 0.9625 0.84765625 0.0671875 0.05625
1 0.8875 0.77734375 0.059375 0.0546875
1 0.83671875 0.771875 0.075 0.06875
1 0.78046875 0.79921875 0.075 0.0640625
1 0.771875 0.6984375 0.0640625 0.0625
1 0.71171875 0.71015625 0.0703125 0.05625
1 0.64375 0.6359375 0.0671875 0.059375
1 0.69453125 0.603125 0.0671875 0.059375
1 0.8625 0.69921875 0.06875 0.059375
2 0.7234375 0.5765625 0.0484375 0.0390625
2 0.76171875 0.61015625 0.0546875 0.0390625
2 0.8046875 0.6328125 0.0484375 0.0390625
2 0.78671875 0.659375 0.0453125 0.0390625
2 0.74375 0.646875 0.0421875 0.0375
2 0.9515625 0.7984375 0.0453125 0.034375
3 0.8328125 0.7109375 0.0609375 0.0515625
0 0.24463823125 0.584520121875 0.2557845546875 0.5802390515625 0.2541086078125 0.5733302515625 0.249057178125 0.5680458265625 0.242453940625 0.56174854375 0.2342030296875 0.55908665 0.22364050781249997 0.55889073125 0.0354927046875 0.6262867640625001 0.0285578734375 0.633684690625 0.031209690624999998 0.6409360125 0.045747975 0.653295746875 0.0637254 0.651412325 0.23753133124999998 0.58834623125 0.24463823125 0.584520121875
0 0.9691649671875 0.498895525 0.967779865625 0.493586834375 0.96444081875 0.48483659375 0.956958775 0.4806029578125 0.9376674609375 0.48324732187499997 0.80887086875 0.5193351265625 0.8075528109375 0.527139703125 0.8105897109375 0.5341763796875 0.8157139046875 0.54286425625 0.8261187874999999 0.54330124375 0.8437112812500001 0.5412088359375 0.9612751625 0.505082415625 0.9691649671875 0.498895525
3 0.29140625 0.59375 0.1453125 0.0609375
3 0.06953125 0.47734375 0.1109375 0.09375
3 0.6359375 0.52421875 0.0625 0.0546875
2 0.29375 0.559375 0.065625 0.0296875
2 0.2640625 0.546875 0.0640625 0.0296875
2 0.33125 0.528125 0.0671875 0.03125
2 0.1890625 0.36953125 0.0484375 0.0421875
2 0.1625 0.33671875 0.0453125 0.040625
2 0.178125 0.31015625 0.0640625 0.040625
2 0.14453125 0.365625 0.0515625 0.0421875
2 0.21953125 0.228125 0.046875 0.04375
2 0.0796875 0.2046875 0.05 0.04375
2 0.31484375 0.28203125 0.0453125 0.040625
2 0.65390625 0.46796875 0.0453125 0.0359375
2 0.66328125 0.50859375 0.0421875 0.034375
1 0.228125 0.35390625 0.0796875 0.0796875
1 0.29453125 0.34609375 0.065625 0.0671875
1 0.28125 0.23515625 0.0703125 0.06875
1 0.1890625 0.17890625 0.0734375 0.0671875
1 0.1875 0.2609375 0.0703125 0.075
1 0.1125 0.2953125 0.05625 0.0671875
1 0.59453125 0.54765625 0.065625 0.0640625
1 0.43125 0.5296875 0.103125 0.0421875
1 0.63671875 0.14375 0.0890625 0.0640625