1 0.0713541671875 0.35555555625 0.0927083328125 0.3740740734375 0.10364583281249999 0.3495370375 0.09296875 0.3333333328125 0.06640625 0.309722221875 0.06328125 0.3120370375 0.05729166718749999 0.3203703703125 0.053125 0.33194444375 0.054166667187499996 0.3375 0.0713541671875 0.35555555625
1 0.05703125 0.23472222187499997 0.0682291671875 0.221296296875 0.0723958328125 0.20277777812500003 0.060677082812500005 0.1898148140625 0.03203125 0.165740740625 0.0270833328125 0.1708333328125 0.0208333328125 0.1861111109375 0.0244791671875 0.20416666718749998 0.0307291671875 0.216203703125 0.05703125 0.23472222187499997
1 0.09427083281250001 0.1675925921875 0.09895833281250001 0.1523148140625 0.09427083281250001 0.13935185156250002 0.060416667187499995 0.1106481484375 0.0536458328125 0.1273148140625 0.060416667187499995 0.147222221875 0.0856770828125 0.171296296875 0.09427083281250001 0.1675925921875
2 0.08333333281250001 0.058333332812500006 0.07265625 0.039814814062499995 0.05703125 0.026388889062499997 0.051302082812500004 0.043981481249999996 0.05703125 0.061111110937500004 0.08046875 0.072222221875 0.08333333281250001 0.058333332812500006
0 0.1458333328125 0.2078703703125 0.1510416671875 0.19444444375 0.14375 0.1768518515625 0.1325520828125 0.1675925921875 0.1067708328125 0.1458333328125 0.0979166671875 0.1666666671875 0.1041666671875 0.1833333328125 0.1377604171875 0.216203703125 0.1458333328125 0.2078703703125
1 0.14114583281249998 0.17314814843749998 0.1466145828125 0.165740740625 0.14921875 0.15324074062499998 0.14609375 0.14398148125000002 0.1356770828125 0.1300925921875 0.11432291718750001 0.1148148140625 0.10729166718750001 0.1268518515625 0.1052083328125 0.13981481406250001 0.1317708328125 0.1675925921875 0.14114583281249998 0.17314814843749998
1 0.10703125 0.2666666671875 0.1169270828125 0.2453703703125 0.11223958281249999 0.23009259218749997 0.0760416671875 0.20509259218749998 0.06796875 0.21805555625 0.06796875 0.23055555625 0.0799479171875 0.246296296875 0.10703125 0.2666666671875
1 0.1768229171875 0.28148148125 0.1716145828125 0.2666666671875 0.16171875 0.25555555625 0.13125 0.2379629625 0.1236979171875 0.2541666671875 0.12578125 0.2740740734375 0.16640625 0.3018518515625 0.1768229171875 0.28148148125
1 0.20989583281250002 0.240277778125 0.2088541671875 0.22407407343750002 0.1984375 0.2138888890625 0.1638020828125 0.1986111109375 0.1565104171875 0.22175925937500002 0.1669270828125 0.240740740625 0.2015625 0.258796296875 0.20989583281250002 0.240277778125
1 0.20807291718749998 0.177777778125 0.21067708281250003 0.17314814843749998 0.21614583281250002 0.15324074062499998 0.20963541718749998 0.1421296296875 0.17135416718750002 0.12407407343750002 0.16328125 0.146296296875 0.16848958281249998 0.15648148125 0.203125 0.175 0.20807291718749998 0.177777778125
3 0.20442708281250002 0.1888888890625 0.2013020828125 0.1745370375 0.1932291671875 0.165277778125 0.1703125 0.1574074078125 0.16875 0.1546296296875 0.15963541718750002 0.177777778125 0.159375 0.184722221875 0.17135416718750002 0.1949074078125 0.1950520828125 0.20879629687499998 0.20026041718749998 0.203240740625 0.20442708281250002 0.1888888890625
2 0.2427083328125 0.23055555625 0.2513020828125 0.2259259265625 0.2513020828125 0.21805555625 0.24713541718749998 0.215277778125 0.24244791718749997 0.20138888906250002 0.22578125 0.1921296296875 0.22161458281250002 0.2078703703125 0.22265625 0.21851851875 0.22578125 0.22407407343750002 0.2427083328125 0.23055555625
2 0.26119791718749996 0.25694444375000003 0.25729166718749996 0.24259259218749998 0.2510416671875 0.234259259375 0.2338541671875 0.22777777812500002 0.2286458328125 0.246296296875 0.234375 0.266203703125 0.26015625 0.2671296296875 0.26119791718749996 0.25694444375000003
2 0.2872395828125 0.21805555625 0.2872395828125 0.20740740781250003 0.2833333328125 0.2009259265625 0.2799479171875 0.1879629625 0.2606770828125 0.177777778125 0.2557291671875 0.196759259375 0.2578125 0.2138888890625 0.2776041671875 0.221296296875 0.2872395828125 0.21805555625
2 0.3106770828125 0.2601851859375 0.3177083328125 0.252777778125 0.3151041671875 0.2398148140625 0.3072916671875 0.22870370312500002 0.2901041671875 0.2203703703125 0.2861979171875 0.2328703703125 0.2869791671875 0.2453703703125 0.2890625 0.25555555625 0.3106770828125 0.2601851859375
2 0.3455729171875 0.2888888890625 0.3552083328125 0.284259259375 0.3526041671875 0.2726851859375 0.3473958328125 0.2546296296875 0.32890625 0.24722222187499998 0.3234375 0.26342592656249997 0.3234375 0.2768518515625 0.3278645828125 0.2824074078125 0.3455729171875 0.2888888890625
1 0.3333333328125 0.2949074078125 0.3263020828125 0.2828703703125 0.2872395828125 0.2606481484375 0.28203125 0.28194444375 0.2890625 0.3013888890625 0.32578125 0.32083333281250004 0.3333333328125 0.2949074078125
1 0.3640625 0.39027777812500003 0.36484375 0.3759259265625 0.3591145828125 0.3601851859375 0.31484375 0.34444444375 0.31015625 0.365277778125 0.31328125 0.3796296296875 0.3565104171875 0.4 0.3640625 0.39027777812500003
1 0.2588541671875 0.353703703125 0.2658854171875 0.3254629625 0.2578125 0.315740740625 0.23333333281250002 0.3009259265625 0.2208333328125 0.30046296250000004 0.21458333281250003 0.3166666671875 0.215625 0.3291666671875 0.2377604171875 0.3458333328125 0.2588541671875 0.353703703125
3 0.3557291671875 0.29305555625 0.3463541671875 0.3273148140625 0.3877604171875 0.35648148125 0.39453125 0.3115740734375 0.3557291671875 0.29305555625
0 0.33984375 0.7898148140625 0.3291666671875 0.7731481484375 0.31015625 0.7675925921875 0.3020833328125 0.7754629625 0.25 0.9689814812499999 0.2815104171875 0.9930555562500001 0.28828125 0.9930555562500001 0.33984375 0.7898148140625
0 0.4653645828125 0.95648148125 0.4731770828125 0.916203703125 0.4966145828125 0.75555555625 0.4934895828125 0.7370370375 0.46875 0.73055555625 0.4380208328125 0.928703703125 0.4390625 0.9458333328125 0.45 0.952777778125 0.4653645828125 0.95648148125
1 0.3713541671875 0.9712962968750001 0.37734375 0.9731481484375 0.39296875 0.8791666671874999 0.3908854171875 0.8675925921875001 0.3721354171875 0.8652777781250001 0.3611979171875 0.9199074078124999 0.3565104171875 0.9620370375 0.3609375 0.9666666671874999 0.3713541671875 0.9712962968750001
2 0.440625 0.903240740625 0.4447916671875 0.8828703703125 0.43932291718750005 0.8768518515625001 0.42604166718750003 0.8703703703125001 0.41901041718750004 0.91944444375 0.42369791718750005 0.941203703125 0.4341145828125 0.9324074078125 0.440625 0.903240740625
2 0.5111979171875001 0.66851851875 0.49505208281249996 0.665277778125 0.4934895828125 0.715740740625 0.5013020828125 0.73148148125 0.5080729171875 0.7148148140624999 0.5111979171875001 0.66851851875
2 0.4986979171875 0.622222221875 0.4809895828125 0.6171296296875 0.48020833281249997 0.665277778125 0.4875 0.6828703703125 0.49453125 0.665740740625 0.4986979171875 0.622222221875
2 0.5328125 0.534722221875 0.51796875 0.5287037031249999 0.5119791671875 0.5745370375000001 0.515625 0.5925925921874999 0.5270833328125 0.58055555625 0.5328125 0.534722221875
3 0.44114583281249997 0.603240740625 0.43255208281249996 0.741203703125 0.46302083281249995 0.746296296875 0.47161458281249996 0.608796296875 0.44114583281249997 0.603240740625
1 0.4453125 0.49768518593750005 0.42734375 0.4361111109375 0.41171875 0.44166666718750003 0.41223958281249995 0.45416666718750004 0.41223958281249995 0.4574074078125 0.42942708281249997 0.5296296296875 0.43854166718750004 0.5305555562500001 0.44739583281249995 0.5171296296875 0.4453125 0.49768518593750005
1 0.5106770828125 0.4050925921875 0.51875 0.3328703703125 0.5145833328125 0.3240740734375 0.5028645828125 0.322222221875 0.50078125 0.32777777812500003 0.49140625 0.3986111109375 0.4955729171875 0.408796296875 0.5052083328125 0.4125 0.5106770828125 0.4050925921875
2 0.44166666718750003 0.30694444375 0.43984375 0.3375 0.4640625 0.34398148125 0.47161458281249996 0.33101851875 0.46276041718750005 0.3143518515625 0.44166666718750003 0.30694444375
2 0.42994791718750003 0.3291666671875 0.42682291718750004 0.315277778125 0.42213541718750003 0.303240740625 0.40416666718750005 0.29351851875 0.39791666718749996 0.3143518515625 0.39895833281250004 0.328703703125 0.421875 0.3356481484375 0.42994791718750003 0.3291666671875
0 0.43203125 0.22685185156249998 0.4447916671875 0.077777778125 0.4341145828125 0.0675925921875 0.41614583281249995 0.0731481484375 0.40078125 0.20370370312500002 0.40234375 0.234259259375 0.42734375 0.2379629625 0.43203125 0.22685185156249998
1 0.5481770828125 0.1601851859375 0.55546875 0.0976851859375 0.53984375 0.0925925921875 0.5276041671875 0.1574074078125 0.534375 0.1648148140625 0.5434895828124999 0.1666666671875 0.5481770828125 0.1601851859375
1 0.8510416671875 0.3106481484375 0.8333333328125001 0.28194444375 0.8177083328125001 0.2648148140625 0.80703125 0.28101851875 0.8013020828125 0.2949074078125 0.8375 0.3495370375 0.8481770828125 0.3421296296875 0.8546875 0.32777777812500003 0.8510416671875 0.3106481484375
1 0.7234375 0.6101851859375 0.6934895828125 0.597222221875 0.67578125 0.5944444437499999 0.6703125 0.60694444375 0.671875 0.628703703125 0.69765625 0.640277778125 0.7208333328125 0.6486111109375 0.7244791671875 0.6231481484375 0.7234375 0.6101851859375
1 0.8341145828125001 0.6833333328125 0.8315104171875 0.659722221875 0.79140625 0.6416666671875 0.7783854171875 0.6425925921875 0.7734375 0.6606481484375 0.7760416671875 0.6800925921875 0.8270833328125 0.7004629625 0.8341145828125001 0.6833333328125
1 0.7182291671875001 0.6921296296875 0.7182291671875001 0.6629629625 0.6723958328124999 0.64351851875 0.6638020828125 0.65 0.6596354171875001 0.66851851875 0.66484375 0.6884259265625 0.7138020828125 0.703703703125 0.7182291671875001 0.6921296296875
1 0.78359375 0.7398148140624999 0.7911458328125 0.7333333328125 0.7927083328125 0.7078703703125 0.7859375 0.6976851859375001 0.74296875 0.6800925921875 0.7388020828124999 0.68148148125 0.7341145828125 0.6888888890625 0.7341145828125 0.709722221875 0.73828125 0.7171296296875 0.78359375 0.7398148140624999
1 0.71875 0.7800925921874999 0.72578125 0.7745370375 0.7283854171875 0.7333333328125 0.6638020828125 0.70601851875 0.6611979171875 0.728240740625 0.6619791671875 0.746759259375 0.6729166671875 0.7574074078125 0.71875 0.7800925921874999
1 0.8239583328125001 0.7763888890625 0.8239583328125001 0.752777778125 0.8096354171875 0.7453703703125 0.7669270828125 0.7361111109375 0.7622395828124999 0.7393518515624999 0.7596354171875 0.7569444437499999 0.7622395828124999 0.7773148140624999 0.8192708328125 0.7921296296875 0.8239583328125001 0.7763888890625
1 0.8140625 0.8648148140625 0.8638020828125 0.86944444375 0.8674479171874999 0.8666666671875 0.8700520828125 0.85694444375 0.86796875 0.8398148140625 0.8669270828125001 0.8333333328125001 0.8635416671874999 0.828240740625 0.8151041671874999 0.8273148140625001 0.8104166671874999 0.8370370375 0.8114583328125 0.8550925921875001 0.8140625 0.8648148140625
1 0.96328125 0.833796296875 0.9739583328125001 0.8462962968750001 0.9958333328125001 0.8666666671875 0.9986979171874999 0.8703703703125001 1 0.821296296875 0.971875 0.7976851859375 0.9606770828125001 0.7898148140625 0.95390625 0.8009259265625 0.9518229171874999 0.815740740625 0.9515625 0.8254629625 0.96328125 0.833796296875
3 0.7333333328125 0.8773148140625 0.7231770828124999 0.8226851859375 0.65 0.8518518515625001 0.6505208328125 0.8699074078125 0.6567708328124999 0.9 0.6744791671875 0.9009259265624999 0.7333333328125 0.8773148140625
2 0.94140625 0.9064814812499999 0.9489583328125001 0.8990740734375 0.94765625 0.86944444375 0.9166666671874999 0.8666666671875 0.9057291671875 0.8819444437499999 0.9145833328125 0.89305555625 0.94140625 0.9064814812499999
2 0.78828125 0.847222221875 0.7877604171875 0.81898148125 0.76171875 0.815277778125 0.74921875 0.8296296296874999 0.7533854171875001 0.8416666671874999 0.7846354171875001 0.85601851875 0.78828125 0.847222221875
2 0.7369791671875 0.81805555625 0.7385416671875 0.7861111109375 0.7143229171875001 0.7805555562500001 0.7026041671875001 0.7925925921875 0.7065104171875001 0.80694444375 0.73359375 0.8226851859375 0.7369791671875 0.81805555625
2 0.6885416671875 0.8 0.7002604171875 0.803703703125 0.7028645828125 0.76851851875 0.6791666671875001 0.75648148125 0.6658854171875 0.765740740625 0.66796875 0.7773148140624999 0.6734375 0.7828703703125 0.6885416671875 0.8
2 0.7611979171875001 0.7814814812499999 0.74453125 0.753240740625 0.73515625 0.7541666671875 0.7278645828125 0.753703703125 0.7286458328125 0.7620370375000001 0.734375 0.7800925921874999 0.7473958328125 0.8129629625 0.76171875 0.7949074078125 0.7611979171875001 0.7814814812499999
2 0.8338541671874999 0.7481481484375 0.8372395828125001 0.7388888890625 0.8372395828125001 0.715740740625 0.83515625 0.70648148125 0.8098958328125001 0.709722221875 0.7973958328124999 0.725 0.8041666671875 0.7351851859375 0.8140625 0.74351851875 0.8338541671874999 0.7481481484375
2 0.7708333328125 0.633796296875 0.7442708328125 0.6175925921875 0.7283854171875 0.6347222218749999 0.7385416671875 0.6574074078125001 0.7643229171875 0.6699074078125 0.7708333328125 0.633796296875