0 0.5236875828125 0.30249844375 0.523139703125 0.3413972203125 0.5334370671875 0.34824313125 0.64342694375 0.3434356390625 0.6479797796875 0.34071181875 0.6482737296875001 0.29747996250000003 0.643363846875 0.2872186765625 0.52654343125 0.2903462375 0.5236875828125 0.30249844375
0 0.31683999375 0.667157425 0.3217950203125 0.6529164171875 0.321206615625 0.6233470859375 0.31829536406250003 0.6138762953125 0.20425795156249998 0.6185424453125 0.19394058125 0.6354790046875001 0.194986578125 0.67515414375 0.20336071875 0.6790500859375 0.3042197859375 0.6804100562500001 0.31683999375 0.667157425
0 0.019557425 0.697135403125 0.0230493859375 0.7015815562500001 0.1113610890625 0.7025033640625 0.1281042453125 0.687232603125 0.12665349374999998 0.6475433296875 0.1236165609375 0.641671659375 0.033255953125 0.64139900625 0.01919525 0.6610876515624999 0.019557425 0.697135403125
3 0.03102545 0.5079912359375001 0.078680703125 0.4894757375 0.0798421265625 0.479426465625 0.0768277640625 0.4613036515625 0.07310700625 0.4518045921875 0.0244411515625 0.47605041718749996 0.03102545 0.5079912359375001
3 0.21872597031250002 0.6103992546875 0.2379002109375 0.606744621875 0.24053239375 0.61260215625 0.260061115625 0.61040130625 0.270836078125 0.60357055625 0.271208 0.5697105484375 0.2678642953125 0.5494141265625 0.24355393906249997 0.5492858921875 0.1874214328125 0.5552534234375 0.177986415625 0.5585274546875 0.166985221875 0.5718366234375 0.1686570734375 0.5819848359375001 0.161474621875 0.59038244375 0.16458953125 0.605625959375 0.17250864531250001 0.6109474171875 0.1767095671875 0.6183011375 0.18475180156249998 0.6084921484375 0.20319451093750002 0.6141810953125 0.21872597031250002 0.6103992546875
3 0.8390763359375001 0.3574748859375 0.8392322859375 0.376218584375 0.8603825859375 0.3856055953125 0.8954704687499999 0.3904344015625 0.9005209140625 0.350251453125 0.8477746921874999 0.340481790625 0.8390763359375001 0.3574748859375
3 0.57473204375 0.9692189375 0.594864865625 0.9740652687500001 0.6015253921875 0.93582456875 0.60183505625 0.9269569296875 0.6043435500000001 0.9027767609374999 0.604735790625 0.89154441875 0.6026359718750001 0.8849602265625001 0.592475609375 0.880462140625 0.586306334375 0.8855737765624999 0.5774469796874999 0.939127009375 0.57473204375 0.9692189375
1 0.55563214375 0.7016143046875001 0.56265286875 0.7042691328124999 0.598355096875 0.6519009578125 0.6009103109375 0.6369298171875 0.5891277734375 0.6154338421875 0.5854902734375 0.6128971562500001 0.5473378875 0.6772280671875001 0.55563214375 0.7016143046875001
1 0.5501302296875 0.5875657624999999 0.5558859953125 0.607044034375 0.5659306109375 0.6104068734375 0.5927545578125 0.5697769593750001 0.60027740625 0.5483527265625 0.5920903484375 0.5305967984375 0.586698203125 0.5298060875 0.5520949859375001 0.5798029796875 0.5501302296875 0.5875657624999999
1 0.8157711703125001 0.3817800375 0.8211821859375 0.37233035625 0.822466009375 0.34526651875000003 0.8148736953125001 0.3395796546875 0.7681642015625 0.3385509375 0.7631125203125 0.3474107515625 0.761700484375 0.3684459640625 0.7654241749999999 0.3782146359375 0.8157711703125001 0.3817800375
1 0.9220691406249999 0.296334640625 0.9206360953124999 0.317971534375 0.9283145968750001 0.3308903859375 0.940853534375 0.330725840625 0.992736490625 0.3000072296875 0.99061608125 0.2734269296875 0.9834041109375 0.2665485171875 0.926719465625 0.28926805624999996 0.9220691406249999 0.296334640625
1 1 0.41521314531250003 0.9936909921874999 0.4084752390625 0.9489904203125 0.4081190921875 0.9441488515625001 0.41096209375 0.9376178140625001 0.4233847375 0.9381726796875001 0.4462958796875 0.9481752718750001 0.45086208125000005 0.9960258015625 0.4483161546875 1 0.440077609375 1 0.41521314531250003
1 0.8216750953125 0.6669988765625 0.8199045500000001 0.6950593281249999 0.8297781515624999 0.706653034375 0.869461225 0.7136632546875 0.8763452234375 0.70898225 0.88199064375 0.6831662828125 0.879741684375 0.66832355 0.8277694046875 0.6622902953125 0.8216750953125 0.6669988765625
1 0.4265013125 0.390958840625 0.42541987031249995 0.41060667031250003 0.43215924218749996 0.4213878703125 0.47783603750000003 0.41524931093750006 0.484496840625 0.40563911406250003 0.48424412187500004 0.378914121875 0.478986040625 0.37099687812500004 0.43163178437500005 0.3798890875 0.4265013125 0.390958840625
2 0.250934859375 0.23367066718750001 0.25656326093750004 0.24230389843750003 0.2814139140625 0.2438747609375 0.2863972546875 0.2370182125 0.28668900937499997 0.21734280468749997 0.28375095 0.210912690625 0.255101490625 0.21623974375000002 0.250934859375 0.23367066718750001
1 0.280467584375 0.3162565859375 0.283903578125 0.34238968281250004 0.29165333125 0.34687865 0.333874615625 0.337807196875 0.342436075 0.330372540625 0.3414181890625 0.302917771875 0.333766521875 0.29562 0.2863141796875 0.3073210109375 0.280467584375 0.3162565859375
1 0.19393470156249998 0.145204165625 0.20062502968749998 0.157389765625 0.21094251874999997 0.1675928578125 0.21735810781249998 0.1650046671875 0.2492959359375 0.07683172031249999 0.24855278906249997 0.06415074375 0.233840471875 0.0439513828125 0.22747392500000002 0.045135171875000005 0.1966445625 0.1242070859375 0.19393470156249998 0.145204165625
2 0.19376809687500002 0.70755525 0.193358734375 0.7279081671875 0.216086053125 0.73298965625 0.227765603125 0.717854115625 0.2286480359375 0.709845240625 0.2228895234375 0.7021404390625 0.19974712187500002 0.6916846624999999 0.19376809687500002 0.70755525
2 0.158005721875 0.7132741296875 0.1810714390625 0.7172954796875 0.18900799375 0.705781084375 0.19235650937499998 0.7048260578125001 0.1937848828125 0.6984441875 0.1890621703125 0.6955993687500001 0.1884582390625 0.687002609375 0.16495874375 0.6781423015625 0.157794365625 0.6934355156249999 0.158005721875 0.7132741296875
2 0.5705438453125 0.061478171875 0.575710246875 0.054647507812499996 0.5801101937500001 0.013318940625000001 0.5794744421875 0.0024705359374999998 0.5627490578125001 0.0018864734375 0.5605125531249999 0.04768996875 0.5634677515625001 0.057141273437499994 0.567058821875 0.0671990375 0.5705438453125 0.061478171875