0 0.37334275 0.27471180624999997 0.38690598593750003 0.281398809375 0.41012730937499997 0.2834304109375 0.42489386093750003 0.2825832828125 0.4306921375 0.278506921875 0.4372155015625 0.1666255828125 0.4166224625 0.153212028125 0.40158119687499993 0.150979359375 0.384220615625 0.150377234375 0.3730220296875 0.153981128125 0.3715987390625 0.1764692484375 0.36406382656249997 0.2625936859375 0.37334275 0.27471180624999997
3 0.501078178125 0.23207206875000003 0.5041752828125 0.1580767875 0.49813182187500005 0.14996341562499999 0.4939382171875 0.1464362578125 0.49034826249999997 0.136009328125 0.48422248593750006 0.1288368328125 0.47430669375 0.12638918125 0.4656176578125 0.12278475 0.4538617359375 0.1220722671875 0.44850597968750006 0.1253960171875 0.447481021875 0.130678796875 0.43779446718750004 0.13204351875 0.4439025296875 0.1458510203125 0.4397655359375 0.16097438125000002 0.44263235781250004 0.1732342046875 0.4447955 0.1999696875 0.43859713281249996 0.200059453125 0.437673940625 0.21704412031250003 0.44182239375 0.2275199109375 0.4486713 0.2328595125 0.4772645125 0.2340969859375 0.501078178125 0.23207206875000003
3 0.0902874390625 0.553801671875 0.1062924578125 0.556417415625 0.12551958593749998 0.5593150578125 0.1323331734375 0.555656965625 0.13659358593749998 0.5502561421875 0.134162978125 0.5409273406249999 0.072044178125 0.5272881125 0.048978770312499996 0.5249662796875 0.042888554687500004 0.5450967296875 0.0822321640625 0.5530969265625 0.0902874390625 0.553801671875
2 0.75390625 0.7953125 0.034375 0.040625
2 0.9875 0.57109375 0.0171875 0.0203125
2 0.8328125 0.253125 0.040625 0.040625
2 0.3203125 0.11796875 0.05 0.040625
2 0.3546875 0.12890625 0.040625 0.040625
2 0.33671875 0.1640625 0.04375 0.0390625
2 0.35 0.2640625 0.0375 0.0375
1 0.45390625 0.0703125 0.053125 0.065625
1 0.4015625 0.11796875 0.0484375 0.0625
1 0.3359375 0.2140625 0.0453125 0.0625
1 0.5109375 0.2703125 0.0484375 0.0578125
1 0.728125 0.9703125 0.05 0.059375
1 0.6734375 0.96796875 0.059375 0.0640625
1 0.6265625 0.89609375 0.0453125 0.0671875
1 0.56171875 0.959375 0.0515625 0.0671875
1 0.40390625 0.89453125 0.059375 0.0640625
1 0.2734375 0.94921875 0.0890625 0.0640625
1 0.05390625 0.5046875 0.0953125 0.034375
1 0.05078125 0.56015625 0.0953125 0.034375
1 0.703125 0.76796875 0.0546875 0.0640625
1 0.584375 0.71953125 0.0703125 0.065625
1 0.14609375 0.453125 0.0578125 0.021875
1 0.88203125 0.10703125 0.1140625 0.059375
1 0.94765625 0.21171875 0.1046875 0.0671875