0 0.2660002453125 0.35245439843750004 0.2705393671875 0.35862394218750004 0.2798686359375 0.356581534375 0.2961376875 0.347408609375 0.29880106875 0.3403547078125 0.29787888749999997 0.332844140625 0.2392229359375 0.1507966515625 0.236034115625 0.1453582265625 0.22545452500000002 0.15159028125000001 0.2145951953125 0.15965051875 0.20864034999999997 0.17069623125 0.20889455781250002 0.1809795640625 0.2569560421875 0.32396661718750003 0.2660002453125 0.35245439843750004
0 0.220353834375 0.1512090984375 0.23053351718749998 0.1478660515625 0.23909825156250003 0.1409536421875 0.24599740312499999 0.1300594609375 0.245912015625 0.12169738593749999 0.24339899375 0.11656378125 0.21044350781249999 0.0317981546875 0.16887179375 0.03690251875 0.20075603593750002 0.114264375 0.2089454453125 0.13879515 0.21395014375 0.1469718375 0.220353834375 0.1512090984375
0 0.584600153125 0.8283449812500001 0.5762540828125 0.8344551859375 0.5802979953125 0.858923521875 0.5872613578125 0.8881188328125 0.618314603125 0.98922770625 0.647534003125 0.985640015625 0.644261084375 0.9671102421875 0.6036026296875 0.82647408125 0.5942823171875 0.8225330375000001 0.584600153125 0.8283449812500001
0 0.1977146640625 0.5580702093750001 0.20003757812499998 0.5474688171875 0.20036585625 0.542270421875 0.1824294453125 0.5083661234375 0.0966499171875 0.5949803140625 0.0951232265625 0.604194421875 0.095635009375 0.6122985562500001 0.09947135 0.6238630484375001 0.1043419671875 0.634011028125 0.1107229609375 0.642684034375 0.113891540625 0.644874025 0.12279782187499999 0.6347538171875 0.192483140625 0.5685988937500001 0.1977146640625 0.5580702093750001
3 0.046875 0.7140625 0.05625 0.0671875
3 0.91953125 0.34921875 0.10625 0.121875
3 0.71328125 0.43515625 0.05 0.0640625
3 0.5859375 0.92578125 0.0328125 0.071875
2 0.05390625 0.65859375 0.0421875 0.0578125
2 0.33359375 0.73359375 0.0328125 0.04375
2 0.24375 0.5171875 0.0375 0.05
2 0.2734375 0.47265625 0.0375 0.05
2 0.6296875 0.2296875 0.0390625 0.046875
2 0.8890625 0.11640625 0.0453125 0.0546875
2 0.8453125 0.02578125 0.046875 0.0515625
2 0.5703125 0.8703125 0.025 0.0578125
1 0.08671875 0.7296875 0.0640625 0.06875
1 0.16171875 0.87109375 0.0578125 0.06875
1 0.19765625 0.65078125 0.0640625 0.071875
1 0.28046875 0.540625 0.0609375 0.0640625
1 0.11640625 0.36328125 0.0609375 0.1015625
2 0.29375 0.05234375 0.0359375 0.0640625
1 0.68515625 0.29375 0.0671875 0.078125
1 0.79609375 0.1671875 0.0703125 0.0734375
1 0.915625 0.265625 0.06875 0.08125
1 0.7078125 0.48828125 0.0609375 0.0640625
1 0.5203125 0.603125 0.0609375 0.06875
1 0.128125 0.65625 0.059375 0.059375
1 0.41015625 0.475 0.059375 0.0609375
1 0.56953125 0.29921875 0.0640625 0.06875
1 0.5703125 0.42109375 0.0625 0.065625
1 0.528125 0.87890625 0.040625 0.084375
1 0.353125 0.55546875 0.0625 0.0625