0 0.1904203296875 0.36214305625 0.1910107796875 0.3773635609375 0.2028197921875 0.39363375624999997 0.3070343296875 0.3999318953125 0.311462709375 0.3826120109375 0.311462709375 0.35741944999999997 0.3070343296875 0.34692255 0.29670144375 0.3359008046875 0.206952946875 0.334851115625 0.1945534828125 0.335375959375 0.19219168125 0.343248634375 0.1904203296875 0.36214305625
0 0.024208475 0.332226890625 0.0245037015625 0.34744739375 0.0360174875 0.36476728125 0.12488030937500001 0.366341815625 0.1284230125 0.34849708437500004 0.1287182375 0.32645359375 0.11277607187500001 0.31070824375 0.0422172203125 0.30965855468750003 0.02834163125 0.30808401875 0.025979828125 0.31595669375 0.024208475 0.332226890625
3 0.232932775 0.3983573609375 0.231161421875 0.40465550156249996 0.21521925625 0.4009815859375 0.1960296109375 0.3967828265625 0.1812683453125 0.397832515625 0.172116359375 0.39258406562500003 0.1665070796875 0.400456740625 0.1620786984375 0.40308096562499995 0.15824076874999998 0.4125281765625 0.16030734687499998 0.42354992031250005 0.1644405015625 0.43772073593750005 0.1703450078125 0.4476927921875 0.17772564062500001 0.44611825625 0.1812683453125 0.44874248124999994 0.18717285156250002 0.455040621875 0.2568460265625 0.4597642265625 0.2603887296875 0.44349403125000003 0.26186485625 0.4135778671875 0.259798278125 0.40623003593749996 0.2494653921875 0.3994070515625 0.232932775 0.3983573609375
3 0.571579034375 0.14839325781249998 0.5776737578125 0.151219796875 0.5832385046875 0.149806528125 0.5885382640625 0.14509563125 0.588803253125 0.127194221875 0.5866833484375 0.1088217234375 0.587213325 0.0989288390625 0.582708528125 0.064539290625 0.5638943828125 0.0673658296875 0.5638943828125 0.088564865625 0.571579034375 0.14839325781249998
3 0.75078125 0.6109375 0.05234375 0.0359375
2 0.69140625 0.72109375 0.034375 0.0296875
2 0.5296875 0.96015625 0.01796875 0.065625
2 0.24921875 0.7671875 0.03359375 0.03515625
2 0.17421875 0.31328125 0.03359375 0.03359375
2 0.2078125 0.3015625 0.03359375 0.03671875
2 0.2984375 0.32265625 0.03125 0.03359375
2 0.2140625 0.2703125 0.03203125 0.03046875
2 0.55234375 0.484375 0.028125 0.053125
1 0.33203125 0.6171875 0.05390625 0.04765625
1 0.1375 0.89140625 0.04609375 0.0984375
1 0.19921875 0.88046875 0.0515625 0.1171875
1 0.11640625 0.40390625 0.05625 0.0453125
1 0.159375 0.359375 0.05390625 0.04140625
1 0.25390625 0.30625 0.0546875 0.03984375
1 0.290625 0.471875 0.05 0.04140625
1 0.73828125 0.659375 0.05703125 0.03984375
1 0.65703125 0.578125 0.06171875 0.0734375
1 0.88828125 0.67109375 0.06015625 0.04921875
1 0.95390625 0.7625 0.06015625 0.08125
1 0.946875 0.63359375 0.05859375 0.04140625
1 0.91015625 0.56796875 0.065625 0.0390625
1 0.6125 0.46328125 0.05078125 0.0703125
1 0.534375 0.33984375 0.04296875 0.08515625
1 0.48671875 0.1796875 0.02890625 0.0890625
1 0.5453125 0.071875 0.0234375 0.0875
1 0.596875 0.0734375 0.025 0.08984375
1 0.94296875 0.178125 0.05390625 0.05703125
1 0.05703125 0.3984375 0.0578125 0.05390625