0 0.3174487703125 0.6625169109375 0.3217137421875 0.654597759375 0.3217522640625 0.643876434375 0.3167431671875 0.63039165625 0.3087759171875 0.6244428234375 0.11370585468750001 0.61799048125 0.10833422968749999 0.625425840625 0.1106738953125 0.634641490625 0.114826540625 0.646558728125 0.1262843921875 0.6567379640625 0.1336101171875 0.6584292406250001 0.26613017499999997 0.6613993 0.3174487703125 0.6625169109375
0 0 0.64771663125 0.0647187984375 0.64463733125 0.1049500671875 0.64302988125 0.1068159828125 0.6381156625 0.1077304640625 0.6325706375 0.1062862953125 0.62298626875 0.1046803640625 0.6172705125 0.0971220515625 0.6056578499999999 0.0919142828125 0.6044555421875 0.0829643125 0.603622740625 0 0.6065152765625 0 0.64771663125
0 1 0.51008228125 0.8662293765625 0.502051590625 0.8626956734375 0.503486178125 0.859849334375 0.514081084375 0.86238765 0.523893771875 0.8646591125 0.53139444375 0.8886665046875001 0.534911621875 0.9182413109375 0.5385889328125 1 0.5422130265625 1 0.51008228125
3 0.60625 0.41640625 0.0796875 0.0703125
2 0.25625 0.1421875 0.0546875 0.046875
2 0.3625 0.49921875 0.0515625 0.04375
2 0.0359375 0.53359375 0.071875 0.0421875
2 0.50390625 0.8890625 0.053125 0.04375
2 0.8734375 0.93203125 0.046875 0.0390625
2 0.89609375 0.8625 0.046875 0.0390625
1 0.93046875 0.778125 0.0453125 0.053125
1 0.459375 0.759375 0.0546875 0.04375
2 0.490625 0.93359375 0.0515625 0.04375
1 0.53671875 0.965625 0.0765625 0.06875
2 0.8953125 0.54765625 0.05625 0.028125
1 0.5796875 0.9703125 0.071875 0.059375
1 0.56796875 0.83515625 0.0671875 0.0640625
1 0.51640625 0.81328125 0.065625 0.059375
1 0.625 0.7609375 0.0625 0.0640625
1 0.65390625 0.83828125 0.0671875 0.0640625
1 0.59609375 0.91015625 0.0640625 0.0609375
1 0.53125 0.7375 0.06875 0.065625
1 0.47421875 0.68046875 0.065625 0.0640625
1 0.5109375 0.62890625 0.0671875 0.0671875
1 0.45234375 0.53984375 0.0734375 0.0703125
1 0.49609375 0.509375 0.0734375 0.0703125
1 0.46015625 0.0390625 0.0875 0.0765625
1 0.40546875 0.1796875 0.08125 0.0796875
1 0.44609375 0.3234375 0.08125 0.0765625
1 0.35703125 0.3703125 0.0828125 0.0765625
1 0.375 0.2546875 0.0734375 0.06875
1 0.615625 0.315625 0.0671875 0.06875
1 0.715625 0.64609375 0.06875 0.0625
1 0.6671875 0.6359375 0.0765625 0.06875
1 0.68671875 0.5640625 0.0703125 0.065625
1 0.6375 0.54609375 0.0703125 0.06875
1 0.66171875 0.471875 0.06875 0.0640625
1 0.5890625 0.50703125 0.071875 0.0671875
1 0.421875 0.41328125 0.0734375 0.06875
1 0.52109375 0.25 0.06875 0.0640625
1 0.96796875 0.43671875 0.0640625 0.0484375
1 0.88984375 0.590625 0.0859375 0.0453125
1 0.41640625 0.6484375 0.0703125 0.06875
1 0.4328125 0.78671875 0.053125 0.0453125