1 0.93828125 0.8625 0.1234375 0.06875
1 0.96953125 0.73203125 0.0609375 0.1015625
1 0.7765625 0.4546875 0.15625 0.084375
1 0.71328125 0.38671875 0.1421875 0.0828125
1 0.60546875 0.48203125 0.13125 0.0796875
1 0.88671875 0.3234375 0.1234375 0.0609375
3 0.9140625 0.35234375 0.128125 0.065625
1 0.51796875 0.39140625 0.1046875 0.078125
1 0.54453125 0.5765625 0.1203125 0.075
1 0.55234375 0.7875 0.0671875 0.0734375
3 0.53828125 0.92890625 0.1203125 0.1421875
0 0.446875 0.82890625 0.1109375 0.159375
1 0.30078125 0.9828125 0.0828125 0.034375
2 0.38203125 0.790625 0.0515625 0.05
2 0.52265625 0.73515625 0.05625 0.0515625
2 0.43046875 0.62890625 0.0703125 0.04375
2 0.4640625 0.55859375 0.0671875 0.040625
2 0.21015625 0.7109375 0.0703125 0.0421875
2 0.30546875 0.63671875 0.0703125 0.04375
1 0.28828125 0.6125 0.1125 0.0578125
1 0.17421875 0.65234375 0.103125 0.053125
1 0.04921875 0.68046875 0.040625 0.0390625
1 0.98125 0.7953125 0.0375 0.075
1 0.40546875 0.3 0.0953125 0.0859375
1 0.34296875 0.17109375 0.0765625 0.0828125
1 0.49453125 0.10546875 0.071875 0.08125
1 0.4609375 0.0453125 0.06875 0.0796875
1 0.521875 0.03671875 0.071875 0.0734375
1 0.57265625 0.08515625 0.071875 0.0828125
1 0.56796875 0.0234375 0.0859375 0.046875
1 0.4328125 0.0125 0.0625 0.025
1 0.62421875 0.06640625 0.06875 0.0765625
1 0.62578125 0.01640625 0.0609375 0.0328125
2 0.671875 0.06953125 0.0484375 0.0546875
3 0.48828125 0.00390625 0.0609375 0.0078125
3 0.06953125 0.55859375 0.1015625 0.0578125
1 0.05078125 0.6015625 0.0859375 0.0546875
1 0.0390625 0.546875 0.078125 0.053125
1 0.01796875 0.5875 0.03125 0.0359375
1 0.00859375 0.53359375 0.0171875 0.0390625
1 0.0125 0.503125 0.025 0.040625
1 0.02578125 0.2140625 0.0515625 0.08125
1 0.028125 0.15 0.05625 0.08125