0 0.632158115625 0.70786079375 0.6180260703125 0.7023413765625001 0.5933489953125 0.7015220281250001 0.5781983859375 0.702879240625 0.5763276875 0.81421621875 0.5911935734375 0.8246202437499999 0.6066690625 0.8263065578125 0.62710748125 0.826225346875 0.6338017984375 0.8227664109375 0.6346005875 0.8113431984374999 0.6415470046875 0.7196943171875 0.632158115625 0.70786079375
0 0.6397365078125 0.8923708609375 0.619074978125 0.890926065625 0.5976347625 0.8928033453124999 0.5923569093750001 0.9839074171875 0.6005438609375 0.9918468671875 0.6104901453125 0.9980676015625001 0.6383055343749999 0.9987848156249999 0.6504597109375 0.9968721078125 0.6500344265625 0.9873267078125 0.6538714296875 0.9090140671875 0.6397365078125 0.8923708609375
3 0.373741353125 0.2364445953125 0.3733181296875 0.278129821875 0.372374134375 0.2845030125 0.3730347703125 0.2893086171875 0.383390503125 0.29087265625000003 0.3983068625 0.29135577968750004 0.4059598609375 0.2888113125 0.40788681406249994 0.2755077265625 0.41039996875 0.2395679453125 0.373741353125 0.2364445953125
3 0.8936662484375001 0.43852590312500006 0.875140209375 0.43466186406249996 0.8624819859375 0.4340621109375 0.8552257640625 0.4361232796875 0.8512699671874999 0.44183999687500003 0.853261425 0.4496849703125 0.9133297765625 0.462447265625 0.934116271875 0.4630446078125 0.9409481796874999 0.44525694062500004 0.90132870625 0.43792012500000005 0.8936662484375001 0.43852590312500006
2 0.19609375 0.73828125 0.0375 0.0375
2 0.6546875 0.84609375 0.0390625 0.0390625
2 0.6703125 0.8125 0.0390625 0.0375
2 0.65546875 0.71953125 0.034375 0.0328125
2 0.703125 0.809375 0.03125 0.034375
2 0.628125 0.5046875 0.05625 0.0265625
2 0.2703125 0.3796875 0.0328125 0.0359375
1 0.375 0.78046875 0.053125 0.059375
2 0.0265625 0.43828125 0.0484375 0.021875
3 0.510389140625 0.7514745015625001 0.5109124953124999 0.7725421406249999 0.5123282015624999 0.8236764687499999 0.5181219625 0.8336156812500001 0.51643670625 0.8363019749999999 0.5245880484375001 0.84107818125 0.5262236453125 0.846240003125 0.5389624359375 0.8496545125000001 0.5451464546875 0.8540127343749999 0.5565317140625 0.8553696984375 0.56431405625 0.85114685625 0.5665935828124999 0.8471000468750001 0.574736040625 0.8448652843750001 0.5681049671875 0.8326242109375 0.5718373421875 0.8149387140625001 0.5690043171875 0.80548695 0.5677021890625 0.7812802999999999 0.572270128125 0.7801976515625 0.5719312734375 0.7636295359374999 0.567091903125 0.7543178890625 0.560411171875 0.74992493125 0.5365301625 0.7488158375 0.510389140625 0.7514745015625001
1 0.5578125 0.96015625 0.0625 0.0625
1 0.56015625 0.9 0.0484375 0.059375
1 0.60703125 0.85859375 0.0484375 0.0578125
1 0.50234375 0.71640625 0.046875 0.0546875
1 0.0765625 0.78046875 0.1234375 0.0609375
1 0.06015625 0.8421875 0.103125 0.053125
1 0.1359375 0.87890625 0.1 0.059375
1 0.66875 0.765625 0.04375 0.059375
1 0.340625 0.2984375 0.0453125 0.0609375
1 0.34375 0.12421875 0.053125 0.0625
1 0.38203125 0.06328125 0.0484375 0.0625
1 0.26171875 0.03125 0.0828125 0.0625
1 0.446875 0.096875 0.0484375 0.06875
1 0.4234375 0.1625 0.0515625 0.065625
1 0.75859375 0.51640625 0.0890625 0.040625
1 0.93046875 0.48359375 0.090625 0.03125
1 0.93203125 0.43046875 0.0921875 0.03125
1 0.453125 0.37265625 0.0859375 0.0671875
1 0.0328125 0.9046875 0.065625 0.075
1 0.934375 0.55546875 0.0859375 0.03125