0 0.3083841421875 0.667650090625 0.3112846265625 0.66157399375 0.3112971390625 0.6523173671875 0.30609052812500004 0.6362432484375 0.2989484890625 0.6323889406250001 0.2888961109375 0.6316137359375 0.0946191296875 0.63760540625 0.09270606875000001 0.6435655828125 0.09480447812500001 0.6547904203125 0.099738934375 0.6664644421875 0.11037769687500001 0.6757741921875 0.126270459375 0.676385175 0.26634571875 0.6699781546875 0.3083841421875 0.667650090625
0 0 0.6707382328125 0.049058595312499995 0.665241371875 0.0819824984375 0.663512859375 0.08872736718749999 0.6571420578125 0.0919432734375 0.6479805984375 0.0901270171875 0.64273354375 0.0875648609375 0.6366244390625 0.08186584375 0.6280347500000001 0.0755155 0.6235573828125001 0.0668304609375 0.622677746875 0 0.6290912671875 0 0.6707382328125
0 1 0.468464028125 0.872983815625 0.4688273578125 0.8692497546875 0.48084228281249997 0.8718775937500001 0.490263021875 0.8751905046875 0.4982486328125 0.90457520625 0.5005872609375001 0.930794175 0.5026817593749999 1 0.5012093484375 1 0.468464028125
0 0.5942844171874999 1 0.5731073609374999 0.9580065203125001 0.5631684140625 0.9456816140625 0.5509083265625 0.9382191625 0.5116216765625 0.947977584375 0.5387227984375 1 0.5942844171874999 1
3 0.96484375 0.515625 0.0703125 0.0375
2 0.53359375 0.89765625 0.0515625 0.0390625
2 0.49765625 0.86953125 0.053125 0.0421875
1 0.45859375 0.95625 0.096875 0.0640625
1 0.6640625 0.9890625 0.071875 0.021875
1 0.55859375 0.87578125 0.0703125 0.0625
1 0.56015625 0.76953125 0.0609375 0.0640625
1 0.53515625 0.68359375 0.0609375 0.0609375
1 0.43671875 0.4140625 0.0765625 0.06875
1 0.56015625 0.27421875 0.0703125 0.065625
1 0.43359375 0.32421875 0.0625 0.06875
1 0.52265625 0.1171875 0.078125 0.06875
2 0.90625 0.5140625 0.0578125 0.0265625
2 0.79609375 0.23828125 0.0609375 0.0375
1 0.76953125 0.18046875 0.0953125 0.065625
1 0.45 0.61328125 0.0609375 0.0640625
1 0.4375 0.51796875 0.065625 0.065625
1 0.63359375 0.5125 0.0640625 0.0609375
1 0.36484375 0.384375 0.0671875 0.0671875
1 0.90390625 0.559375 0.0890625 0.04375
2 0.0234375 0.5546875 0.046875 0.0375
2 0.090625 0.61171875 0.0765625 0.0375
2 0.36328125 0.31328125 0.0484375 0.0421875
2 0.3546875 0.4703125 0.0484375 0.040625