0 0.29112275468750004 0.8365136671875 0.299122203125 0.8421005828125001 0.3039790109375 0.8390531734375 0.34054791406249996 0.6597639671875 0.338833746875 0.6511296421874999 0.33369124375000003 0.6445269234375 0.321406378125 0.6394479093750001 0.31740665468749996 0.6394479093750001 0.31140706875 0.6404637125 0.3085501234375 0.64249531875 0.3054074828125 0.65570075625 0.2734096921875 0.8055316796875 0.27255260937500003 0.8167055109374999 0.27855219375 0.8299109484375 0.29112275468750004 0.8365136671875
0 0.312762025 0.85980789375 0.3083605734375 0.8529036546875 0.2982631234375 0.8441582859375 0.2928260359375 0.84093630625 0.28764785625 0.8413965890625 0.2811751328125 0.8450788499999999 0.2749613171875 0.865331284375 0.2369017 1 0.2783271328125 0.999733803125 0.312762025 0.8694738281250001 0.312762025 0.85980789375
0 0.6554845765625 0.4127125109375 0.658162209375 0.4093803453125 0.66110760625 0.397479753125 0.6640530015625 0.379866878125 0.663517475 0.3670142390625 0.662446421875 0.355589671875 0.660036553125 0.346545221875 0.6552168125 0.3427370328125 0.5716746609375 0.301322975 0.5673904484375 0.297990809375 0.5652483421875 0.3075112828125 0.5628384718749999 0.32036392187499996 0.5614996546875 0.3279803 0.5590897859374999 0.3574937671875 0.5631062359375 0.364634121875 0.6514681265625 0.4103323921875 0.6554845765625 0.4127125109375
0 0.5677884796875 0.16203420156249998 0.5769602265625 0.1650914515625 0.5798263984375 0.155919703125 0.6024691484375 0.024967534375 0.60218253125 0 0.5763869921875 0.0005095421875 0.557183646875 0.10700371875 0.5523111562499999 0.153371996875 0.5589033484375 0.1584674109375 0.5677884796875 0.16203420156249998
3 0.06875 0.35703125 0.046875 0.05859375
3 0.24921875 0.23671875 0.05390625 0.06171875
2 0.096875 0.29140625 0.03125 0.04765625
2 0.1203125 0.40625 0.03125 0.04453125
2 0.1640625 0.41484375 0.034375 0.04140625
2 0.165625 0.45 0.03125 0.04609375
2 0.1375 0.6125 0.03203125 0.05703125
2 0.25625 0.53046875 0.03046875 0.0421875
2 0.32265625 0.54453125 0.03125 0.0421875
2 0.3703125 0.55859375 0.03046875 0.0453125
2 0.45390625 0.62265625 0.03203125 0.04296875
2 0.5078125 0.64140625 0.0328125 0.046875
2 0.5390625 0.68671875 0.0328125 0.040625
2 0.69140625 0.715625 0.0328125 0.0453125
2 0.85546875 0.8375 0.03671875 0.04609375
2 0.54296875 0.1234375 0.015625 0.05234375
2 0.6828125 0.103125 0.0234375 0.05
2 0.28984375 0.31640625 0.03125 0.040625
1 0.0734375 0.07265625 0.04375 0.0625
1 0.0703125 0.1125 0.053125 0.06875
1 0.12890625 0.1140625 0.046875 0.0625
1 0.153125 0.1828125 0.0515625 0.0578125
1 0.2078125 0.1703125 0.0484375 0.0546875
1 0.2671875 0.06171875 0.0453125 0.04140625
1 0.46953125 0.39453125 0.05234375 0.05859375
1 0.3921875 0.51640625 0.0484375 0.05234375
1 0.38359375 0.46328125 0.053125 0.05390625
1 0.50703125 0.58125 0.053125 0.05859375
1 0.58515625 0.6640625 0.05625 0.06171875
1 0.63671875 0.63671875 0.05703125 0.06171875
1 0.69296875 0.61875 0.05859375 0.059375
1 0.79375 0.671875 0.0625 0.06953125
1 0.86875 0.6046875 0.0609375 0.07421875
1 0.85625 0.53125 0.0515625 0.06484375
1 0.7421875 0.50859375 0.05390625 0.06171875
1 0.828125 0.30546875 0.05 0.0828125
1 0.6328125 0.459375 0.0546875 0.065625
1 0.62109375 0.58203125 0.05546875 0.05703125
1 0.4515625 0.4953125 0.053125 0.05625
1 0.43125 0.28828125 0.05078125 0.05390625
1 0.23359375 0.471875 0.05546875 0.065625
1 0.21875 0.41640625 0.05390625 0.05703125
1 0.153125 0.32734375 0.0515625 0.0578125
1 0.146875 0.3734375 0.0484375 0.05390625
1 0.0328125 0.25 0.05078125 0.06015625
1 0.06796875 0.31171875 0.0484375 0.0578125
1 0.07109375 0.1984375 0.04765625 0.05859375
1 0.1234375 0.24296875 0.05 0.05859375
1 0.346875 0.3484375 0.0484375 0.05625
1 0.5015625 0.1203125 0.028125 0.07890625
1 0.32265625 0.24765625 0.0515625 0.053125
1 0.21015625 0.2828125 0.05078125 0.05703125
1 0.31484375 0.42890625 0.04921875 0.04921875
1 0.78046875 0.72265625 0.06015625 0.06953125
2 0.37109375 0.83515625 0.025 0.0625
1 0.34296875 0.7578125 0.03515625 0.09765625