0 0.7313897921875 0.6404661140625 0.72506379375 0.626706075 0.71945559375 0.6249582593749999 0.7099574984375 0.6285714640625 0.7033856921874999 0.63383004375 0.696769325 0.6406773218749999 0.6943241234374999 0.645809525 0.6957534890625 0.6529641234375 0.7672561625000001 0.8351265625 0.772782903125 0.836360065625 0.780510465625 0.83091843125 0.7913871296874999 0.8191786828125001 0.7963666515625001 0.8057368796875 0.793952115625 0.79610225 0.741856296875 0.667277909375 0.7313897921875 0.6404661140625
0 0.7863412140625 0.833990375 0.7797919015625 0.8350276843750001 0.7762472671875 0.8368694796874999 0.7730323484375 0.8407930234375 0.767610275 0.8459197312500001 0.7644613 0.850259621875 0.7607002171875 0.859817984375 0.7619593453125 0.8647400812500001 0.764687840625 0.869856246875 0.8056835421875 0.9578170453125001 0.8482462312499999 0.951075778125 0.805693196875 0.860800875 0.794413428125 0.839540559375 0.7910790343749999 0.836654328125 0.7863412140625 0.833990375
0 0.4924178828125 0.0178562203125 0.48913093124999996 0.01873556875 0.48587430156250005 0.018533875 0.4803639875 0.021917846875 0.47515592812499996 0.028482659375000004 0.4741373359375 0.03223145 0.472856271875 0.0406855109375 0.4735716359375 0.0477471296875 0.474085175 0.057351937500000005 0.5266666640625 0.1831948859375 0.5306794140625 0.18435306093749998 0.5378180421875001 0.1810699375 0.5436410421875 0.17584271093749998 0.5489348546875 0.1685468234375 0.5447828718750001 0.139787253125 0.5045451515625 0.046070121874999995 0.4924178828125 0.0178562203125
0 0.37832473125 0.1589767125 0.37554805 0.1439904109375 0.36470184687499996 0.10732245 0.3319699375 0.020380784375 0.301921678125 0.0251399609375 0.35285534375 0.17377304843750002 0.3628270546875 0.1718349390625 0.37072702031250004 0.16699624531249999 0.37832473125 0.1589767125
3 0.80859375 0.021875 0.0640625 0.04375
3 0.17734375 0.9421875 0.0734375 0.08125
2 0.09375 0.91015625 0.0515625 0.059375
2 0.16484375 0.9890625 0.0515625 0.021875
2 0.18515625 0.55234375 0.040625 0.0484375
2 0.3421875 0.90390625 0.04375 0.0453125
2 0.4328125 0.96875 0.04375 0.0515625
2 0.8265625 0.046875 0.0375 0.05
2 0.86796875 0.359375 0.0421875 0.05625
2 0.77265625 0.384375 0.0390625 0.05
2 0.77578125 0.44140625 0.0421875 0.0546875
2 0.696875 0.49921875 0.0375 0.0515625
2 0.4625 0.29921875 0.0375 0.0484375
2 0.4671875 0.43828125 0.0375 0.0484375
2 0.3828125 0.12421875 0.0265625 0.0578125
2 0.578125 0.53125 0.0375 0.0484375
2 0.55859375 0.6171875 0.0390625 0.0515625
2 0.51640625 0.6734375 0.0390625 0.0515625
2 0.46171875 0.69921875 0.0421875 0.0546875
1 0.88125 0.03359375 0.05625 0.0671875
1 0.80703125 0.109375 0.059375 0.071875
1 0.70625 0.15234375 0.059375 0.0640625
1 0.653125 0.19296875 0.0625 0.0703125
1 0.9171875 0.1875 0.059375 0.0671875
1 0.94296875 0.21171875 0.04375 0.071875
1 0.84765625 0.25859375 0.0640625 0.0734375
1 0.7859375 0.3234375 0.0671875 0.0796875
1 0.6515625 0.32734375 0.0671875 0.0671875
1 0.646875 0.4890625 0.065625 0.0703125
1 0.64453125 0.421875 0.065625 0.0671875
1 0.4640625 0.38984375 0.059375 0.0640625
1 0.37578125 0.415625 0.0625 0.0703125
1 0.28984375 0.5140625 0.0640625 0.0765625
1 0.4 0.6609375 0.0703125 0.071875
1 0.3921875 0.6046875 0.0671875 0.06875
1 0.37890625 0.7515625 0.06875 0.0765625
1 0.3140625 0.74453125 0.071875 0.078125
1 0.2046875 0.76640625 0.0796875 0.08125
1 0.2296875 0.81484375 0.0703125 0.078125
1 0.26171875 0.8546875 0.075 0.08125
1 0.15625 0.8921875 0.0765625 0.084375
1 0.053125 0.7890625 0.0390625 0.0875
1 0.196875 0.6265625 0.0703125 0.078125
1 0.496875 0.53515625 0.065625 0.0671875
1 0.48359375 0.63359375 0.06875 0.0765625
1 0.4828125 0.33046875 0.0625 0.06875
1 0.2453125 0.07734375 0.04375 0.0828125
1 0.4265625 0.11171875 0.04375 0.0875
1 0.903125 0.28046875 0.065625 0.0765625
1 0.7125 0.37265625 0.0640625 0.0671875