0 0.188761946875 0.3654701296875 0.18794831875 0.38041679687499996 0.18794831875 0.3924705609375 0.1977118671875 0.41223873437499997 0.303483646875 0.41513163750000004 0.30673816249999997 0.41079228125 0.30863663125 0.4011492703125 0.3094502609375 0.37414883906249996 0.30511090625000004 0.362095075 0.2942625171875 0.3514877625 0.2134420296875 0.3524520640625 0.1933725125 0.3514877625 0.189846784375 0.35630926875 0.188761946875 0.3654701296875
3 0.1952709796875 0.41320303437500006 0.194186140625 0.41850669218750003 0.17086210625 0.4141673359375 0.160284928125 0.41175658281249994 0.14672444375 0.4136851859375 0.132621540625 0.4078993796875 0.1293670234375 0.4146494875 0.12394282968749999 0.417542390625 0.12177315156249999 0.42429249843749994 0.1206883140625 0.4329712078125 0.1244852484375 0.43875701562499997 0.12475645937499999 0.444060671875 0.12746855625 0.4537036828125 0.140486621875 0.4575608875 0.1450971859375 0.46431099531250003 0.15052137968749998 0.46816820000000003 0.2199510609375 0.4720254046875 0.22374799687500002 0.45032862968750004 0.22456162656249998 0.42622109999999996 0.2188662234375 0.4189888421875 0.21045872187499998 0.4156137875 0.1952709796875 0.41320303437500006
3 0.5683615640624999 0.15454046875 0.5712857828125 0.15737607343749999 0.57740005625 0.159739078125 0.5819193015625 0.156430871875 0.5856410328125 0.1512322640625 0.58484351875 0.13232823124999998 0.582982653125 0.11767760625000001 0.5835143281249999 0.10917079062499999 0.5781975703125 0.0727805265625 0.560918103125 0.0779791359375 0.5601205874999999 0.100191375 0.5683615640624999 0.15454046875
3 0.7366369953125 0.39556688906250004 0.7313202375000001 0.3880052765625 0.6911787046875 0.4239229390625 0.7020780609374999 0.45653239531249995 0.740890403125 0.41966953125 0.7422195921875 0.41399832031250006 0.7400928890625 0.40549150625 0.7366369953125 0.39556688906250004
2 0.5859375 0.9609375 0.015625 0.06171875
2 0.56796875 0.92265625 0.01796875 0.0625
2 0.53046875 0.828125 0.0171875 0.059375
2 0.85703125 0.759375 0.0375 0.0328125
2 0.48046875 0.5375 0.01875 0.05546875
2 0.33203125 0.471875 0.03203125 0.0328125
2 0.2953125 0.3359375 0.03125 0.0296875
2 0.0453125 0.3578125 0.0359375 0.03515625
1 0.471875 0.646875 0.02578125 0.096875
1 0.503125 0.496875 0.02890625 0.09609375
1 0.4609375 0.40703125 0.025 0.0890625
1 0.4828125 0.2703125 0.0265625 0.08671875
1 0.5203125 0.41640625 0.03203125 0.09765625
1 0.08671875 0.41875 0.05703125 0.04609375
1 0.23984375 0.31953125 0.0546875 0.05078125
1 0.446875 0.153125 0.025 0.09140625
1 0.48125 0.11875 0.02578125 0.08203125
1 0.40625 0.11484375 0.02265625 0.08046875
1 0.5921875 0.08125 0.025 0.08984375
1 0.54140625 0.08046875 0.02578125 0.08828125
1 0.559375 0.79765625 0.0328125 0.1046875
1 0.503125 0.83359375 0.028125 0.10625
1 0.93515625 0.73515625 0.059375 0.04296875
1 0.94296875 0.6875 0.06953125 0.05
1 0.8734375 0.71875 0.0578125 0.04453125
1 0.9296875 0.58046875 0.06015625 0.04453125
1 0.86796875 0.66875 0.059375 0.04296875
1 0.8421875 0.44296875 0.05078125 0.03828125
1 0.95 0.31328125 0.0546875 0.0953125
1 0.940625 0.1765625 0.0546875 0.06171875
1 0.64765625 0.57734375 0.04375 0.08984375