0 0.278826165625 0.987203284375 0.28940334375 0.991904253125 0.3402325609375 0.798119903125 0.3405263703125 0.7913296171875001 0.338469696875 0.7834946703125001 0.32642346718750004 0.773048075 0.3184905828125 0.769914096875 0.3134958046875 0.7693917671875 0.3085010265625 0.7767043828125 0.3052691109375 0.7881956375 0.30086195312499997 0.802820871875 0.25561513593749996 0.96631009375 0.2620789671875 0.9757120296874999 0.2717747140625 0.9830246468749999 0.278826165625 0.987203284375
3 0.42890625 0.92421875 0.046875 0.15078125
3 0.8609375 0.73125 0.0703125 0.06953125
2 0.06796875 0.2078125 0.03125 0.04296875
2 0.1765625 0.46640625 0.03359375 0.04375
2 0.2890625 0.51875 0.03203125 0.03984375
2 0.33125 0.5671875 0.03046875 0.03984375
2 0.40625 0.4734375 0.02890625 0.04296875
2 0.45234375 0.61328125 0.03046875 0.04453125
2 0.57578125 0.6515625 0.03359375 0.04453125
2 0.58515625 0.696875 0.03203125 0.0421875
2 0.69140625 0.73828125 0.034375 0.0421875
2 0.9078125 0.87578125 0.03828125 0.04140625
2 0.76875 0.42734375 0.02890625 0.0375
2 0.665625 0.38203125 0.0296875 0.0375
2 0.559375 0.0359375 0.01953125 0.05390625
2 0.48046875 0.3234375 0.02890625 0.0375
2 0.30234375 0.0484375 0.02890625 0.040625
1 0.2453125 0.07578125 0.04609375 0.046875
1 0.1953125 0.18671875 0.046875 0.05703125
1 0.1578125 0.37109375 0.0484375 0.05390625
1 0.3390625 0.4734375 0.05 0.05234375
1 0.38046875 0.3859375 0.053125 0.05546875
1 0.340625 0.8625 0.0359375 0.09140625
1 0.37890625 0.90859375 0.0359375 0.10703125
1 0.67109375 0.85625 0.0609375 0.075
1 0.96328125 0.6796875 0.06328125 0.0796875
1 0.83125 0.31015625 0.05 0.07890625
1 0.80859375 0.58125 0.05390625 0.0640625
1 0.79921875 0.52578125 0.0546875 0.05625
1 0.74921875 0.46484375 0.05546875 0.06484375
1 0.62109375 0.4015625 0.0515625 0.05703125
1 0.6546875 0.49765625 0.0546875 0.05625
1 0.64296875 0.596875 0.05546875 0.0640625
1 0.7171875 0.63515625 0.0546875 0.05234375
1 0.59609375 0.61484375 0.05234375 0.0578125
1 0.5203125 0.61875 0.05703125 0.0671875
1 0.6015625 0.43515625 0.0515625 0.05703125
1 0.4671875 0.5390625 0.053125 0.0546875
1 0.496875 0.13515625 0.02890625 0.07421875
1 0.540625 0.40625 0.0515625 0.0578125
1 0.4765625 0.8671875 0.03046875 0.10390625