1 0.1090494796875 0.7447916671875 0.088216146875 0.8385416671874999 0.1110026046875 0.8495370375 0.1357421875 0.7517361109375 0.1090494796875 0.7447916671875
1 0.1936848953125 0.8321759265625 0.1689453125 0.8645833328125001 0.201497396875 0.959490740625 0.2099609375 0.9577546296874999 0.2265625 0.9299768515625001 0.1936848953125 0.8321759265625
2 0.29296875 0.77109375 0.0328125 0.03515625
1 0.2890625 0.48359375 0.05234375 0.04375
1 0.08671875 0.4140625 0.05859375 0.053125
1 0.11328125 0.36875 0.05625 0.05078125
1 0.25078125 0.31796875 0.05703125 0.04375
1 0.12890625 0.21015625 0.05703125 0.06328125
1 0.0265625 0.40703125 0.05078125 0.0625
1 0.05 0.34375 0.0375 0.03984375
1 0.171875 0.32890625 0.03515625 0.03828125
1 0.2046875 0.31328125 0.0328125 0.0375
1 0.29609375 0.33515625 0.034375 0.0375
0 0.24921875 0.37734375 0.12109375 0.06796875
3 0.18125 0.43828125 0.103125 0.0671875
1 0.4796875 0.1453125 0.0265625 0.090625
1 0.4859375 0.3 0.028125 0.090625
2 0.52890625 0.96875 0.01796875 0.059375
2 0.51484375 0.5515625 0.021875 0.053125
1 0.65859375 0.48125 0.046875 0.09296875
1 0.74296875 0.43984375 0.053125 0.07578125
1 0.54296875 0.0796875 0.02421875 0.084375
1 0.56171875 0.03671875 0.0234375 0.0734375
1 0.59296875 0.08046875 0.0265625 0.08515625
1 0.6140625 0.03828125 0.0234375 0.07265625
3 0.5734375 0.11953125 0.0265625 0.0859375
1 0.89921875 0.04140625 0.04921875 0.04453125
1 0.9390625 0.17890625 0.053125 0.0625
1 0.8453776046874999 0.1603009265625 0.8157552078125001 0.10300925937500001 0.7972005203125 0.13715277812499999 0.8271484375 0.1984953703125 0.8359375 0.1950231484375 0.8466796875 0.1776620375 0.8453776046874999 0.1603009265625
2 0.92734375 0.4109375 0.034375 0.0453125
2 0.8421875 0.7578125 0.040625 0.03125
2 0.98203125 0.74296875 0.0359375 0.0390625
1 0.9328125 0.7359375 0.06171875 0.0453125
1 0.86875 0.72109375 0.05859375 0.04609375
1 0.85859375 0.6671875 0.0578125 0.04453125
1 0.9421875 0.68671875 0.0671875 0.05078125
1 0.921875 0.6375 0.059375 0.040625
1 0.8671875 0.59453125 0.05859375 0.04609375
1 0.928125 0.58359375 0.0578125 0.04375
1 0.9796875 0.56796875 0.040625 0.0359375
3 0.98125 0.61640625 0.03515625 0.04375