0 0.5941132625 0.1449843296875 0.575634478125 0.14767118125 0.5567121625 0.153303190625 0.541605225 0.16816195312499999 0.558993321875 0.27754223906250003 0.5761004125 0.27864655625 0.6032993453125 0.2723671875 0.6133425 0.2672057796875 0.6219112250000001 0.253224759375 0.60279009375 0.1606694265625 0.600346409375 0.14765150625 0.5941132625 0.1449843296875
0 0.5356725984375 0 0.551801096875 0.083367934375 0.5739643828125 0.0820414859375 0.5962250390625 0.076270484375 0.606816684375 0.056452771874999995 0.5958980515625 0 0.5356725984375 0
0 0.2588224453125 0.33273034687499997 0.269625559375 0.4439099671875 0.285276990625 0.4473175734375 0.3151955453125 0.44041033125 0.3240592484375 0.4350206390625 0.3138561015625 0.33674155 0.30970081718750003 0.321318484375 0.2919596921875 0.3217366671875 0.26682852343749996 0.326201315625 0.2588224453125 0.33273034687499997
3 0.4872555015625 0.14370422031250002 0.48624524999999996 0.14687743749999999 0.4792898890625 0.149463203125 0.47904598906249996 0.1534394875 0.4827557953125 0.1594429671875 0.47536298437499996 0.1676830234375 0.48741861406250003 0.2400326203125 0.5041295953125 0.23944123281250002 0.5379174046874999 0.23229403125 0.5460340671874999 0.2196402203125 0.5447106125000001 0.20132588125 0.5378056015625 0.201613371875 0.5376568484375001 0.1833544953125 0.538611196875 0.16484095 0.5318438328124999 0.14811010156249999 0.5365079890625 0.13560003437499998 0.5292449765625 0.1343368515625 0.5209079609375 0.12842165156250002 0.505658084375 0.1303090421875 0.5007366265625001 0.1366718828125 0.4907371078125 0.1386537890625 0.4872555015625 0.14370422031250002
3 0.8756446656250001 0.49636690625 0.8809524765625 0.5036104484374999 0.8913450953125001 0.505883646875 0.9226270078125 0.4951572546875 0.9292930484375 0.49478640937499996 0.9656787640625 0.48142155000000003 0.95639535625 0.4637065734375 0.935558090625 0.46793317031250004 0.8763367890625 0.4903664640625 0.8756446656250001 0.49636690625
2 0.61640625 0.1203125 0.0453125 0.04375
3 0.39296875 0.7609375 0.0546875 0.0640625
2 0.17109375 0.30234375 0.0421875 0.0421875
2 0.63828125 0.15234375 0.04375 0.0421875
2 0.67109375 0.15078125 0.0375 0.040625
2 0.6390625 0.24765625 0.0375 0.0390625
2 0.04453125 0.6328125 0.05625 0.0296875
1 0.3765625 0.64453125 0.059375 0.06875
1 0.47890625 0.7015625 0.0734375 0.0703125
1 0.478125 0.80234375 0.05625 0.0703125
1 0.4953125 0.89296875 0.0578125 0.0734375
1 0.46640625 0.96953125 0.0578125 0.0609375
1 0.52265625 0.96796875 0.0546875 0.0640625
1 0.36953125 0.85390625 0.0609375 0.0734375
1 0.8296875 0.38046875 0.0890625 0.046875
1 0.91328125 0.38671875 0.0953125 0.0484375
1 0.95 0.44453125 0.0921875 0.04375
1 0.95546875 0.49765625 0.0890625 0.0453125
1 0.3640625 0.21015625 0.065625 0.0703125
1 0.315625 0.0953125 0.071875 0.071875
1 0.5125 0.0828125 0.0625 0.0671875
1 0.56875 0.1171875 0.05625 0.065625
1 0.64609375 0.2015625 0.053125 0.065625
1 0.703125 0.946875 0.0734375 0.0515625