1 0.06953125 0.7984375 0.0625 0.0984375
1 0.09609375 0.87265625 0.0578125 0.10625
1 0.1609375 0.865625 0.0703125 0.1265625
2 0.22109375 0.753125 0.0484375 0.053125
1 0.4140625 0.6234375 0.0671875 0.0546875
2 0.228125 0.63046875 0.0453125 0.05
1 0.28984375 0.45625 0.0609375 0.0625
1 0.0609375 0.36171875 0.065625 0.0671875
1 0.11875 0.37265625 0.0640625 0.05
1 0.16640625 0.32890625 0.0609375 0.0515625
1 0.2671875 0.2828125 0.0609375 0.0484375
1 0.153125 0.1609375 0.0609375 0.0671875
0 0.08359375 0.30078125 0.1125 0.0765625
0 0.25859375 0.34609375 0.13125 0.0828125
3 0.21171875 0.40390625 0.1125 0.0828125
2 0.18515625 0.284375 0.0375 0.0375
2 0.2203125 0.275 0.040625 0.04375
2 0.228125 0.24296875 0.0375 0.040625
2 0.31015625 0.30078125 0.0359375 0.04375
1 0.5125 0.1234375 0.04375 0.090625
2 0.48828125 0.96875 0.0296875 0.0625
3 0.60859375 0.6171875 0.0578125 0.0515625
1 0.734375 0.68359375 0.0671875 0.05625
1 0.7765625 0.765625 0.0734375 0.05625
1 0.85625 0.6671875 0.0640625 0.05
1 0.93046875 0.6328125 0.06875 0.053125
1 0.94140625 0.69296875 0.065625 0.0515625
1 0.92265625 0.74453125 0.1203125 0.0765625
1 0.8171875 0.6015625 0.0734375 0.05625
1 0.74296875 0.590625 0.0703125 0.065625
1 0.97421875 0.21484375 0.0515625 0.0703125
1 0.95 0.0671875 0.053125 0.046875
1 0.58359375 0.0734375 0.0390625 0.1
1 0.6078125 0.034375 0.0328125 0.0546875
1 0.634375 0.075 0.0328125 0.0921875
1 0.66015625 0.04375 0.034375 0.065625
3 0.6125 0.1171875 0.0390625 0.09375
1 0.53359375 0.37578125 0.065625 0.109375