1 0.7797954171875 0.9167633953125 0.8418145484374999 0.9669574109375001 0.88158481875 0.9555594749999999 0.8109214265625001 0.8988261578125 0.7797954171875 0.9167633953125
1 0.9506254921874999 0.8999622687500001 0.923303059375 0.8724990437500001 0.830947521875 0.8970305109375 0.84201301875 0.9136342609374999 0.8588890859375 0.9226441265625 0.9506254921874999 0.8999622687500001
1 0.9044100078125 0.8100886640624999 0.8197759265625001 0.8358253859375001 0.8195039875000001 0.8436126843749999 0.8372267203125 0.8601370390625 0.85705701875 0.8639482453125 0.9491088765625 0.8322331234375 0.92383873125 0.8095196437500001 0.9044100078125 0.8100886640624999
2 0.9507995328125001 0.8949784 0.975690746875 0.8967832343750001 0.9866536359375001 0.8909173828125001 0.987835953125 0.8570602781250001 0.9876173515625 0.8569682562500001 0.96391999375 0.8686155984375 0.949095325 0.8802609109375 0.9507995328125001 0.8949784
2 0.7489484796875 0.79966988125 0.781072546875 0.800791678125 0.788502978125 0.7626909203125 0.746431128125 0.7605979953124999 0.7489484796875 0.79966988125
0 0.5833371328125 0.9052248437499999 0.6450434890625 0.9167358328124999 0.68723124375 0.7884703843749999 0.6193453718749999 0.7792385765625001 0.5833371328125 0.9052248437499999
1 0.5273318140625001 1 0.5397741671875 0.9617117500000001 0.496757753125 0.9549077609375001 0.4911572859375 0.9999959781250001 0.4912724578125 1 0.5273318140625001 1
1 0.5279402890625 1 0.5398068 0.9607772734375001 0.49456405312499996 0.9542074125 0.4763883703125 0.9994802359375001 0.4912724703125 1 0.5279402890625 1
1 0.46171875 0.7234375 0.05 0.059375
1 0.384375 0.90234375 0.0546875 0.0671875
1 0.37890625 0.9640625 0.0671875 0.0640625
1 0.3390625 0.85546875 0.0515625 0.0609375
1 0.28984375 0.75546875 0.0484375 0.0578125
3 0.4140625 0.80625 0.0765625 0.1109375
0 0.35 0.76171875 0.0765625 0.134375
0 0.3125 0.940625 0.06875 0.1078125
2 0.29609375 0.83984375 0.040625 0.0390625
2 0.28125 0.80546875 0.0390625 0.040625
2 0.25234375 0.79765625 0.0359375 0.0375
2 0.30546875 0.7140625 0.03125 0.0328125
1 0.14048584687500001 0.88289895625 0.135489309375 0.8989418078125 0.1529192390625 0.9079710125 0.17687676562500002 0.9047532953124999 0.20602751874999997 0.8639804390625001 0.1931263921875 0.8523025343749999 0.1660741140625 0.8488628734375 0.14048584687500001 0.88289895625
2 0.97265625 0.496875 0.0546875 0.028125
1 0.634375 0.54609375 0.0546875 0.0671875
1 0.65078125 0.31796875 0.0515625 0.0640625
3 0.6609375 0.4078125 0.0546875 0.0609375
1 0.693539853125 0.2266976671875 0.68601330625 0.23579098906249998 0.66875385 0.28539963749999997 0.6806886578125 0.2929894625 0.717753984375 0.2955312984375 0.73369993125 0.23589688281250001 0.7205921296875 0.230137328125 0.693539853125 0.2266976671875
1 0.6262169375 0.24898457187499998 0.6239180296875 0.18777741718750002 0.5778386046875 0.18928700468749998 0.56903849375 0.25073032031250003 0.593723034375 0.25845350312500004 0.6262169375 0.24898457187499998
1 0.5864104718750001 0.32493871093750004 0.5402340406249999 0.313346296875 0.5033935765625001 0.3678848546875 0.5246570390625 0.37829541875 0.5523937125 0.378016515625 0.5864104718750001 0.32493871093750004
1 0.482028653125 0.42389944531249996 0.45001425156249997 0.403757296875 0.3854815171875 0.441423359375 0.3927896234375 0.4544653078125 0.40861235156250003 0.4618790296875 0.482028653125 0.42389944531249996
1 0.012805917187499998 0.4580370625 0.10938479375000001 0.45548410625 0.10746392499999999 0.4310910265625 0.0147077046875 0.43533683125 0.012805917187499998 0.4580370625
1 0.0020179640624999997 0.43348554687499996 0.0613518703125 0.4335350921875 0.0560208015625 0.41151789843750003 0.00279815 0.4111439359375 0.0020179640624999997 0.43348554687499996
1 0.0179565234375 0.40582245937500006 0.0545767625 0.40523003593749995 0.10964852968750001 0.40029200468750004 0.1122446953125 0.38946715 0.1015481453125 0.3781781046875 0.0115068515625 0.3840780765625 0.0179565234375 0.40582245937500006
1 0.0047230421875 0.356022215625 0.00384490625 0.381168778125 0.027688540625 0.38121256406250004 0.0626906984375 0.37931614687500004 0.062420542187500004 0.3552925828125 0.0047230421875 0.356022215625
3 0.1475605203125 0.41034833125 0.1363427390625 0.39810546874999997 0.05405553125 0.40427621875 0.060472570312499994 0.42695507812500005 0.1421297734375 0.4229454296875 0.1475605203125 0.41034833125
1 0.024942578125 0.158128321875 0.0641363375 0.1632394609375 0.069131984375 0.1631020390625 0.085651765625 0.1346748453125 0.0886286453125 0.112947771875 0.0672020203125 0.10720958750000001 0.0420823796875 0.111946084375 0.024942578125 0.158128321875
1 0.1817782421875 0.06567739375000001 0.2213527140625 0.059886312500000004 0.22273238125 0.052137695312499996 0.193249771875 0.0071342140625 0.16823890625 0.0087557890625 0.1517526484375 0.0203430765625 0.1817782421875 0.06567739375000001
1 0.018114865625 0.0995698625 0.0586121484375 0.099112828125 0.06429486250000001 0.0475405515625 0.0198770265625 0.0491081640625 0.018114865625 0.0995698625
1 0.575147215625 0.1551989921875 0.6261678984375 0.1551094421875 0.626334628125 0.0868153375 0.575357453125 0.0856589171875 0.575147215625 0.1551989921875
1 0.6796133828124999 0.1014626171875 0.6654196109375 0.0950413953125 0.6304392062499999 0.0963148265625 0.625841571875 0.16445420156249999 0.66959676875 0.1659821671875 0.6796133828124999 0.1014626171875
1 0.734609896875 0.082799596875 0.7214694640625 0.07797451718750001 0.6848165921875 0.0795014171875 0.6807401890625 0.14859461093749998 0.72504925 0.1501419171875 0.734609896875 0.082799596875
1 0.78794393125 0.0799839859375 0.780106390625 0.018583415625 0.7373175125 0.021143528124999998 0.7412888875 0.0820972171875 0.7633999078125 0.0841168390625 0.78794393125 0.0799839859375
2 0.650107234375 0.08889298125 0.662563275 0.09743662343750001 0.6822965671875 0.088145828125 0.685599775 0.0570739953125 0.6746421640625 0.053260757812500004 0.6463298734375 0.0541433015625 0.650107234375 0.08889298125
2 0.7211122890625 0.0564428890625 0.7201477515625 0.020543946875 0.68126855 0.022304974999999998 0.68782610625 0.05683986875 0.7001842453125 0.0681869390625 0.7211122890625 0.0564428890625