0 0.5462734359375 0.15524334687500002 0.5286827328125 0.17062281875000002 0.5494299828125 0.2810090609375 0.5589170734375 0.28235433906249996 0.5897638078125 0.276757015625 0.600182275 0.27194115937499996 0.61025091875 0.258023828125 0.5900775125 0.1578915359375 0.5908595453125 0.1509620875 0.579855465625 0.1491143359375 0.5462734359375 0.15524334687500002
3 0.4652392609375 0.1845464640625 0.469011371875 0.20054693750000002 0.477141940625 0.20491627499999998 0.5138466703125 0.1996408984375 0.52384304375 0.1965822203125 0.5285607359375 0.18339381562499998 0.5262732437500001 0.1682203390625 0.5199755421875001 0.1664696078125 0.519542875 0.1472169921875 0.521859515625 0.1318922828125 0.5151878203125 0.11459612968749999 0.5144436203125 0.10395684999999999 0.512552075 0.0976310484375 0.5051289875 0.09349605 0.49372862343749996 0.092737178125 0.4834426703125 0.09771144375 0.4737945484375 0.102561728125 0.4695644109375 0.11825838281250001 0.46493832343749997 0.1251073625 0.4652392609375 0.1845464640625
3 0.8665037999999999 0.5013296125 0.8647699781249999 0.511285584375 0.869988571875 0.5161112703125 0.8775099484375 0.517054 0.8957122515625 0.513172296875 0.9095324453125 0.5087682546875001 0.9166677515625 0.507724825 0.955578315625 0.49397776562500006 0.9469934984374999 0.478126253125 0.917863028125 0.48241450625000004 0.8665037999999999 0.5013296125
3 0.6845202968749999 0.9273017453125 0.6798909515625 0.9223615203125 0.6447935296875 0.9305579046875 0.6386202546875 0.977447884375 0.6430344890625 0.9815552593750001 0.6783606328125 0.9746885531249999 0.681625121875 0.9721803906250001 0.6842699125 0.963765015625 0.6822650734375 0.9565969687500001 0.6845202968749999 0.9273017453125
3 0.557355609375 0.5184801875 0.571690565625 0.51672435625 0.6474120859375 0.491012496875 0.6370696703125 0.4724108203125 0.6212243546875 0.475834371875 0.5480629953125 0.4989873828125 0.557355609375 0.5184801875
2 0.590486303125 0.0723167515625 0.5956066296875 0.06719905468750001 0.5958199468750001 0.062004579687500005 0.5877701734375 0.042613726562499996 0.581031078125 0.0425495359375 0.5619076625 0.0479844234375 0.551419771875 0.0538019359375 0.5698626703125 0.0763255796875 0.5763342406249999 0.07815944062499999 0.5842416874999999 0.0810883296875 0.590486303125 0.0723167515625
2 0.5771980046875 0.1140626078125 0.5900463796875 0.1266806328125 0.60409353125 0.132882025 0.6147541750000001 0.1342451453125 0.6174531703125 0.129254571875 0.6229053640625 0.12269823124999998 0.6236435828125 0.117058190625 0.6085871921875 0.0993728203125 0.6025016890625 0.0995251203125 0.5822539843750001 0.108613884375 0.5771980046875 0.1140626078125
2 0.619969971875 0.239726828125 0.6098240875000001 0.2410119203125 0.6111788328125 0.266857165625 0.6179077828125 0.27001513125 0.6184868890625 0.272994371875 0.6235869328125 0.2740642265625 0.6303463093749999 0.26794086250000004 0.6362489171875 0.2637017046875 0.64084434375 0.25902957187500003 0.6388800703124999 0.23948641875 0.634765484375 0.23719440625 0.619969971875 0.239726828125
2 0.47530728906249997 0.3983893140625 0.45651923749999995 0.4212792421875 0.4545381796875 0.4268173328125 0.45419617187499994 0.431349753125 0.45857827812499996 0.43187209375 0.4752803640625 0.4265643328125 0.502510903125 0.4030639515625 0.47530728906249997 0.3983893140625
2 0.840434734375 0.354753103125 0.8000119531250001 0.3645924234375 0.79973521875 0.3722436015625 0.807452521875 0.3786712171875 0.8550650265625 0.363470503125 0.8541369718749999 0.35869608125 0.8508188453125 0.35372560000000003 0.840434734375 0.354753103125
2 0.5818679484375 0.4674440890625 0.5415689078125 0.47791999687500003 0.5481856609375 0.49381052968750005 0.5567462812499999 0.492476834375 0.600649934375 0.4763454421875 0.6034404828125 0.4695269125 0.5918808375 0.46450681562499996 0.5818679484375 0.4674440890625
2 0.47009904375 0.6698554171875 0.45532887187500004 0.6846180093750001 0.45625692500000004 0.6893924296875 0.49586900468749995 0.6965570718749999 0.505253440625 0.6934116375 0.5124529171875001 0.6850754578125 0.5083728437499999 0.6822350109374999 0.47009904375 0.6698554171875
2 0.5450020359375001 0.6589292828125 0.5128174125 0.6506512109375 0.5028142734375 0.650613696875 0.4907011578125 0.6608959546875 0.491814821875 0.6666252609375001 0.532240965625 0.67495295 0.5377211890625 0.6728967390625 0.546434803125 0.6632752765625 0.5450020359375001 0.6589292828125
2 0.3102031703125 0.8908706734375 0.308965765625 0.8845047781250001 0.29807694218749997 0.8859607078125 0.2947816796875 0.8932076656250001 0.2898582890625 0.8981285296875001 0.28877085468749997 0.92278366875 0.29479815625 0.9265668937499999 0.3141238625 0.9231406796874999 0.3202325375 0.92129263125 0.318291696875 0.89920805625 0.3102031703125 0.8908706734375
1 0 0.300175053125 0.08162857812499999 0.25592186875 0.0818497265625 0.24771934999999998 0.064140603125 0.23756243281249997 0.0508018328125 0.23743538437499997 0.041142971875 0.24067279843749997 0 0.2645569203125 0 0.300175053125
1 0.1263966265625 0.1499854109375 0.11851733125 0.14369743906250002 0.079275203125 0.14418574374999998 0.0337457703125 0.1465761390625 0.0236311171875 0.1505821109375 0.0192977984375 0.1687634296875 0.025692393749999997 0.17364009687499998 0.115648640625 0.1694136140625 0.12590068906250002 0.1630010703125 0.1263966265625 0.1499854109375
1 0.506007934375 0.023159484375 0.47905559843749995 0.0277185265625 0.47272814375000005 0.0418677203125 0.4837311953125 0.08290647031250001 0.49854463125 0.0875066015625 0.5215523 0.08133446250000001 0.5283255109375 0.0694784859375 0.51396094375 0.0267132828125 0.506007934375 0.023159484375
1 0.2540981140625 0.5715310390624999 0.26156155000000003 0.5740031453125 0.306306559375 0.5617096484374999 0.3486153359375 0.5518511328125 0.3554857703125 0.5452851875 0.3519763453125 0.5332180796875 0.33105556406250003 0.533361815625 0.2894912 0.5440563453125 0.25079168125 0.554520909375 0.2475401546875 0.5587488890625 0.2540981140625 0.5715310390624999
1 0.139730309375 0.6447589671875 0.137081434375 0.6550809859375 0.136175959375 0.665391028125 0.1492466234375 0.6667732 0.19191313125 0.6617487140625 0.21184457812500002 0.6595089562500001 0.2307866921875 0.6551731734375 0.24263275156250003 0.6502552968749999 0.24057022031250003 0.6336571875 0.2274995578125 0.6322750140625 0.194793946875 0.6376516265625 0.139730309375 0.6447589671875