0 0.727061803125 0.2503281609375 0.7294335953125 0.24036769375000003 0.722501740625 0.2343020375 0.7035773875 0.22992729375 0.686207184375 0.22721041562500002 0.6666426750000001 0.23344743124999998 0.6433654625 0.3480059265625 0.6583532484375 0.3537622796875 0.6863499125 0.359044803125 0.7016820453125 0.3558670203125 0.7124700515625 0.34704460312499996 0.727061803125 0.2503281609375
3 0.6713077046875 0.153288221875 0.6642497281249999 0.1500652921875 0.655489971875 0.14983965625 0.650487290625 0.1515954421875 0.6418403140625 0.1507302203125 0.6307585109375 0.1570196171875 0.6235414968749999 0.1613525859375 0.6289540859375 0.167253021875 0.6212194484375 0.16786761562500002 0.6150275484375001 0.173040815625 0.59682494375 0.246330115625 0.6178810390625 0.25334023906250003 0.6461028234375 0.25963544843749997 0.6586557843749999 0.24832967031250003 0.6640329296874999 0.23114228906249998 0.6574311203125001 0.22865926406249998 0.665540221875 0.21261307343750002 0.6731931515625 0.1958269734375 0.672880828125 0.177636384375 0.680779565625 0.17276414843750001 0.6804260453125 0.1647881328125 0.67501851875 0.16218595625 0.6750134562500001 0.15888769687499998 0.6713077046875 0.153288221875
3 0.9307479859375001 0.6752430406250001 0.8667249828125 0.6740977453125 0.8630286500000001 0.68000954375 0.8637102343749999 0.68818500625 0.871747209375 0.69377895625 0.9047395421875001 0.6963146124999999 0.9128739765624999 0.6983456203125 0.9538941203125001 0.700506734375 0.9528324890625001 0.6794354765625 0.9307479859375001 0.6752430406250001
3 0.5957220296875 0.843387390625 0.5836683359375 0.7924533140625 0.544921871875 0.7950192125 0.5560802625 0.84185435 0.5635636953125001 0.8452959968749999 0.573031140625 0.8466622046875001 0.5877248203125001 0.8459183421875001 0.5957220296875 0.843387390625
2 0.2515625 0.51796875 0.071875 0.03125
2 0.1390625 0.5484375 0.06875 0.0296875
2 0.10390625 0.56171875 0.06875 0.03125
2 0.57890625 0.38046875 0.0390625 0.0390625
2 0.72734375 0.35234375 0.0375 0.0390625
2 0.74296875 0.10859375 0.04375 0.04375
2 0.55859375 0.5140625 0.059375 0.0296875
1 0.82265625 0.56875 0.09375 0.04375
1 0.9515625 0.55234375 0.0953125 0.040625
1 0.7 0.52265625 0.096875 0.040625
1 0.653125 0.57578125 0.1046875 0.0515625
1 0.59140625 0.54453125 0.1 0.04375
1 0.44765625 0.4890625 0.103125 0.04375
1 0.25859375 0.4875 0.1125 0.046875
1 0.2796875 0.55078125 0.1078125 0.0515625
1 0.19140625 0.9375 0.0515625 0.0390625
1 0.24296875 0.94921875 0.053125 0.034375
1 0.2140625 0.89140625 0.053125 0.06875
2 0.1796875 0.85859375 0.0375 0.0453125
1 0.353125 0.96328125 0.05 0.04375
1 0.49921875 0.9640625 0.053125 0.0609375
1 0.94375 0.6578125 0.075 0.0390625
1 0.9328125 0.7109375 0.0765625 0.0390625
1 0.1484375 0.14609375 0.1328125 0.0734375
1 0.1359375 0.0765625 0.1234375 0.0546875
1 0.2328125 0.05703125 0.1171875 0.05625
1 0.67890625 0.11484375 0.05625 0.0703125
1 0.75625 0.30078125 0.05625 0.0671875