0 0.7188896640625 0.34535338125 0.7146936609375001 0.3576017125 0.7155928046875 0.3815658421875 0.7185899499999999 0.3964768546875 0.723085665625 0.39913953593749996 0.8282854546875 0.39381417343749997 0.8423720359375 0.3725127265625 0.842072321875 0.353873959375 0.840274034375 0.338962946875 0.8366774609375 0.3299098296875 0.8112017296875 0.330974903125 0.7305785296875 0.3325725109375 0.7188896640625 0.34535338125
0 1 0.3033717375 0.9238943796875001 0.30434809375 0.9149029453124999 0.3112710640625 0.9068106546875001 0.320856715625 0.9068106546875001 0.343755771875 0.9107069421875 0.36452468437499996 1 0.3609305125 1 0.3033717375
0 1 0.573566615625 0.9233001375000001 0.603045884375 0.90861323125 0.6092862 0.9092517921875001 0.6297090515625 0.9121253171875001 0.645026190625 0.918510928125 0.6592087265625 1 0.6291960828125001 1 0.573566615625
3 0.773068896875 0.46054779999999995 0.8446941703125 0.45637519062500004 0.8511521875 0.44802997031249997 0.8558489249999999 0.444378934375 0.8652424046875 0.4412494765625 0.8690585046875 0.4360337140625 0.8705262359375 0.4245590359375 0.8743423375000001 0.419343271875 0.875516521875 0.410476475 0.8734616984375 0.401609678125 0.8649488578125 0.3979586453125 0.8634811265625 0.390135 0.8505650953125 0.39900179687500004 0.8329523218749999 0.39535076406249997 0.8256136671875 0.3995233734375 0.8162201890624999 0.3995233734375 0.7997816015625 0.40421756093749994 0.7977267765625 0.3979586453125 0.7786462734375 0.3995233734375 0.7721882578125 0.403695984375 0.770133434375 0.40995489999999996 0.7695463421875 0.41099805156249997 0.7695463421875 0.4412494765625 0.773068896875 0.46054779999999995
3 0.4275650140625 0.0990954265625 0.4258037375 0.11891532499999999 0.425510190625 0.13404103750000002 0.42961983750000005 0.14134310625 0.4372520390625 0.1434294109375 0.443416509375 0.1382136484375 0.45134225624999996 0.0782323734375 0.4498745265625 0.054761440625000005 0.43108756875000004 0.0531967109375 0.426977921875 0.0923149328125 0.4275650140625 0.0990954265625
3 0.0390625 0.653125 0.078125 0.046875
3 0.5453125 0.6390625 0.046875 0.04375
2 0.7828125 0.78125 0.034375 0.03125
2 0.871875 0.9859375 0.0359375 0.028125
2 0.85859375 0.3078125 0.0359375 0.034375
2 0.8171875 0.2640625 0.034375 0.0328125
2 0.8234375 0.296875 0.034375 0.0375
2 0.73125 0.31875 0.03125 0.03125
2 0.13515625 0.65234375 0.034375 0.034375
2 0.11640625 0.69609375 0.0390625 0.03125
2 0.07578125 0.76015625 0.040625 0.03125
1 0.71640625 0.62109375 0.059375 0.046875
1 0.7390625 0.47421875 0.053125 0.04375
1 0.91953125 0.4 0.059375 0.0484375
1 0.875 0.35625 0.05625 0.0421875
1 0.775 0.3015625 0.05625 0.0421875
1 0.97578125 0.3953125 0.0484375 0.05625
2 0.490625 0.97734375 0.01875 0.0453125
1 0.1765625 0.74765625 0.0609375 0.040625
1 0.0609375 0.5953125 0.065625 0.046875
1 0.17890625 0.68359375 0.0671875 0.05
1 0.1890625 0.63515625 0.065625 0.046875
1 0.2140625 0.5796875 0.0625 0.04375
1 0.3328125 0.65 0.0640625 0.075
1 0.425 0.64296875 0.0578125 0.04375
1 0.321875 0.55546875 0.0609375 0.065625
1 0.834375 0.9 0.053125 0.121875
1 0.93515625 0.84765625 0.0578125 0.090625
1 0.45234375 0.421875 0.0515625 0.0875
1 0.5171875 0.25625 0.0375 0.090625
1 0.4703125 0.05859375 0.025 0.090625
1 0.41796875 0.06171875 0.025 0.0921875
1 0.96484375 0.940625 0.0703125 0.08125
1 0.05546875 0.1734375 0.05625 0.0609375