0 0.28974757812499996 0 0.2891353640625 0.0069976296875 0.318071321875 0.16525678906250002 0.3217664984375 0.18339092031249998 0.32457468125 0.1995894140625 0.3297470109375 0.20989514062499998 0.3355304109375 0.213216325 0.340632134375 0.21225506562500002 0.34833699687499997 0.2087063515625 0.35729386875 0.2029211734375 0.3609684140625 0.1971430484375 0.3613404890625 0.1868531953125 0.3288770609375 0 0.28974757812499996 0
3 0.4671875 0.1140625 0.05625 0.15625
3 0.96640625 0.26171875 0.0671875 0.0890625
1 0.990625 0.26875 0.01875 0.0875
2 0.82578125 0.25859375 0.0390625 0.04375
2 0.6671875 0.2859375 0.0390625 0.053125
2 0.6453125 0.33671875 0.040625 0.05
2 0.5453125 0.33046875 0.0390625 0.05
2 0.36484375 0.4578125 0.0359375 0.04375
2 0.41015625 0.409375 0.0375 0.040625
2 0.48828125 0.49375 0.034375 0.046875
2 0.5359375 0.69453125 0.034375 0.04375
2 0.68359375 0.6453125 0.0359375 0.04375
2 0.30859375 0.75390625 0.034375 0.046875
2 0.2515625 0.484375 0.0375 0.0484375
2 0.21484375 0.94453125 0.034375 0.0421875
1 0.01953125 0.89765625 0.0390625 0.0640625
1 0.15390625 0.9203125 0.0515625 0.0515625
1 0.09765625 0.64453125 0.06875 0.075
1 0.27734375 0.55703125 0.0578125 0.0546875
1 0.44375 0.4765625 0.0609375 0.0640625
1 0.47109375 0.275 0.034375 0.1078125
1 0.5125 0.1828125 0.0375 0.1125
1 0.5578125 0.56015625 0.0609375 0.0625
1 0.65390625 0.61015625 0.0625 0.0703125
1 0.46484375 0.890625 0.0375 0.0828125
1 0.57734375 0.36328125 0.0671875 0.0734375
1 0.6921875 0.4078125 0.0640625 0.065625
1 0.84609375 0.46328125 0.06875 0.078125
1 0.97421875 0.42890625 0.0515625 0.0765625
1 0.76640625 0.1984375 0.0734375 0.0765625
1 0.69140625 0.3671875 0.0609375 0.0671875
1 0.7640625 0.38359375 0.0625 0.0609375
1 0.8609375 0.5046875 0.0578125 0.06875
1 0.83046875 0.7390625 0.0609375 0.0921875
1 0.5234375 0.6609375 0.0609375 0.0609375