0 0.1895941578125 0.35678900625 0.19049412968749999 0.3791883171875 0.200693815625 0.3973210921875 0.3074905265625 0.4026542609375 0.311090415625 0.38558811875 0.31139040625000003 0.36265549375 0.3071905359375 0.35092252031250004 0.2966908578125 0.3397228671875 0.20969353906250002 0.33865623125 0.1964939453125 0.33865623125 0.191994084375 0.34558935156250004 0.1895941578125 0.35678900625
0 0.0094301828125 0.3106413171875 0.0069339578125 0.3259268421875 0.005824525 0.34910166875000004 0.017196215625 0.3648802765625 0.10706031093749999 0.37474190625000003 0.11122068593750001 0.3579771359375 0.11149804375000001 0.3343092265625 0.09541126093749999 0.31754445625 0.0232980984375 0.3121205609375 0.0232980984375 0.310148234375 0.0127584828125 0.3096551546875 0.0094301828125 0.3106413171875
3 0.23154012656249998 0.40892592812500006 0.21452405468750002 0.403524 0.20692759375 0.4051445796875 0.1972041234375 0.3997426515625 0.181403484375 0.40298380624999997 0.1692491484375 0.3970416875 0.1662105625 0.4046043859375 0.16165268593749998 0.40622496406249997 0.1589179609375 0.41270727812499997 0.1592218203125 0.42135036093749995 0.1619565453125 0.43107383125 0.1643874125 0.44295807187499997 0.16955300625 0.4424178796875 0.1728954484375 0.45160115625 0.1777571828125 0.44944038593749996 0.18079576875 0.45376192812499994 0.1871767953125 0.4586236625 0.2564565171875 0.46186481874999996 0.26010281874999996 0.43971691562500004 0.26101439531250004 0.41270727812499997 0.2485561984375 0.40406419375 0.2327555609375 0.401903421875 0.23154012656249998 0.40892592812500006
3 0.5715824875 0.1512802578125 0.5780047609375 0.154705471875 0.5850692640624999 0.1524219953125 0.5879592890625001 0.1461424390625 0.5879592890625001 0.1290163703125 0.5853903781249999 0.1130320421875 0.586995946875 0.10618161562499999 0.5825003546875 0.0679333984375 0.5638757562500001 0.07192948125000001 0.5629124140624999 0.09419336874999999 0.5715824875 0.1512802578125
3 0.9015625 0.6171875 0.05546875 0.03671875
2 0.9578125 0.7359375 0.0390625 0.03046875
2 0.8890625 0.71640625 0.03828125 0.02890625
2 0.5296875 0.965625 0.01875 0.06484375
2 0.50546875 0.69921875 0.0328125 0.03359375
2 0.24765625 0.7703125 0.03359375 0.0328125
2 0.1734375 0.31796875 0.03359375 0.03671875
2 0.2078125 0.30625 0.0328125 0.03828125
2 0.2140625 0.2734375 0.03203125 0.02890625
2 0.29765625 0.32421875 0.03125 0.03046875
1 0.2 0.88515625 0.05234375 0.11796875
1 0.10859375 0.81171875 0.0484375 0.09609375
1 0.11640625 0.40703125 0.05703125 0.04609375
1 0.159375 0.3625 0.05390625 0.040625
1 0.25234375 0.3078125 0.053125 0.0375
1 0.290625 0.475 0.0484375 0.0421875
1 0.05625 0.403125 0.0578125 0.05625
1 0.4328125 0.6421875 0.05546875 0.0484375
1 0.62890625 0.50546875 0.053125 0.07734375
1 0.6953125 0.59375 0.05625 0.06953125
1 0.809375 0.57734375 0.06015625 0.04140625
1 0.82109375 0.71484375 0.05703125 0.04765625
1 0.85546875 0.6671875 0.06640625 0.05546875
1 0.93515625 0.68359375 0.059375 0.04296875
1 0.884375 0.5671875 0.0546875 0.0390625
1 0.52109375 0.375 0.04453125 0.08515625
1 0.5953125 0.07734375 0.02421875 0.08984375
1 0.54453125 0.07421875 0.02421875 0.08671875
1 0.140625 0.91015625 0.04921875 0.0953125