0 0.18814524999999999 0.37791213749999997 0.1884625265625 0.3942695296875 0.1973462828125 0.41119096875 0.30617228750000003 0.4140112078125 0.3090277796875 0.39934596093749997 0.3093450578125 0.37283570625 0.3039513484375 0.35929855625 0.29411576093749997 0.3508378359375 0.2030572671875 0.353094028125 0.193538959375 0.3525299796875 0.18909708125 0.35986260312499996 0.18814524999999999 0.37791213749999997
3 0.19444464374999998 0.420406321875 0.17841732500000002 0.41556788593749994 0.1617852015625 0.4112670546875 0.145153078125 0.41449267812499996 0.1394074359375 0.40804143125000003 0.13214978125000001 0.4096542421875 0.13063777031249998 0.41503028124999997 0.127613746875 0.41556788593749994 0.12307771406250001 0.41986871875 0.12126330156250001 0.42685756875 0.122472909375 0.43492163125000005 0.1248921265625 0.43922246249999997 0.12549693281250002 0.447286521875 0.13305698906250002 0.456425790625 0.1381978265625 0.4623394328125 0.1427338609375 0.456425790625 0.1445482734375 0.4634146421875 0.15029391718750001 0.46825307812499994 0.2204512375 0.4730915140625 0.223475259375 0.4526625609375 0.22468486875 0.4257823625 0.2122863765625 0.416105490625 0.195654253125 0.4139550734375 0.19444464374999998 0.420406321875
3 0.5691123796875 0.156627509375 0.5751318390625 0.1590596140625 0.5825193546875 0.15711393125 0.5863499203125 0.1488447765625 0.5833401890625 0.11820026406249999 0.5838874140625 0.11041753125 0.5792360140625 0.07247670625 0.5600831937499999 0.07685449375 0.5598095828125 0.0977705890625 0.5691123796875 0.156627509375
3 0.771806509375 0.38454400624999996 0.768192140625 0.377624190625 0.7234295875 0.39690081875 0.7320484640625 0.43199416562500004 0.7731966515625001 0.41420035625 0.7751428484375 0.40678626875 0.7748648203124999 0.3978893625 0.771806509375 0.38454400624999996
2 0.525 0.7453125 0.01953125 0.06328125
2 0.57109375 0.84375 0.0171875 0.0625
2 0.58984375 0.87421875 0.01953125 0.0609375
2 0.346875 0.46796875 0.03203125 0.0328125
2 0.29609375 0.33671875 0.03203125 0.02890625
2 0.07109375 0.36171875 0.034375 0.03515625
2 0.47265625 0.46484375 0.01875 0.0515625
1 0.4796875 0.2140625 0.02578125 0.084375
1 0.44375 0.09765625 0.02421875 0.0890625
1 0.45703125 0.33359375 0.0234375 0.08671875
1 0.5125 0.36796875 0.0328125 0.0921875
1 0.49453125 0.4296875 0.02734375 0.090625
1 0.4671875 0.5703125 0.02421875 0.09296875
1 0.49609375 0.74375 0.0265625 0.10078125
1 0.5515625 0.7140625 0.03203125 0.096875
1 0.93515625 0.73515625 0.05703125 0.0421875
1 0.94375 0.68515625 0.06796875 0.04609375
1 0.87421875 0.71953125 0.0578125 0.0390625
2 0.84921875 0.75625 0.03671875 0.02890625
1 0.93046875 0.58125 0.05859375 0.0421875
1 0.89453125 0.44609375 0.0484375 0.0421875
1 0.9671875 0.33671875 0.0578125 0.08984375
1 0.54140625 0.08046875 0.025 0.0859375
1 0.5921875 0.08125 0.02578125 0.0875
1 0.20078125 0.9 0.05078125 0.115625
1 0.1390625 0.92265625 0.0328125 0.1109375
1 0.10546875 0.83671875 0.0359375 0.10390625
1 0.0875 0.41875 0.0578125 0.04453125
1 0.24453125 0.31796875 0.0546875 0.04453125