0 0.2746307859375 0.989542671875 0.2875598328125 0.9962796468749999 0.338830190625 0.80249255625 0.339498934375 0.793377825 0.33793853125 0.785848265625 0.33258858125 0.7806964609375 0.325009484375 0.7743557796875 0.3158699859375 0.7711854390624999 0.30895963437499996 0.7767335359375 0.3038325984375 0.78901860625 0.2906806375 0.8353848421875 0.254568471875 0.9673502859375 0.255237215625 0.9725020890625 0.2641538 0.9824094046875 0.2746307859375 0.989542671875
0 0.581560009375 0 0.5669448890625 0.06676042812500001 0.563494096875 0.0945472 0.5657269625 0.10465148124999998 0.5785151921875 0.11367316093749999 0.5866347046875 0.11114709062499999 0.6087603734375 0 0.581560009375 0
3 0.2078125 0.20390625 0.04296875 0.05234375
3 0.3390625 0.4921875 0.05625 0.06171875
2 0.05390625 0.0390625 0.02890625 0.04296875
1 0.0546875 0.10078125 0.04609375 0.0609375
1 0.1484375 0.35703125 0.05078125 0.05703125
1 0.2765625 0.41953125 0.05 0.0484375
2 0.1671875 0.4625 0.03203125 0.04296875
2 0.2 0.45703125 0.03203125 0.05078125
1 0.4609375 0.559375 0.05625 0.0625
1 0.57890625 0.58125 0.0546875 0.05234375
1 0.496875 0.13515625 0.028125 0.07265625
1 0.740625 0.228125 0.04453125 0.0890625
1 0.8328125 0.31171875 0.0515625 0.08203125
1 0.365625 0.45859375 0.05390625 0.05390625
1 0.75078125 0.73125 0.059375 0.06171875
1 0.87421875 0.79765625 0.0671875 0.075
1 0.93359375 0.66328125 0.05859375 0.07109375
2 0.8546875 0.49921875 0.03125 0.040625
2 0.33359375 0.28828125 0.03125 0.03984375
2 0.38828125 0.5890625 0.0296875 0.04453125
1 0.53203125 0.22109375 0.025 0.075
1 0.55078125 0.14921875 0.02734375 0.07578125
1 0.5890625 0.4328125 0.0515625 0.05859375
1 0.3484375 0.825 0.0359375 0.08984375