0 0.2888020828125 0.9958333328125001 0.3385416671875 0.79305555625 0.3216145828125 0.7759259265625 0.3135416671875 0.772222221875 0.30703125 0.7773148140624999 0.2528645828125 0.9773148140625001 0.2747395828125 0.9925925921875001 0.275 0.9925925921875001 0.2888020828125 0.9958333328125001
1 0.3932291671875 0.883796296875 0.3880208328125 0.86898148125 0.3697916671875 0.86898148125 0.3713541671875 0.8708333328125001 0.3567708328125 0.959722221875 0.3567708328125 0.9675925921875 0.37734375 0.9773148140625001 0.3932291671875 0.883796296875
1 0.24375 0.48203125 0.06015625 0.06875
1 0.14140625 0.4203125 0.0484375 0.0640625
1 0.1484375 0.36328125 0.05 0.05546875
1 0.0731770828125 0.2018518515625 0.03125 0.17314814843749998 0.0205729171875 0.19305555624999998 0.0278645828125 0.21435185156249997 0.0614583328125 0.2365740734375 0.07109375 0.21805555625 0.0731770828125 0.2018518515625
1 0.11510416718750001 0.24722222187499998 0.11145833281249999 0.23379629687499998 0.07760416718749999 0.20601851875000002 0.0705729171875 0.2175925921875 0.06770833281250001 0.23148148124999998 0.0731770828125 0.240740740625 0.0994791671875 0.2601851859375 0.1088541671875 0.2638888890625 0.11510416718750001 0.24722222187499998
1 0.1578125 0.2888888890625 0.16458333281249998 0.27777777812500004 0.1630208328125 0.266203703125 0.1536458328125 0.25601851875000003 0.11901041718750001 0.23009259218749997 0.1127604171875 0.2546296296875 0.11432291718750001 0.266203703125 0.1513020828125 0.2925925921875 0.1578125 0.2888888890625
1 0.21588541718749998 0.3115740734375 0.2153645828125 0.3 0.20859375 0.29351851875 0.1731770828125 0.2754629625 0.1682291671875 0.2875 0.16640625 0.30046296250000004 0.1708333328125 0.3125 0.2052083328125 0.3300925921875 0.2091145828125 0.3254629625 0.21588541718749998 0.3115740734375
1 0.2708333328125 0.3379629625 0.26614583281250004 0.32592592656249997 0.2528645828125 0.31944444375000003 0.2260416671875 0.30601851875 0.2208333328125 0.3166666671875 0.21979166718749998 0.3273148140625 0.21979166718749998 0.33703703749999997 0.2606770828125 0.3620370375 0.2692708328125 0.3550925921875 0.2708333328125 0.3379629625
1 0.11875 0.1291666671875 0.1119791671875 0.1148148140625 0.0828125 0.09305555625 0.0770833328125 0.09953703750000001 0.07369791718749999 0.11342592656249999 0.0856770828125 0.1291666671875 0.1098958328125 0.1490740734375 0.11875 0.13703703750000001 0.11875 0.1291666671875
0 0.13125 0.18842592656249998 0.1338541671875 0.18194444375000002 0.12395833281249999 0.165740740625 0.1174479171875 0.1583333328125 0.0927083328125 0.13148148125 0.08203125 0.1523148140625 0.0890625 0.17268518593749999 0.11953125 0.20277777812500003 0.1236979171875 0.20277777812500003 0.13125 0.18842592656249998
1 0.1828125 0.22638888906250001 0.1807291671875 0.21203703749999997 0.1721354171875 0.2018518515625 0.14010416718750002 0.1851851859375 0.13333333281249998 0.2078703703125 0.1375 0.21435185156249997 0.1565104171875 0.23101851875 0.1744791671875 0.240740740625 0.1828125 0.22638888906250001
1 0.1861979171875 0.165277778125 0.1924479171875 0.146759259375 0.1833333328125 0.13148148125 0.1473958328125 0.11574074062499999 0.1416666671875 0.1356481484375 0.14375 0.146759259375 0.16953125 0.1625 0.1861979171875 0.165277778125
3 0.1890625 0.1763888890625 0.18020833281249998 0.1629629625 0.1533854171875 0.1513888890625 0.146875 0.171759259375 0.14895833281249998 0.1833333328125 0.1822916671875 0.20277777812500003 0.1890625 0.1898148140625 0.1890625 0.1763888890625
2 0.21328125 0.19398148125 0.20989583281250002 0.1833333328125 0.1940104171875 0.172222221875 0.1888020828125 0.184722221875 0.1893229171875 0.1925925921875 0.2075520828125 0.2101851859375 0.21848958281250003 0.2101851859375 0.21848958281250003 0.2018518515625 0.21328125 0.19398148125
2 0.21197916718749998 0.24490740781250003 0.2166666671875 0.240740740625 0.215625 0.23472222187499997 0.2104166671875 0.22870370312500002 0.20677083281250003 0.2175925921875 0.1872395828125 0.21064814843750002 0.18411458281249998 0.22175925937500002 0.1861979171875 0.240277778125 0.20546875 0.24490740781250003 0.21197916718749998 0.24490740781250003
2 0.2598958328125 0.2208333328125 0.2552083328125 0.20833333281250002 0.23958333281250002 0.19444444375 0.23359375 0.21342592656249998 0.2377604171875 0.23055555625 0.26015625 0.2370370375 0.2635416671875 0.23148148124999998 0.2598958328125 0.2208333328125
2 0.2596354171875 0.17962962968750001 0.24453125 0.1708333328125 0.23932291718749998 0.18657407343750002 0.2580729171875 0.20601851875000002 0.2682291671875 0.20601851875000002 0.2671875 0.1949074078125 0.2596354171875 0.17962962968750001
2 0.2981770828125 0.240277778125 0.2940104171875 0.22685185156249998 0.2755208328125 0.2166666671875 0.2713541671875 0.23518518593749999 0.27421875 0.253703703125 0.2942708328125 0.2546296296875 0.30234375 0.25 0.2981770828125 0.240277778125
2 0.3361979171875 0.25694444375000003 0.3338541671875 0.2453703703125 0.32760416718749996 0.23148148124999998 0.3127604171875 0.2259259265625 0.30911458281250004 0.240277778125 0.3096354171875 0.2578703703125 0.3328125 0.26435185156249996 0.3361979171875 0.25694444375000003
2 0.3651041671875 0.2736111109375 0.365625 0.26898148125 0.3645833328125 0.2648148140625 0.3622395828125 0.2611111109375 0.3575520828125 0.24722222187499998 0.33984375 0.2370370375 0.3348958328125 0.2578703703125 0.3385416671875 0.2768518515625 0.3591145828125 0.2759259265625 0.3651041671875 0.2736111109375
3 0.3317708328125 0.28379629687499996 0.32083333281250004 0.26898148125 0.29375 0.2578703703125 0.2869791671875 0.2824074078125 0.29375 0.29814814843750004 0.3255208328125 0.3101851859375 0.3317708328125 0.28379629687499996
1 0.28177083281250004 0.2601851859375 0.2479166671875 0.240740740625 0.2377604171875 0.2379629625 0.23333333281250002 0.2615740734375 0.27395833281250004 0.2893518515625 0.2802083328125 0.28379629687499996 0.28177083281250004 0.2601851859375
1 0.3770833328125 0.33888888906250003 0.3838541671875 0.32592592656249997 0.3838541671875 0.3106481484375 0.34296875 0.2759259265625 0.33515625 0.2976851859375 0.33932291718749996 0.30694444375 0.35885416718749996 0.32685185156249996 0.3770833328125 0.33888888906250003
2 0.4401041671875 0.8759259265624999 0.43932291718750005 0.86898148125 0.42109375 0.8648148140625 0.4153645828125 0.9138888890624999 0.42109375 0.934722221875 0.4302083328125 0.9245370375 0.4401041671875 0.8759259265624999
3 0.47291666718750003 0.741203703125 0.46770833281249996 0.7351851859375 0.45130208281249995 0.7328703703125 0.43984375 0.808796296875 0.4466145828125 0.8222222218749999 0.4609375 0.821296296875 0.47291666718750003 0.741203703125
1 0.6080729171875 0.940277778125 0.6111979171875 0.93101851875 0.6020833328124999 0.9018518515625 0.5546875 0.9384259265624999 0.5541666671875001 0.9638888890624999 0.5614583328125 0.9796296296874999 0.6080729171875 0.940277778125
2 0.71015625 0.7888888890625 0.7033854171875 0.797222221875 0.7096354171875 0.8134259265624999 0.7375 0.8268518515625001 0.7390625 0.7861111109375 0.71015625 0.7888888890625
2 0.7005208328125 0.7976851859375 0.7026041671875001 0.7731481484375 0.6799479171875 0.7625 0.6684895828124999 0.772222221875 0.6723958328124999 0.7893518515625 0.69609375 0.8055555562500001 0.7005208328125 0.7976851859375
2 0.7447916671875 0.7546296296875 0.7328125 0.75648148125 0.7294270828125 0.7601851859375001 0.73359375 0.76944444375 0.74921875 0.816203703125 0.7622395828124999 0.7990740734374999 0.76171875 0.7879629625 0.7447916671875 0.7546296296875
1 0.6692708328125 0.7111111109375 0.6619791671875 0.7189814812499999 0.6598958328125 0.7481481484375 0.6640625 0.75 0.70625 0.7736111109375 0.7247395828125 0.7791666671875 0.72890625 0.7361111109375 0.6692708328125 0.7111111109375
1 0.6674479171875001 0.6495370375 0.6627604171875 0.6671296296875 0.665625 0.683796296875 0.71328125 0.7074074078125 0.71875 0.690740740625 0.7182291671875001 0.665740740625 0.6674479171875001 0.6495370375
1 0.6986979171875001 0.602777778125 0.6736979171875 0.5990740734375 0.671875 0.6300925921875 0.7192708328124999 0.65 0.7247395828125 0.6416666671875 0.72578125 0.616203703125 0.6986979171875001 0.602777778125
0 0.5028645828125 0.6768518515624999 0.5203125 0.48703703750000005 0.5166666671875 0.47407407343749997 0.49583333281249997 0.47083333281249995 0.4765625 0.647222221875 0.4778645828125 0.672222221875 0.48723958281249996 0.6777777781250001 0.5028645828125 0.6768518515624999
0 0.41223958281249995 0.140740740625 0.42604166718750003 0.1425925921875 0.4291666671875 0.1421296296875 0.446875 0.0324074078125 0.44375 0.0115740734375 0.42213541718750003 0.006944443749999999 0.40416666718750005 0.12592592656249998 0.40416666718750005 0.15324074062499998 0.4075520828125 0.1550925921875 0.41223958281249995 0.140740740625
0 0.3927083328125 0.2796296296875 0.3953125 0.303240740625 0.4075520828125 0.3111111109375 0.41979166718750005 0.3101851859375 0.43776041718750003 0.1611111109375 0.4341145828125 0.1504629625 0.42083333281249996 0.141203703125 0.41015625 0.1425925921875 0.3927083328125 0.2796296296875
2 0.5627604171875 0.20231481406250001 0.5658854171875001 0.19444444375 0.5697916671875001 0.19444444375 0.5739583328125 0.15324074062499998 0.5609375 0.14861111093749999 0.5572916671875 0.1824074078125 0.559375 0.19444444375 0.559375 0.203240740625 0.5627604171875 0.20231481406250001
2 0.515625 0.32824074062499997 0.5182291671875 0.31805555625 0.5223958328125 0.3129629625 0.528125 0.28148148125 0.5140625 0.275 0.509375 0.30694444375 0.5119791671875 0.3166666671875 0.5114583328125 0.328703703125 0.515625 0.32824074062499997
2 0.5328125 0.34305555625 0.5359375 0.34027777812500004 0.5427083328125 0.30648148124999997 0.5411458328125 0.29675925937500003 0.53203125 0.29398148125 0.5294270828125 0.29722222187499997 0.5252604171875 0.3240740734375 0.52578125 0.3375 0.5278645828124999 0.35 0.5328125 0.34305555625
1 0.45286458281249997 0.3671296296875 0.484375 0.3120370375 0.47630208281249997 0.2916666671875 0.46848958281249997 0.2893518515625 0.43645833281249996 0.3384259265625 0.4369791671875 0.3509259265625 0.4453125 0.3671296296875 0.45286458281249997 0.3671296296875
3 0.4791666671875 0.48333333281249996 0.4817708328125 0.465740740625 0.48515625 0.35694444375 0.46171875 0.35694444375 0.459375 0.3611111109375 0.45520833281249995 0.4384259265625 0.45598958281249996 0.48379629687500003 0.4713541671875 0.4865740734375 0.4791666671875 0.48333333281249996
2 0.4994791671875 0.4375 0.4869791671875 0.4365740734375 0.4848958328125 0.4791666671875 0.49114583281249996 0.49629629687500004 0.496875 0.46898148125 0.4994791671875 0.4375
1 0.7880208328125 0.29305555625 0.76953125 0.2638888890625 0.76015625 0.25833333281250004 0.7497395828125 0.27453703749999997 0.7841145828125 0.33888888906250003 0.7989583328125 0.3166666671875 0.7880208328125 0.29305555625
1 0.8434895828125001 0.3023148140625 0.82421875 0.26851851875 0.8145833328125001 0.2675925921875 0.80234375 0.29351851875 0.8385416671874999 0.35046296250000003 0.8473958328125001 0.3458333328125 0.8559895828125 0.3236111109375 0.8434895828125001 0.3023148140625
1 0.79296875 0.7324074078125 0.7934895828124999 0.7148148140624999 0.7921875 0.7050925921875 0.74375 0.6824074078125 0.7393229171875 0.684722221875 0.7346354171875 0.69398148125 0.73515625 0.7185185187500001 0.7893229171875 0.7421296296875 0.79296875 0.7324074078125
1 0.8763020828125001 0.8254629625 0.9177083328125001 0.8486111109375001 0.9244791671874999 0.8356481484374999 0.9270833328125001 0.828240740625 0.9270833328125001 0.8143518515625001 0.9265625 0.808796296875 0.88515625 0.784259259375 0.86640625 0.7791666671875 0.8627604171875 0.7879629625 0.8611979171874999 0.8050925921875001 0.8638020828125 0.81805555625 0.8763020828125001 0.8254629625
2 0.94375 0.7648148140625 0.9223958328125 0.74444444375 0.9033854171875 0.7481481484375 0.90234375 0.7546296296875 0.9096354171875 0.76805555625 0.9325520828125 0.796296296875 0.94375 0.7648148140625
2 0.8018229171875 0.8370370375 0.7919270828125 0.8495370375 0.7994791671875 0.8652777781250001 0.8302083328125001 0.8796296296874999 0.8322916671874999 0.8490740734375001 0.8278645828125001 0.8425925921875 0.8018229171875 0.8370370375
3 0.8171875 0.8078703703125001 0.8505208328125 0.7800925921874999 0.834375 0.7365740734374999 0.7973958328124999 0.76805555625 0.76796875 0.796759259375 0.7700520828124999 0.796296296875 0.775 0.8171296296874999 0.7841145828125 0.8361111109375001 0.7955729171875 0.8268518515625001 0.8171875 0.8078703703125001