0 0.06037213125 0.8057269843749999 0.21592548125 0.7393498265625 0.2143537953125 0.7387360468749999 0.2358839046875 0.72986751875 0.247217446875 0.7224320265624999 0.2508588640625 0.7166340359375 0.24795805468749998 0.7100861625 0.243869003125 0.7056528390625 0.2374926515625 0.699036978125 0.22911032968749998 0.6957634796875001 0.2179043171875 0.697060159375 0.0336296140625 0.7742505421875 0.0349492703125 0.7836403828125 0.03619584375 0.7851976265625 0.04287895 0.79399615625 0.05037978125 0.8015668734375 0.06037213125 0.8057269843749999
3 0.06484375 0.63359375 0.1078125 0.0625
3 0.25234375 0.2234375 0.075 0.0765625
2 0.603125 0.86953125 0.0453125 0.0390625
2 0.55 0.7875 0.0484375 0.040625
2 0.490625 0.73359375 0.0484375 0.0390625
2 0.59609375 0.68046875 0.05 0.0375
2 0.46171875 0.640625 0.05 0.0375
2 0.33046875 0.4953125 0.0453125 0.0359375
2 0.3625 0.48203125 0.0484375 0.040625
2 0.2734375 0.41015625 0.05 0.0390625
1 0.103125 0.578125 0.1125 0.05
1 0.0734375 0.43046875 0.09375 0.0734375
1 0.10859375 0.15078125 0.08125 0.075
2 0.0953125 0.19765625 0.046875 0.04375
1 0.2484375 0.0609375 0.0828125 0.06875
1 0.32578125 0.065625 0.0765625 0.06875
2 0.46015625 0.12109375 0.0484375 0.0375
1 0.403125 0.22421875 0.0703125 0.0640625
1 0.4296875 0.15703125 0.0796875 0.0671875
1 0.31484375 0.240625 0.065625 0.0671875
1 0.5109375 0.26796875 0.06875 0.0609375
2 0.52421875 0.209375 0.0421875 0.0375
1 0.6421875 0.13359375 0.0875 0.0625
2 0.93125 0.81015625 0.046875 0.0359375
2 0.9859375 0.5875 0.028125 0.034375
2 0.73125 0.74140625 0.0484375 0.0375
1 0.62109375 0.76484375 0.059375 0.0578125
1 0.91328125 0.8640625 0.06875 0.0578125
2 0.59765625 0.353125 0.0421875 0.0359375
1 0.421875 0.4171875 0.06875 0.0625
1 0.4375 0.4921875 0.06875 0.059375
1 0.42265625 0.54375 0.0765625 0.0671875
1 0.76015625 0.6578125 0.065625 0.0578125
1 0.965625 0.646875 0.05625 0.0515625
1 0.86328125 0.4453125 0.0796875 0.0390625
2 0.88359375 0.39921875 0.0515625 0.0265625
1 0.7734375 0.421875 0.08125 0.0359375
1 0.54140625 0.39140625 0.0734375 0.059375
1 0.56171875 0.48671875 0.065625 0.0640625