0 0 0.39356645 0.155272590625 0.4119850234375 0.1720122859375 0.390848021875 0.1750299328125 0.3813770328125 0.168479321875 0.3748422609375 0 0.35075805625 0 0.39356645
1 0 0.48226886562500004 0.0618276375 0.4851069484375 0.0775912375 0.47730015468750003 0.0751055578125 0.4570559140625 0.07325939218750001 0.459043975 0 0.45609487499999996 0 0.48226886562500004
1 0.48828125 0.26484375 0.084375 0.0765625
1 0.54296875 0.1421875 0.078125 0.0609375
1 0.60703125 0.14296875 0.06875 0.0640625
1 0.7504055515625 0 0.73628718125 0.028293871874999998 0.758193284375 0.036465989062499995 0.776495575 0.03656725625 0.795474984375 0 0.7504055515625 0
1 0.7724659843749999 0.0420526078125 0.7586370703124999 0.0358243703125 0.74280228125 0.034539440625 0.7332518625 0.0418769171875 0.7152164875 0.07374129375 0.712376390625 0.0846582984375 0.7317616421875 0.08932361093749999 0.7461938828125 0.0834416671875 0.7724659843749999 0.0420526078125
1 0.71718838125 0.1451286625 0.7272357640625 0.13332671406250002 0.7513421140625 0.091322884375 0.7232051578124999 0.0877321453125 0.7105480640625 0.091047621875 0.6862464953125 0.135717490625 0.6912526859375 0.1424418953125 0.704531284375 0.1484441390625 0.71718838125 0.1451286625
1 0.6867449875 0.2078728984375 0.6930290203125 0.199468665625 0.7082771359375 0.1576718 0.69421749375 0.15382040156250001 0.6795543546875 0.1535658640625 0.6667730625 0.1601257890625 0.6518977125000001 0.2007026296875 0.65757841875 0.2044085796875 0.6739458546875 0.210031559375 0.6867449875 0.2078728984375
1 0.664840240625 0.26780733749999996 0.6702365312499999 0.2521730203125 0.6815084078125 0.22055197187500003 0.668957671875 0.2162217390625 0.6569750921875 0.21651875937499998 0.646164165625 0.21784617499999998 0.6239396625 0.266664465625 0.6328335734375 0.275260025 0.6520944562500001 0.2746564671875 0.664840240625 0.26780733749999996
1 0.8987888671875 0.0324133765625 0.8908003671875001 0.0269358453125 0.8748945593749999 0.025072509375000003 0.8590245984375 0.040525014062499996 0.8401903390625 0.070138971875 0.8547826281249999 0.0783284234375 0.8635343328125 0.0772538484375 0.87857006875 0.0677750421875 0.8987888671875 0.0324133765625
0 0.806906 0.101233615625 0.8235748453125 0.08803152656249999 0.8309240000000001 0.0797900765625 0.8574093296875 0.0486495578125 0.8327871578125 0.039636678125000005 0.8110944515625 0.050226421875 0.7817866921875 0.0881718859375 0.7823548484375 0.092799140625 0.7993436171875 0.0992265234375 0.806906 0.101233615625
1 0.7899892656249999 0.1464645578125 0.8041545921875001 0.10861696875 0.778005840625 0.10419498125 0.7713667109375 0.10970717968749999 0.7554259 0.1330945984375 0.7470651421875 0.15437705 0.7641604421875 0.1616720421875 0.779835353125 0.157398896875 0.7899892656249999 0.1464645578125
1 0.8823697781250001 0.10723312812500001 0.8594519015625 0.10358869374999999 0.8473806328125001 0.1074193671875 0.8333926875 0.138199653125 0.8325764734375 0.157087934375 0.85402095 0.1615004078125 0.8697667109375 0.1492923484375 0.8823697781250001 0.10723312812500001
3 0.8200072203125 0.1143031609375 0.8074211468750001 0.11819704375 0.790344534375 0.1578699125 0.8056823578125 0.16361931406250002 0.820611734375 0.1617862171875 0.83433378125 0.1501202046875 0.8435464312500001 0.118751996875 0.8200072203125 0.1143031609375
2 0.8259196734375 0.166712190625 0.8113097140625 0.1626347984375 0.8026290312500001 0.164287778125 0.7855520796875 0.1869340078125 0.7870434875 0.19908055156249999 0.7963099953125 0.19794276718749998 0.80435150625 0.1910841265625 0.8157304203125 0.1858706453125 0.8259196734375 0.166712190625
2 0.752817715625 0.2012280046875 0.7593681578125 0.19924945624999998 0.765350440625 0.1926436546875 0.7772086515625001 0.18707776250000002 0.7822675140625 0.1644393515625 0.7694860515624999 0.16248595625 0.7491778859375 0.16732799375000001 0.74665754375 0.18936114843750002 0.7475452859375 0.1965912359375 0.752817715625 0.2012280046875
2 0.7854994078125 0.21629682187500002 0.7670197375 0.22326285625 0.7628662875 0.24901929374999998 0.7695055875000001 0.25202041406250003 0.780848990625 0.24651773281249997 0.7941095796875 0.2396053953125 0.8074231812500001 0.22035688125 0.7854994078125 0.21629682187500002
2 0.798459096875 0.2537495140625 0.810672403125 0.25107565468750004 0.8266312234375001 0.2406028171875 0.8343529765625 0.22262802499999998 0.816139375 0.218993103125 0.7970742171875 0.24247058125 0.798459096875 0.2537495140625
2 0.7664524296875 0.2612022 0.7462507921875 0.26691184687499997 0.7479554296875001 0.28930693281250003 0.7542042906249999 0.29764013437500003 0.7644470625 0.291685465625 0.7788082843749999 0.2852251140625 0.7876128296875 0.2633010453125 0.7664524296875 0.2612022
2 0.782394596875 0.305921340625 0.765938471875 0.303832009375 0.746446859375 0.30681240625 0.7423999375 0.333436453125 0.7510984625 0.336184734375 0.763649028125 0.332001646875 0.7782409765625 0.32316445781250003 0.782394596875 0.305921340625
2 0.7417261015625 0.3705081875 0.7462173171875001 0.36878248125 0.7500161796875 0.36567396875 0.7648211875 0.358572 0.7737322609375 0.3375155421875 0.7498913015625 0.3348651375 0.7292813875 0.3415056046875 0.7331162671875 0.36422625468750003 0.7365070203124999 0.3705618828125 0.7417261015625 0.3705081875
3 0.6994926359375 0.2946702875 0.6904398640625 0.33159657187499997 0.72063604375 0.33493446875 0.7356184296875 0.3207651984375 0.744280765625 0.289170996875 0.716072790625 0.28500185 0.6994926359375 0.2946702875
1 0.7065752140625 0.2714898328125 0.7136051203125 0.27767219062500004 0.7400732890625 0.27618369062500003 0.7570788828125 0.2359324140625 0.7587828390625 0.22427422031250002 0.7319240640625 0.22258148437499997 0.7065752140625 0.2714898328125
1 0.7309146640625 0.3462956421875 0.7056534859375 0.340590421875 0.6959255203125 0.34648188125 0.6764520859375 0.37089017812499997 0.665552809375 0.392777884375 0.6808906328125001 0.3985272875 0.697879234375 0.3964413484375 0.7309146640625 0.3462956421875
2 0.00899850625 0.5230048421875 0.02156708125 0.5317363375 0.0769710890625 0.5360889921875 0.0845866515625 0.5342732265625 0.0867342265625 0.5134600953125 0.031383565625 0.51379790625 0.00899850625 0.5230048421875
3 0.1375763390625 0.5359866906249999 0.1405589859375 0.5517664578125 0.2312538875 0.5541344421875001 0.237236171875 0.5475286421875001 0.23757309062499998 0.5289927750000001 0.15158246250000001 0.526634303125 0.1375763390625 0.5359866906249999
1 0.023096540625000002 0.67187188125 0.017419470312499997 0.6724515125 0.0241897109375 0.727590696875 0.0283168078125 0.7314114234375 0.0390390484375 0.733617659375 0.07022899218749999 0.7195132953125001 0.023096540625000002 0.67187188125
2 0.210578209375 0.8241094171875 0.20038844843749998 0.8177279125 0.1832224671875 0.826881153125 0.1720926296875 0.8596590171875 0.2176086265625 0.8558317359375 0.210578209375 0.8241094171875
2 0.2049144953125 0.78223813125 0.19012766718750002 0.810768 0.19948303437499998 0.814609884375 0.2270518359375 0.8135733703125 0.23580303125 0.7869588375000001 0.223429675 0.7755613 0.2049144953125 0.78223813125
2 0.235395940625 0.8474828953125 0.18553110781249998 0.871219334375 0.2063544203125 0.8833407281250001 0.218638746875 0.881245275 0.2533966546875 0.8578959140625001 0.2497039828125 0.8448453984375 0.24512390625 0.8415914359375 0.235395940625 0.8474828953125
1 0.24753670312499998 0.76761075 0.22703416562499998 0.817685428125 0.22337768281249998 0.8389773937499999 0.27182280468750003 0.8377260968750001 0.291490609375 0.768085159375 0.28174463437499997 0.7610620375 0.24902777187499997 0.7627306546875 0.24753670312499998 0.76761075
1 0.320888921875 0.820252559375 0.34861743125 0.8162608 0.3597112515625 0.7576537734375 0.3395094453125 0.7548501 0.32136703125 0.7603069062500001 0.3016102 0.81645485625 0.320888921875 0.820252559375
1 0.3762750921875 0.8202039531249999 0.4047314671875 0.8178842015625 0.41596783281249994 0.78597395 0.4166773484375 0.7577047390625 0.381936771875 0.7599154015625 0.3662628796875 0.8152684656250001 0.3762750921875 0.8202039531249999
0 0.5350255015625 0.5426695640625 0.3362566609375 0.5453516125 0.30863468125 0.5502109828124999 0.30373535625 0.5613808296875 0.306895553125 0.5786066140624999 0.520345203125 0.57206704375 0.5342626359375 0.5662483109374999 0.5350255015625 0.5426695640625
0 0.8906836296874999 0.4047663640625 0.8905064203125 0.4203469859375 0.8914473421875 0.4237542171875 0.9948712656250001 0.4276485046875 0.9909996765625 0.39611693125 0.9060566218749999 0.39377832968750004 0.8756830624999999 0.39750773437500003 0.8740854656250001 0.4015202203125 0.8906836296874999 0.4047663640625
0 0.7005958109375 0.42282207187500004 0.7032943796875 0.4362882109375 0.8715121140625 0.43588955 0.8828555171874999 0.43038686718749997 0.8913406437500001 0.41437328593749995 0.8883403265625001 0.40270557656249995 0.7335785734375 0.402039178125 0.7076785578125 0.40815493593749996 0.7005958109375 0.42282207187500004
2 0.8524495 0.5870668234374999 0.8988353984374999 0.5860683671875 0.902207971875 0.5709760921875 0.8641299921875 0.5715415921875 0.8510291125 0.5754986859375 0.8412477953125 0.5766996796875 0.842739034375 0.5803329046875 0.8519168546874999 0.582728771875 0.8524495 0.5870668234374999
2 0.714196371875 0.550613621875 0.7499844 0.5526778 0.7552741609375 0.536175871875 0.7191133640625 0.5353317171875001 0.708657534375 0.539551165625 0.69520155625 0.5406162250000001 0.69628451875 0.5451802703124999 0.7079653484375 0.5466816796875 0.714196371875 0.550613621875
2 0.6856693171875 0.5693816046875 0.7241734140625 0.5722865453125 0.7347712843750001 0.569223909375 0.73661728125 0.558722528125 0.7326585421875 0.5562729656250001 0.7022316328125 0.5553119046874999 0.687373275 0.5577234078125 0.6737575875 0.5617437125 0.6821543640625001 0.5662904234374999 0.6856693171875 0.5693816046875
1 0.7331009703125 0.48752479062500004 0.6741638296875 0.4586530546875 0.6603350859375 0.4609381390625 0.6434531828125001 0.47240500625 0.6444829640624999 0.4807919046875 0.710041565625 0.5082635015625 0.73159223125 0.4965169453125 0.7331009703125 0.48752479062500004
3 0.660211903125 0.5152625046875 0.6570160281249999 0.4892341953125 0.6520631859375 0.4872002578125 0.5655224125 0.49312911406250004 0.5151779453125 0.5001913265625 0.51418418125 0.517633590625 0.518853115625 0.525867221875 0.53877084375 0.5263572671875 0.660211903125 0.5152625046875
2 0.5725886765625 0.5421672734375 0.5719138218750001 0.5281590890625 0.524267584375 0.5316608046875 0.506071990625 0.5409404656250001 0.537226765625 0.5435735375 0.5725886765625 0.5421672734375
1 0.72105449375 0.8448028359374999 0.747789240625 0.858253340625 0.7725529421874999 0.8428830734374999 0.8024645375 0.8183673859375 0.8073638609374999 0.8071975390624999 0.787925259375 0.7978417609374999 0.72105449375 0.8448028359374999
1 0.7739911703125 0.8588524718749999 0.715605871875 0.9068266078124999 0.7219612640624999 0.9160274218750001 0.7478437765625 0.92253704375 0.769820390625 0.9057476078125 0.8047735156250001 0.8797322078124999 0.8044892703125001 0.8689052593750001 0.7739911703125 0.8588524718749999
1 0.3149436734375 0.9037674421874999 0.33356436562499997 0.846878303125 0.3303866703125 0.842277896875 0.3194513734375 0.8383364406249999 0.2922376703125 0.8422649890624999 0.2733685796875 0.9056430234375 0.28467664375 0.9083644578125 0.30431029375 0.9065408749999999 0.3149436734375 0.9037674421874999
2 0.16030747343750001 0.9679631546874999 0.16691109375 0.962161753125 0.16953779687499998 0.9324828875 0.1542886625 0.923199834375 0.1378150375 0.93373588125 0.1260461953125 0.969821403125 0.16030747343750001 0.9679631546874999
3 0.2394992625 0.9787890687499999 0.285689434375 0.9549166937500001 0.245640240625 0.918148103125 0.20970966406249997 0.8893871515624999 0.210508546875 0.89163756875 0.1880169578125 0.8999768953125 0.16815274687499998 0.9126906343750001 0.180011296875 0.9241513796874999 0.20406565312499997 0.9455636453125 0.2394992625 0.9787890687499999