2 0.3 0.1921875 0.0546875 0.05
2 0.05546875 0.45546875 0.084375 0.034375
2 0.08984375 0.07421875 0.065625 0.0484375
1 0.34375 0.4921875 0.084375 0.08125
1 0.44921875 0.27578125 0.0828125 0.078125
1 0.51953125 0.11328125 0.0734375 0.0640625
1 0.596875 0.275 0.0671875 0.071875
1 0.69921875 0.046875 0.078125 0.0578125
1 0.6875 0.10234375 0.0703125 0.0734375
1 0.73515625 0.15234375 0.065625 0.0640625
1 0.77265625 0.25859375 0.0609375 0.071875
1 0.79375 0.478125 0.1078125 0.05625
1 0.8109375 0.5140625 0.10625 0.0578125
1 0.9015625 0.14453125 0.078125 0.0703125
3 0.653125 0.1984375 0.0921875 0.1234375
0 0.715625 0.2453125 0.09375 0.1421875
0 0.7640625 0.07734375 0.0890625 0.10625
2 0.25703125 0.63671875 0.053125 0.05625
2 0.31640625 0.671875 0.05625 0.0578125
2 0.3640625 0.75 0.0453125 0.0453125
2 0.2671875 0.8796875 0.0484375 0.0515625
1 0.28515625 0.77578125 0.06875 0.08125
1 0.51640625 0.65859375 0.1046875 0.0765625
1 0.4375 0.7109375 0.0890625 0.075
1 0.39375 0.69921875 0.0921875 0.075
1 0.42734375 0.78125 0.0640625 0.075
1 0.4046875 0.8859375 0.078125 0.0765625
1 0.25390625 0.95078125 0.0609375 0.0515625
1 0.38671875 0.96953125 0.0765625 0.0484375
3 0.3515625 0.8234375 0.0875 0.096875
3 0.9328125 0.61640625 0.090625 0.0421875
1 0.9515625 0.6390625 0.0734375 0.0359375
1 0.96015625 0.5859375 0.0703125 0.0453125
1 0.97421875 0.66640625 0.021875 0.0265625
1 0.925 0.91953125 0.0609375 0.0703125
1 0.81015625 0.9765625 0.0734375 0.046875