0 0.322302590625 0.3205609859375 0.2305917640625 0.3065995140625 0.2125904125 0.302056090625 0.20707574218749997 0.30682361875 0.20303956250000002 0.32028677031249997 0.1993789375 0.343399046875 0.20019028125 0.35029671093750003 0.2075769421875 0.3717741265625 0.32458284375 0.39030604062499996 0.3314830625 0.372783734375 0.335753790625 0.3458194109375 0.3306781046875 0.329784890625 0.322302590625 0.3205609859375
3 0.119646696875 0.36319392968750003 0.11397228906250001 0.3737771671875 0.1149742453125 0.381043753125 0.11619174843749999 0.3888912390625 0.1167800078125 0.4026534296875 0.1254807796875 0.40403149687499995 0.1307588890625 0.40760127187500006 0.1351077265625 0.4170382328125 0.21489431250000002 0.43951688125 0.2214135109375 0.42359983593750006 0.2283290125 0.3935297765625 0.226418278125 0.3822919296875 0.216293153125 0.37631418125 0.198582884375 0.369681825 0.1956844953125 0.37633065625 0.1761187796875 0.36393681718750004 0.17085806718750002 0.36802445 0.15948624843749998 0.360208959375 0.142608978125 0.36190995 0.132306196875 0.3531702578125 0.12533850468750002 0.3602680984375 0.119646696875 0.36319392968750003
3 0.5560948671875 0.738685875 0.5286799921875 0.8289561421875 0.5508544796875 0.8451276359375001 0.5764412890624999 0.7545678328125 0.5749576359375 0.745004865625 0.570091115625 0.74023638125 0.5633503578125 0.7378361796874999 0.5560948671875 0.738685875
3 0.6622596671875 0.06421844843749999 0.6577284515625 0.0905900421875 0.657328403125 0.1535249765625 0.664101278125 0.1577476109375 0.67194486875 0.155210015625 0.6771639046875 0.14910681875 0.67924163125 0.1292764421875 0.6802923 0.113693278125 0.681752365625 0.10447478437499999 0.682947596875 0.06560514375 0.6622596671875 0.06421844843749999
2 0.87109375 0.86171875 0.0453125 0.0375
2 0.46015625 0.2609375 0.03125 0.0640625
2 0.51171875 0.2265625 0.03125 0.0625
2 0.4921875 0.0421875 0.025 0.0578125
2 0.5234375 0.028125 0.028125 0.05625
2 0.325 0.45546875 0.0390625 0.0390625
2 0.328125 0.3046875 0.0390625 0.0375
1 0.26015625 0.46015625 0.0625 0.0546875
1 0.46328125 0.853125 0.05 0.128125
1 0.49453125 0.56328125 0.0484375 0.1125
1 0.57109375 0.57578125 0.0515625 0.1140625
1 0.53671875 0.38125 0.04375 0.103125
1 0.4640625 0.37109375 0.046875 0.1015625
1 0.0578125 0.8859375 0.0578125 0.1046875
1 0.03359375 0.78984375 0.0453125 0.1125
1 0.1265625 0.89296875 0.071875 0.1140625
1 0.93828125 0.846875 0.03125 0.046875
1 0.9484375 0.79375 0.0296875 0.059375
1 0.903125 0.51015625 0.065625 0.0515625
1 0.7578125 0.50390625 0.0671875 0.0734375
1 0.99375 0.20546875 0.0125 0.1171875
1 0.55625 0.040625 0.034375 0.078125
1 0.640625 0.06328125 0.04375 0.096875
1 0.696875 0.0734375 0.0390625 0.0984375