0 0.34991990156249997 0.6790269765625 0.3566315296875 0.6768575609374999 0.3853084875 0.506016109375 0.3828678953125 0.5000502171875 0.37951208125 0.49462667812500005 0.3755461203125 0.4908302015625 0.367004046875 0.48649137187499997 0.36212286250000003 0.4854066640625 0.3569366046875 0.4854066640625 0.3538858640625 0.49191491093749995 0.3468691609375 0.5298796765625 0.3249038328125 0.6557057625 0.3310053125 0.671434021875 0.34046260781250004 0.675772853125 0.34991990156249997 0.6790269765625
0 0.39599701718749997 0.3487954328125 0.4024808984375 0.3458069765625 0.422893115625 0.209191875 0.422412828125 0.20065343125 0.419531103125 0.1899803765625 0.413767653125 0.186991921875 0.40680348593750004 0.184003465625 0.4022407546875 0.1827226984375 0.39719773593749996 0.1827226984375 0.3933554359375 0.201080353125 0.37534465625 0.3172031890625 0.37870666875 0.3411108328125 0.3871117 0.3449531328125 0.39599701718749997 0.3487954328125
0 0.5746760578125001 0 0.5707466484375 0.013098029687500002 0.5513451921875 0.12137507656249999 0.548152546875 0.17015213906249999 0.5565025421875001 0.1767011546875 0.5653437125 0.1806305625 0.57393929375 0.17757435625 0.5962878078125 0.0369888359375 0.597024571875 0.019524796875 0.597024571875 0.0068633671874999995 0.5933407500000001 0.0033705593749999998 0.5852363453125 0 0.5746760578125001 0
3 0.2640625 0.2609375 0.04375 0.05703125
3 0.54609375 0.07890625 0.02421875 0.0640625
3 0.559375 0.48203125 0.05390625 0.0640625
2 0.20546875 0.16875 0.0296875 0.03984375
2 0.2125 0.20703125 0.03125 0.0390625
2 0.31015625 0.23828125 0.02890625 0.0390625
2 0.35078125 0.26171875 0.0296875 0.0375
2 0.43984375 0.21875 0.0171875 0.05
2 0.4375 0.14140625 0.01640625 0.04921875
2 0.5390625 0.13515625 0.01640625 0.053125
2 0.7921875 0.44296875 0.03046875 0.03359375
2 0.828125 0.5171875 0.03125 0.0359375
2 0.90625 0.9078125 0.03984375 0.0453125
1 0.0734375 0.23359375 0.04921875 0.059375
1 0.35390625 0.3046875 0.04609375 0.059375
1 0.49765625 0.13125 0.028125 0.0796875
1 0.74765625 0.77109375 0.06796875 0.0671875
1 0.6921875 0.675 0.05546875 0.05390625
1 0.78203125 0.71953125 0.059375 0.059375
1 0.69921875 0.621875 0.05546875 0.0546875
1 0.82890625 0.30625 0.05078125 0.08046875
1 0.5109375 0.05078125 0.0265625 0.07265625
1 0.9671875 0.609375 0.053125 0.06796875