2 0.17578125 0.00546875 0.0421875 0.0109375
1 0.16015625 0.13984375 0.06875 0.0796875
1 0.2671875 0.153125 0.0671875 0.071875
2 0.340625 0.12890625 0.040625 0.0484375
2 0.3515625 0.17734375 0.04375 0.059375
2 0.38828125 0.19296875 0.0421875 0.053125
2 0.41953125 0.22265625 0.040625 0.053125
3 0.34453125 0.2140625 0.0609375 0.071875
1 0.409375 0.271875 0.065625 0.0796875
1 0.60859375 0.1140625 0.0453125 0.0828125
3 0.664599253125 0.11181356093749999 0.6614480546875 0.10049069687500001 0.6477080015625 0.09680905937499999 0.6254489703125 0.146904765625 0.6247657906249999 0.1582480625 0.6359658453125 0.167012284375 0.6427203265625 0.1593914890625 0.664599253125 0.11181356093749999
2 0.6227882328125001 0.164529203125 0.6080438921875 0.2019685609375 0.6062075578125 0.219813896875 0.619243946875 0.2107327828125 0.631669140625 0.18524621875 0.6346817109375 0.1740031546875 0.6227882328125001 0.164529203125
0 0.56653825625 0.3469768671875 0.5845030343750001 0.3601733171875 0.5904459515625 0.3533829140625 0.6576673421875 0.20583447187499998 0.6648713140625 0.17894888281250002 0.6424968796875 0.16352301875 0.6395254218749999 0.1669182203125 0.5770707093749999 0.30107398750000003 0.5641061578125 0.338466309375 0.56653825625 0.3469768671875
0 0.5326227484375 0.1042185984375 0.5126418968750001 0.09414941875 0.507654365625 0.10067189218749999 0.456273921875 0.2220772421875 0.4507444328125 0.25150720625 0.47280555 0.2637055671875 0.5306939484375001 0.12570663437500001 0.5326227484375 0.1042185984375
0 0.4496939859375 0.266419571875 0.381845959375 0.40751300468749996 0.380374296875 0.432791009375 0.40437186093750005 0.446556090625 0.47667325 0.2888424734375 0.46876056562499996 0.26890882031249996 0.4496939859375 0.266419571875
1 0.4837613890625 0.36461518593750003 0.5180885875000001 0.30465500625 0.5161418984374999 0.2910352625 0.50999356875 0.28100501875 0.50316205625 0.282318071875 0.469045465625 0.337095434375 0.4647230828125 0.3532267859375 0.4744823453125 0.3673681265625 0.4837613890625 0.36461518593750003
1 0.6896508796874999 0.7053223390625 0.6983598375 0.6783160859375 0.684817553125 0.668400340625 0.6669452406249999 0.6515611890625 0.6512687390624999 0.6463128328125001 0.642693359375 0.6618285234375 0.6390772359375 0.6797208921875 0.6835769828125 0.712601571875 0.6896508796874999 0.7053223390625
1 0.620822078125 0.732461209375 0.6287245218749999 0.740341840625 0.6638168375 0.765462553125 0.669877896875 0.7571320312500001 0.6779987375000001 0.7268246406250001 0.6386149078125001 0.6979343953125 0.6306713546875 0.697901625 0.624112046875 0.7102900437499999 0.6203932156249999 0.719772090625 0.620822078125 0.732461209375
1 0.618433546875 0.7611610140625 0.6095448484375 0.7734492000000001 0.6049605031249999 0.7905582109375 0.6050477765625 0.8089189765624999 0.6574242875 0.8475777046875 0.6726411984375 0.803977871875 0.618433546875 0.7611610140625
1 0.69284809375 0.7989137890625 0.745198928125 0.8354699374999999 0.7564093703125 0.8002272265625001 0.747199709375 0.7862331515625 0.7096213453125 0.759398453125 0.7001573703124999 0.7694367921875 0.69284809375 0.7989137890625
2 0.88366349375 1 0.8941272515625001 0.9609487250000001 0.8918577453125 0.957547228125 0.8656052265625 0.9609913921875 0.8657181765624999 0.9814547375 0.875502571875 1 0.88366349375 1
3 0.8832291328125 0.699559703125 0.8537664156250001 0.6644210828125 0.8419447765625 0.68325834375 0.83381369375 0.7015127078125001 0.8735981125000001 0.7519912265625 0.8813336546875 0.7462050812500001 0.8914166187499999 0.719566990625 0.8911957671874999 0.7126967875 0.8832291328125 0.699559703125
1 0.8873417671875 0.352251428125 0.877839275 0.35913589687499997 0.859959171875 0.3753019453125 0.8812085828124999 0.44439065624999996 0.8929351609375 0.44019783125 0.906274625 0.42229119531250003 0.901320559375 0.3979110515625 0.8873417671875 0.352251428125