0 0.3674599859375 0.8590238843750001 0.33209400312500004 0.9851065078125 0.364274296875 0.98848879375 0.38417235 0.9203047906249999 0.3928593640625 0.8733758187499999 0.3815421046875 0.8649543953125001 0.3674599859375 0.8590238843750001
0 0.24443593125000002 0.605740409375 0.3363497609375 0.663906809375 0.3412500265625 0.6590779812500001 0.35242615312500003 0.61873490625 0.3540800125 0.607398865625 0.2602063328125 0.5436826109374999 0.254376378125 0.546358390625 0.2493097546875 0.565968134375 0.243247559375 0.59944950625 0.24443593125000002 0.605740409375
0 0.28515299843749997 0.2819013171875 0.387408415625 0.35055820937500004 0.3945475484375 0.3486275703125 0.4007692828125 0.3353403453125 0.40644721875 0.31288059375 0.408771746875 0.296502765625 0.4070182359375 0.2931012734375 0.303550125 0.22163592968749998 0.2970662765625 0.23167841562499997 0.29350948125 0.2425647453125 0.28515299843749997 0.2819013171875
0 0.7485934140625 0.1764553953125 0.731287721875 0.16532938125000002 0.7270439546875 0.1676207296875 0.6693226625 0.3564558375 0.6687735140625 0.364610278125 0.6895062000000001 0.3782863890625 0.6955972734375 0.37892658749999997 0.7007547 0.3767312703125 0.703321896875 0.369883890625 0.7569762578125 0.1992355515625 0.7563441171874999 0.1876720921875 0.7485934140625 0.1764553953125
0 0.7267748125 0.16026371718750002 0.7370386437499999 0.1675344140625 0.742492403125 0.1681076265625 0.749308884375 0.16676009375 0.7520343281249999 0.1629185984375 0.7567850171875 0.153614034375 0.804766990625 0.0292781609375 0.7605260234375 0.0246282484375 0.7202715625 0.1337805109375 0.718426075 0.1402944609375 0.7190030265625 0.148611 0.7267748125 0.16026371718750002
3 0.7765625 0.8890625 0.09375 0.1015625
3 0.38671875 0.96015625 0.03125 0.0625
3 0.55546875 0.42734375 0.0625 0.0640625
3 0.40625 0.609375 0.046875 0.065625
2 0.928125 0.6703125 0.0390625 0.05
2 0.9140625 0.7203125 0.0390625 0.05
2 0.7125 0.46875 0.0359375 0.053125
2 0.703125 0.503125 0.0390625 0.046875
2 0.7015625 0.1578125 0.03125 0.0703125
2 0.73515625 0.05625 0.0359375 0.071875
2 0.66953125 0.065625 0.0359375 0.071875
2 0.6546875 0.16796875 0.03125 0.0671875
2 0.5125 0.359375 0.0390625 0.0484375
2 0.22734375 0.28203125 0.0421875 0.046875
2 0.04921875 0.11015625 0.0265625 0.0515625
2 0.39921875 0.9046875 0.025 0.0578125
1 0.94296875 0.77265625 0.05625 0.0671875
1 0.9625 0.71953125 0.040625 0.0578125
1 0.8828125 0.76171875 0.0609375 0.0703125
1 0.8171875 0.709375 0.0625 0.0703125
1 0.85703125 0.67265625 0.065625 0.078125
1 0.7796875 0.63828125 0.059375 0.0703125
1 0.6390625 0.57734375 0.065625 0.065625
1 0.54765625 0.54375 0.065625 0.071875
1 0.4671875 0.59375 0.05625 0.059375
1 0.4015625 0.55390625 0.0609375 0.0671875
1 0.45078125 0.4265625 0.0625 0.065625
1 0.30546875 0.35390625 0.0640625 0.0640625
3 0.6203125 0.68046875 0.0515625 0.0640625
1 0.44296875 0.9140625 0.040625 0.0875
1 0.2484375 0.89609375 0.0453125 0.0859375
1 0.115625 0.6875 0.059375 0.0890625
1 0.140625 0.8125 0.0515625 0.053125
1 0.13203125 0.21171875 0.0703125 0.078125
1 0.4828125 0.50234375 0.0625 0.065625
1 0.5328125 0.640625 0.0578125 0.059375
1 0.80703125 0.59609375 0.059375 0.0640625