0 0.5764138953125 0 0.5567600875000001 0.10847076250000001 0.553240003125 0.15331925156249998 0.564680278125 0.1600986734375 0.578467278125 0.1642706265625 0.6028145312500001 0.02138125625 0.602521190625 0 0.5764138953125 0
0 0.7205003249999999 0.3953647984375 0.7187662687499999 0.3895846125 0.62686129375 0.34411380625 0.622742909375 0.34912330156250004 0.6162402 0.38804322812500003 0.6158066859375 0.3988329109375 0.7100959875 0.4493132125 0.71529815625 0.446230446875 0.7181159984375001 0.4273485015625 0.7205003249999999 0.3953647984375
0 0.7125032796874999 0.697172521875 0.6098688796875 0.6428865578125 0.6033658734375 0.645399796875 0.5988420421875 0.6584686390625001 0.595731909375 0.680082496875 0.5951664296875 0.6956645781249999 0.59714560625 0.6986804640625001 0.7011937046875001 0.7554796687499999 0.7062830140624999 0.7454267125 0.708544928125 0.7348711078125 0.7125032796874999 0.697172521875
0 0.30571929375 0.8504070828125 0.309472221875 0.847840978125 0.34498069375 0.6651343265625 0.3446920078125 0.6574360125 0.323906559375 0.6466583734375 0.318132825 0.6466583734375 0.3135138359375 0.6492244781250001 0.311781715625 0.65589635 0.27829405 0.8211534890625 0.2800261703125 0.831931128125 0.2883980875 0.8416823265625 0.30571929375 0.8504070828125
0 0.2884105921875 1 0.3191562484375 0.8788965109375001 0.320244590625 0.8726083140625001 0.31888416406250003 0.86486899375 0.3104495140625 0.8547111375 0.3001102671875 0.848906646875 0.2949406421875 0.848906646875 0.2886826765625 0.8508414765625 0.28650599374999997 0.8547111375 0.2829688828125 0.8639015796875 0.24623734531250002 1 0.2884105921875 1
3 0.1921875 0.1765625 0.08046875 0.0875
3 0.5515625 0.06796875 0.02421875 0.0640625
3 0.44453125 0.5875 0.05234375 0.0546875
3 0.5671875 0.40234375 0.0390625 0.0578125
2 0.07109375 0.39609375 0.0328125 0.0453125
2 0.0796875 0.3484375 0.0328125 0.0453125
2 0.29296875 0.56328125 0.03046875 0.04765625
2 0.29921875 0.53046875 0.03203125 0.03984375
2 0.33359375 0.8546875 0.021875 0.06484375
2 0.31328125 0.95625 0.02578125 0.0703125
2 0.3734375 0.93828125 0.02578125 0.0640625
2 0.37734375 0.83984375 0.0234375 0.06171875
2 0.49140625 0.646875 0.0328125 0.04296875
2 0.76640625 0.69140625 0.034375 0.0421875
2 0.9609375 0.83515625 0.03984375 0.04765625
2 0.54453125 0.12421875 0.01640625 0.05390625
1 0.04765625 0.3015625 0.046875 0.059375
1 0.02578125 0.35390625 0.05078125 0.05234375
1 0.10546875 0.30625 0.0515625 0.06171875
1 0.17109375 0.3484375 0.05234375 0.06015625
1 0.1375 0.38671875 0.0546875 0.0671875
1 0.21328125 0.41171875 0.05 0.06171875
1 0.35234375 0.45546875 0.05625 0.05546875
1 0.44140625 0.47734375 0.05546875 0.06171875
1 0.5109375 0.42265625 0.0484375 0.0515625
1 0.5765625 0.45390625 0.0515625 0.05859375
1 0.54296875 0.578125 0.05390625 0.05546875
1 0.6859375 0.63203125 0.0546875 0.0546875
3 0.359375 0.35625 0.0421875 0.05546875
1 0.50234375 0.11953125 0.02890625 0.078125
1 0.68671875 0.1171875 0.03515625 0.078125
1 0.83125 0.30078125 0.0484375 0.08046875
1 0.79609375 0.1859375 0.04296875 0.04609375
1 0.8625 0.7484375 0.05859375 0.0671875
1 0.50546875 0.51015625 0.053125 0.05546875
1 0.44453125 0.38515625 0.05078125 0.0515625
1 0.1921875 0.4546875 0.05078125 0.0546875