0 0.7019483375 0.5191778765625 0.7113600828125 0.5143854203125 0.7049298734375 0.39986138437499996 0.6821167984375001 0.3984795203125 0.657454921875 0.399978034375 0.64738549375 0.4033579171875 0.648198484375 0.4136681125 0.6563905250000001 0.5203291046875 0.7019483375 0.5191778765625
0 0.2818300484375 0.09609100781249999 0.2985757046875 0.1125313359375 0.321971915625 0.11105491249999999 0.342780878125 0.10641953281250001 0.33673583281249997 0.0139615953125 0.32063080624999996 0.0030547375000000002 0.29676746875000004 0.0034712734374999997 0.29414339375 0.0036686375 0.27964412968749996 0.0071258421875 0.27910448125 0.0124754609375 0.2818300484375 0.09609100781249999
0 0.32584137968750004 0.29647029375 0.3385726015625 0.3005202296875 0.3575576109375 0.30018884375 0.379011834375 0.2962542265625 0.3707576703125 0.1860341859375 0.353478578125 0.17529938125 0.3376328875 0.1741519140625 0.3142615265625 0.17705195625 0.30928582968749996 0.18212299375000002 0.3112899390625 0.1881402375 0.3148595625 0.283845503125 0.32584137968750004 0.29647029375
3 0.441235103125 0.241122559375 0.4340976203125 0.16751658281249998 0.423468353125 0.16210649375 0.42212011875 0.1519262453125 0.41381398125 0.14548814375000002 0.40329384218750003 0.14633008125 0.3979648484375 0.142802403125 0.389721890625 0.13998389375 0.378111984375 0.145453015625 0.377016471875 0.14975114375 0.3706723765625 0.1551283484375 0.3772806796875 0.164887628125 0.37465389843749997 0.18204950312499998 0.38073454687499997 0.19510953749999999 0.3840333359375 0.2164469859375 0.378813471875 0.2191713328125 0.3791178859375 0.23661119687499998 0.38687913906250004 0.2453628890625 0.394519775 0.247204446875 0.42083735312500004 0.24608676406250002 0.441235103125 0.241122559375
3 0.086922840625 0.5906276921875 0.1021347765625 0.5916281453125001 0.119034471875 0.5925991374999999 0.1268665078125 0.589930471875 0.13012605 0.5832271921875 0.12774315625 0.5756729171875 0.0668180953125 0.5672415328125 0.048831884375 0.5685049671875 0.043189446874999995 0.567653971875 0.040724446875 0.587636153125 0.07906319218749999 0.591714365625 0.086922840625 0.5906276921875
3 0.672222640625 0.818098625 0.6783172078125 0.8126118390625001 0.6780513828125 0.7651423015625001 0.6701033703125 0.7611666046875001 0.650964371875 0.7608676875 0.64259184375 0.764811765625 0.6401157953125 0.7841611515625 0.6362494843750001 0.788343065625 0.6339335968750001 0.816867996875 0.672222640625 0.818098625
1 0.21814715625 0.4909270015625 0.20754585468750003 0.49344025937499997 0.1982894953125 0.5052428890625 0.2036917140625 0.509805015625 0.2679321421875 0.5309680078125 0.279762309375 0.5310941140625001 0.2943164171875 0.5178686046875 0.2924499015625 0.5125795578125001 0.2240593390625 0.4908238046875 0.21814715625 0.4909270015625
1 0.2929707015625 0.474653875 0.283650503125 0.482799 0.285569253125 0.49108055000000006 0.3391793578125 0.5130942984375 0.3515949421875 0.5128775828125 0.3580403046875 0.5094390640625 0.36675767812500004 0.5006392578125001 0.3637203328125 0.49603585156249996 0.3101160328125 0.474354603125 0.2929707015625 0.474653875
2 0.2726410078125 0.14231595156250001 0.2708433875 0.16483145625 0.2736399609375 0.16817066249999998 0.2819275625 0.1723380265625 0.2836506515625 0.176927975 0.2935162296875 0.1773717765625 0.29615693906249996 0.17178165 0.3037411875 0.167029240625 0.3072135265625 0.14633251249999998 0.2912449359375 0.141375215625 0.2726410078125 0.14231595156250001
2 0.25885843125 0.1998448546875 0.2616765015625 0.2044156921875 0.27158507656249997 0.2073227546875 0.2733081671875 0.21191270312500002 0.280967659375 0.2114710046875 0.280892415625 0.20716029374999997 0.287430053125 0.20519816875000002 0.2900277671875 0.197144778125 0.296871040625 0.1813172390625 0.28201892968750003 0.1775724625 0.2617617796875 0.17792605156250002 0.25885843125 0.1998448546875
2 0.238258025 0.211908503125 0.24704474687500003 0.2132951375 0.2493099515625 0.2175676234375 0.256421953125 0.21713548125 0.2568834515625 0.2121993984375 0.261730246875 0.20749477187499998 0.257489346875 0.18416066250000002 0.24761839531250002 0.18340895625 0.2312151796875 0.18492728125 0.22854759531250002 0.1889778671875 0.2321442625 0.2067791890625 0.238258025 0.211908503125
2 0.2921378234375 0.29793295937500003 0.301775228125 0.2989038 0.30234601250000004 0.3025957796875 0.3099387984375 0.30246324687500004 0.30935310625 0.29791723124999997 0.313342965625 0.2944304078125 0.31089088125000003 0.26998342656249996 0.2987473921875 0.27048015625 0.2860877796875 0.270416365625 0.28364629531249996 0.27558475 0.28543815 0.2912155453125 0.2921378234375 0.29793295937500003
2 0.7474161203125 0.2444236578125 0.7701845406250001 0.24345670312499998 0.7766804796875 0.2385023140625 0.7706503125 0.21212443125 0.7645413015625 0.2102377109375 0.7533952765625 0.209862734375 0.746333521875 0.21140982187500001 0.7428548187499999 0.2151724875 0.7427908796875 0.24051768281250002 0.7474161203125 0.2444236578125
2 0.948438784375 0.128717409375 0.951555403125 0.1332192484375 0.9726071624999999 0.149937684375 0.9792621125000001 0.1540929953125 0.986820115625 0.151967715625 0.9939381796875001 0.148355140625 0.99359038125 0.1284297875 0.9735691828125 0.11802721875 0.9659515515624999 0.11673636093749999 0.9554110937500001 0.12204611406250002 0.948438784375 0.128717409375
2 1 0.5056540828125 0.99650519375 0.503768125 0.9509633859375001 0.505417353125 0.9424228265625001 0.509268375 0.9348449484374999 0.5102549421875 0.9333760812499999 0.5131282296874999 0.9410235265625 0.5161271578125 0.94259674375 0.5192321125 0.9502193453125001 0.520807646875 0.997845525 0.5225392140625 1 0.521165065625 1 0.5056540828125
1 0.3620735640625 0.8525733843750001 0.3494139515625 0.8525095953124999 0.331216109375 0.8542510640625001 0.32524126249999996 0.8600506546875 0.3213160046875 0.86723829375 0.33517747343750004 0.9071481968749999 0.3448894140625 0.9123892078125 0.3626059140625 0.9120799640625 0.37977647812500004 0.9095021328125 0.3831756734375 0.901184615625 0.3656914 0.856781709375 0.3620735640625 0.8525733843750001
1 0.13794524218749998 0.9789344828125 0.1537512890625 0.98520818125 0.1694629234375 0.9860729921875 0.1960664984375 0.9437481796875 0.1934411578125 0.938383471875 0.17662770781249998 0.9324121218749999 0.1664940546875 0.9320194765625001 0.1599732703125 0.9355504765625 0.1388632015625 0.973507925 0.13794524218749998 0.9789344828125
1 0.00135960625 0.5510387734375 0.0054836265625 0.5552382625 0.0754515484375 0.5605665625 0.0865627875 0.5589487906249999 0.09103895468749999 0.55431441875 0.091897284375 0.5454717234375 0.081182909375 0.5408177390625 0.0178103109375 0.5362286125 0.00720525625 0.53783755 0.0012403484374999998 0.544206496875 0.00135960625 0.5510387734375
1 0.00844255625 0.608722421875 0.0783906015625 0.6129120078125 0.0925339859375 0.61095654375 0.09594809062500001 0.6034930640625 0.0922606859375 0.5952992453125 0.08209225 0.59291385 0.021275426562499998 0.5897039375 0.0121690515625 0.5901476546875 0.0061494828125 0.5933851421874999 0.0022838531249999997 0.60398891875 0.00844255625 0.608722421875
1 0.272425734375 0.27093960156249997 0.2835966046875 0.27273796875 0.2972387734375 0.27107601875 0.30469739375 0.263257175 0.2983193921875 0.21695181875 0.287148521875 0.21515345312499998 0.2699332390625 0.21516918125 0.2618889265625 0.218442009375 0.26199327656250004 0.2244202515625 0.264197565625 0.2636793375 0.272425734375 0.27093960156249997
1 0.573801578125 0.3545494828125 0.5964484984375 0.3534651375 0.6080060203125 0.34878464062500003 0.6007525640625 0.3192825203125 0.597942240625 0.29866036875 0.5868588515625001 0.295408628125 0.569723565625 0.296396765625 0.5587964828125 0.3020998203125 0.5577159593750001 0.3103871640625 0.5669448984375001 0.3477787625 0.573801578125 0.3545494828125
1 0.44053639687499996 0.3003743375 0.45770174218750004 0.301108275 0.47420057812499994 0.298753165625 0.47772470624999996 0.29007865 0.47121591250000006 0.268142975 0.47095139374999995 0.25298870625 0.46353040468750006 0.24898399843750002 0.4476018921875 0.2489175109375 0.43357671875000003 0.2526075234375 0.43433340625000005 0.2608627984375 0.43738420156249996 0.2952615578125 0.44053639687499996 0.3003743375
1 0.627695940625 0.21338906875000002 0.6429880031249999 0.212088584375 0.6588383640625 0.20767767343750002 0.659966984375 0.20214565156250003 0.641443771875 0.158714921875 0.632779940625 0.153698346875 0.6095807328125 0.1582375328125 0.60657883125 0.16173513281250002 0.605468246875 0.1683004 0.609887334375 0.17580270625 0.6201968 0.2049069640625 0.627695940625 0.21338906875000002
1 0.6723616953125 0.8420476625 0.66068995 0.8401842734375 0.64049264375 0.8412258593749999 0.6357617421875 0.8509550000000001 0.6407639734374999 0.8918655781249999 0.6445586328124999 0.8986897453125 0.659292396875 0.9004996875 0.676415659375 0.8988227171875 0.6793454203125 0.8911921375 0.6767988171875 0.8505832156249999 0.6723616953125 0.8420476625
1 0.5796746749999999 0.93668595 0.5882964234375 0.9392916187499999 0.6078993609375 0.9392939671875 0.6151460078125 0.933310634375 0.61452679375 0.897835871875 0.6161235328125 0.8840271968750001 0.6055743953125 0.8762873687500001 0.5883910140624999 0.8745201859374999 0.5762030546875 0.8781781296875 0.570817665625 0.8855070546875 0.5709619499999999 0.8937730187499999 0.5727871359375001 0.89305211875 0.5759160859375 0.9319282734375 0.5796746749999999 0.93668595
1 0.6391031218750001 0.7265249171875 0.65506169375 0.7283134796875 0.6709661609375 0.72700230625 0.67579325 0.7227838078125 0.6731925421875 0.6790751484374999 0.6693678249999999 0.6705289078125001 0.657083675 0.66867620625 0.6399724359375 0.67104200625 0.6339686312499999 0.6780372046875 0.6334764640625 0.6849361968750001 0.6347253187499999 0.686292478125 0.6371757328125 0.7213907578125001 0.6391031218750001 0.7265249171875
1 0.817534271875 0.1702749015625 0.8298174796875 0.1754739359375 0.900120234375 0.19590055312500002 0.916189540625 0.1974245421875 0.927629715625 0.191089621875 0.9357867531249999 0.1804812578125 0.9324784296875 0.1747646703125 0.84986098125 0.147335090625 0.8332194312500001 0.14979094531249998 0.8174083203125001 0.1630591828125 0.817534271875 0.1702749015625
1 0.3279025203125 0.1697990578125 0.3484372296875 0.16980151875 0.359833321875 0.16094109843749999 0.3570405578125 0.1479975921875 0.34880711249999996 0.11746515312500001 0.33783841875 0.1140476546875 0.3199012484375 0.1158043328125 0.31159936718750003 0.1181146171875 0.3123479375 0.12423678281249999 0.313643559375 0.1249359578125 0.318153878125 0.1627513015625 0.3279025203125 0.1697990578125
1 0.375735546875 0.0058391703125 0.35843359375 0.007223865625000001 0.3456915015625 0.0124988234375 0.34516334375 0.01900416875 0.361327953125 0.0627513171875 0.376164615625 0.067183990625 0.390240115625 0.06477292500000001 0.39976834375000003 0.0591931703125 0.39964869062499997 0.0523382359375 0.3822766265625 0.0129429140625 0.375735546875 0.0058391703125