2 0.15390625 0.2578125 0.0515625 0.05625
1 0.01484375 0.2375 0.0296875 0.11875
1 0.0203125 0.14453125 0.040625 0.1140625
2 0.0375 0.490625 0.05625 0.0578125
2 0.16953125 0.7671875 0.0484375 0.05
2 0.20625 0.7734375 0.0484375 0.0484375
2 0.2203125 0.8046875 0.0453125 0.04375
2 0.3015625 0.73203125 0.04375 0.04375
1 0.1453125 0.90390625 0.0734375 0.0765625
1 0.25625 0.75703125 0.06875 0.0671875
1 0.14375 0.7171875 0.071875 0.0671875
1 0.04296875 0.696875 0.0390625 0.0609375
1 0.0890625 0.67890625 0.071875 0.0640625
1 0.2625 0.5703125 0.065625 0.0625
3 0.1828125 0.63359375 0.1234375 0.0953125
0 0.240625 0.69296875 0.1453125 0.096875
0 0.078125 0.75625 0.0859375 0.0875
1 0.44375 0.33515625 0.071875 0.0640625
1 0.53515625 0.8359375 0.0515625 0.1
2 0.421875 0.01640625 0.025 0.0234375
2 0.6125 0.32890625 0.046875 0.0609375
2 0.77265625 0.19453125 0.05 0.0484375
3 0.78359375 0.309375 0.0703125 0.0609375
1 0.9171875 0.09296875 0.04375 0.10625
1 0.91875 0.2109375 0.075 0.0640625
1 0.95546875 0.253125 0.01875 0.0453125
1 0.94609375 0.32734375 0.065625 0.059375
1 0.8875 0.30546875 0.0875 0.0671875
1 0.7734375 0.2515625 0.0765625 0.065625
1 0.69453125 0.31640625 0.0875 0.0921875
1 0.68046875 0.41796875 0.0734375 0.0765625
1 0.60078125 0.51484375 0.0734375 0.09375
1 0.54609375 0.67890625 0.0640625 0.1046875
1 0.61875 0.94375 0.04375 0.0859375
1 0.646875 0.96640625 0.0296875 0.0328125
1 0.675 0.93125 0.046875 0.090625
1 0.703125 0.95234375 0.0328125 0.0390625
3 0.646875 0.9 0.046875 0.0953125
1 0.99140625 0.896875 0.0171875 0.034375