0 0.4406624734375 0.65548543125 0.3325624609375 0.6426327749999999 0.329464053125 0.64997715 0.32670991250000003 0.6726223046875 0.325677109375 0.6940433968749999 0.437564065625 0.7062840203125 0.43997393906250004 0.699551678125 0.441695278125 0.6799666796875 0.4406624734375 0.65548543125
0 0.1291954296875 0.3286592171875 0.1270540703125 0.319776534375 0.11206454531250001 0.307086990625 0.0292652625 0.3032801265625 0.025339435937499998 0.30899042187500003 0.024268754687499998 0.32548683125 0.0239118609375 0.34325219375 0.0364031328125 0.3616520328125 0.1238420296875 0.3648244203125 0.12776785625 0.3508659203125 0.1291954296875 0.3286592171875
0 0.3112522734375 0.37580575625 0.31090910625 0.3568934546875 0.3074774375 0.3465221921875 0.29718243437499997 0.33432070625 0.19937990156250002 0.33249048281250004 0.193546065625 0.33432070625 0.190457565625 0.34408189375 0.190457565625 0.35811360312499996 0.1901143984375 0.3727553859375 0.19937990156250002 0.3892273921875 0.30541843750000003 0.39776843125 0.3098796046875 0.3928878375 0.3112522734375 0.37580575625
3 0.23353965625 0.39665284375 0.2300655125 0.4007703484375 0.21153674687500001 0.3973390953125 0.197640171875 0.39390784375 0.1806554703125 0.39596659375 0.1748652296875 0.3877315875 0.1713910875 0.3897903390625 0.168688975 0.39596659375 0.165600846875 0.39390784375 0.1598106078125 0.40214285 0.15710849531249999 0.413809109375 0.16251271875 0.42341661875 0.1640567828125 0.4330241265625 0.1706190546875 0.4440041359375 0.1798834375 0.4453766375 0.186445709375 0.45155289375 0.23508372031250002 0.4556703953125 0.2559285828125 0.45635664687500005 0.259788740625 0.4364553796875 0.2605607734375 0.41175035781249997 0.259402725 0.40351535156249996 0.24782224687499999 0.398711596875 0.23353965625 0.39665284375
3 0.5724616703125001 0.1489163796875 0.5794099562499999 0.15234763125 0.58635824375 0.15028888125 0.5898323875 0.14136762187500002 0.5890603546875 0.12283885624999999 0.586744259375 0.11048634531249998 0.5879023078125 0.10499634218750001 0.5840421484375 0.06450755625 0.56551338125 0.06931130937499999 0.56474135 0.0988200859375 0.5724616703125001 0.1489163796875
3 0.7149015578125 0.6526243171874999 0.71605960625 0.6684080812500001 0.71953375 0.6787018406249999 0.7384485328125 0.6759568375 0.7646976171875 0.6759568375 0.7693298093750001 0.66909433125 0.768557778125 0.635468053125 0.738062515625 0.636154303125 0.7299561812500001 0.6423305578125 0.7183757015625 0.6430168078125 0.7149015578125 0.6526243171874999
2 0.5352585078125001 0.9891250796875 0.5342835375 0.9452153203125 0.5307086484375 0.9359711609374999 0.5261587890625 0.9284602812499999 0.5216089296875001 0.9359711609374999 0.519009009375 0.9446375609375 0.52030896875 0.990858359375 0.5242088484375 0.9949026796875 0.5316836171875 0.993747159375 0.5352585078125001 0.9891250796875
2 0.192394071875 0.31199038749999997 0.1868692421875 0.30447950625 0.17971946249999998 0.29465758750000004 0.1732196640625 0.29350206874999996 0.15762014375 0.2952353484375 0.157295153125 0.31603470625 0.16087004375 0.33047870625 0.18231938281249999 0.3235455859375 0.1868692421875 0.3177679875 0.192394071875 0.31199038749999997
2 0.2235931109375 0.302746228125 0.224243090625 0.296968628125 0.22066819999999998 0.294079828125 0.21319343124999998 0.28194686875 0.19206908125 0.2842579078125 0.1910941125 0.3033239875 0.1949939921875 0.318345746875 0.2170933109375 0.309679346875 0.2193682421875 0.302746228125 0.2235931109375 0.302746228125
2 0.22976792031249998 0.2796358296875 0.2304179 0.2721249484375 0.22001822187500003 0.25305886875 0.1982438921875 0.2536366296875 0.1979189015625 0.2744359890625 0.19889387187500002 0.2842579078125 0.221643171875 0.2836801484375 0.22976792031249998 0.2796358296875
2 0.26064196875 0.7464658890625 0.2349677609375 0.747621409375 0.2304179 0.7562878093750001 0.23139287031250003 0.7661097296875 0.23399279062499997 0.774776128125 0.25934200937499996 0.77997596875 0.2629169 0.777664928125 0.264216859375 0.7545545296875 0.26064196875 0.7464658890625
1 0.21969323125 0.92037164375 0.2222931515625 0.915171803125 0.22066819999999998 0.8984167640624999 0.197268921875 0.8267745265625001 0.190769121875 0.8186858859375 0.1836193421875 0.8227302062499999 0.1745196234375 0.8383297265625 0.173544653125 0.8539292453125 0.19889387187500002 0.9301935625000001 0.2044187015625 0.9359711609374999 0.20994353124999998 0.9330823625000001 0.21969323125 0.92037164375
1 0.12772106562500002 0.8019308468749999 0.1215462546875 0.7880646078125 0.1127715265625 0.7886423687499999 0.0935971171875 0.8140638062500001 0.074747696875 0.8423740453124999 0.0737727265625 0.8521959656250001 0.081247496875 0.870106525 0.08742230625 0.870684284375 0.1293460140625 0.8140638062500001 0.12772106562500002 0.8019308468749999
1 0.272341609375 0.560427178125 0.24601742031249998 0.552916296875 0.2320428515625 0.5494497375 0.22391809999999998 0.5494497375 0.21741830156250003 0.55927165625 0.21644333124999998 0.5771822171875 0.2183932703125 0.59104845625 0.21904325 0.5893151765625 0.26356687968750003 0.5991370953125 0.2707166578125 0.5945150156250001 0.273316578125 0.5748711765625 0.272341609375 0.560427178125
1 0.145920503125 0.6135810937499999 0.146570484375 0.597403815625 0.12837104375 0.5875818953125 0.1127715265625 0.5806487765624999 0.10107188593750001 0.5742934171875 0.09554705625 0.5806487765624999 0.091972165625 0.59393725625 0.0945720859375 0.6049146953125 0.113096515625 0.617625415625 0.136820784375 0.6309138937500001 0.141045653125 0.6291806140625 0.145920503125 0.6135810937499999
1 0.1813444125 0.34087838593750003 0.150145375 0.3379895859375 0.13909571406250001 0.33625630625 0.1348708453125 0.3385673453125 0.1329209046875 0.35127806562499997 0.1325959140625 0.361099984375 0.137145775 0.37092190468749997 0.18004445156249999 0.377855025 0.1852442921875 0.369188625 0.1862192625 0.3530113453125 0.1813444125 0.34087838593750003
1 0.0851473765625 0.3882547046875 0.0809225078125 0.3824771046875 0.03834881875 0.369188625 0.0341239484375 0.368610865625 0.028599118750000003 0.38074382500000004 0.0279491390625 0.3957655828125 0.032498998437499996 0.4038542234375 0.0760476578125 0.42118702187499996 0.0805975171875 0.4177204625 0.0864473375 0.4038542234375 0.0851473765625 0.3882547046875
1 0.5034094890625 0.176794553125 0.49333479999999996 0.1091966359375 0.4887849390625 0.10168575625000001 0.482285140625 0.1028412765625 0.47611033125 0.10746335625 0.4744853796875 0.11901855624999999 0.484885059375 0.19008303124999998 0.4887849390625 0.191238553125 0.50243451875 0.18719423125 0.5034094890625 0.176794553125
1 0.968470159375 0.38594366406249997 0.9635953109375001 0.378432784375 0.9242715234375 0.35936670625 0.913546853125 0.366877584375 0.9099719625 0.37958830468750004 0.9109469328124999 0.3986543828125 0.9603454109375 0.42465358281250004 0.9661952296875 0.4217647828125 0.968470159375 0.40500974375 0.968470159375 0.38594366406249997
1 0.9873195796875001 0.5893151765625 0.9847196593750001 0.5638937375 0.9746449703125 0.564471496875 0.948645771875 0.5638937375 0.9349961921875 0.5627382171875001 0.9242715234375 0.564471496875 0.92069663125 0.57660445625 0.9226465734374999 0.5950927765625 0.9271964328125 0.6014481359375 0.9795198203125001 0.60260365625 0.9873195796875001 0.5893151765625
1 0.8436740046875 0.6863788515625 0.8124749671875 0.6811790125 0.7955754875000001 0.67944573125 0.7881007171875 0.6829122921875 0.7858257875 0.7002450921875 0.7916756078125 0.7198889312500001 0.8439989953125 0.7245110109375 0.8498488156249999 0.7146890906250001 0.849523825 0.69100093125 0.8436740046875 0.6863788515625
1 0.662659009375 0.6632979531250001 0.6623207468750001 0.63924363125 0.657923315625 0.6344327671875 0.61969949375 0.630223259375 0.6119194234374999 0.630223259375 0.607183728125 0.6380409140625 0.6061689375 0.6608925203125 0.611581159375 0.669311534375 0.6592763703125 0.6735210406250001 0.662659009375 0.6632979531250001
1 0.8216430515625 0.56768201875 0.7800365890625 0.5652765875 0.7725947828125 0.5718915265625 0.7702269359375 0.5851214046875 0.7712417265625 0.59835128125 0.77665395 0.6049662203125 0.821981315625 0.60857436875 0.828070065625 0.5977499234375 0.8270552734375001 0.5712901687499999 0.8216430515625 0.56768201875
1 0.31492370625 0.45943756718750006 0.3068053703125 0.4516199125 0.267905021875 0.44741040625000006 0.264860646875 0.45643077656250003 0.2641841171875 0.47146472968750003 0.2685815484375 0.4840932484375 0.3068053703125 0.49191090312499997 0.312894121875 0.48649868124999995 0.315938496875 0.473268803125 0.31492370625 0.45943756718750006
2 0.30281125625 0.33363808437500003 0.3122436140625 0.33305985625 0.3135446296875 0.324386421875 0.3089910765625 0.31744767500000004 0.3067143 0.30935246875 0.30183549374999996 0.306461325 0.282645521875 0.304148409375 0.281019253125 0.3232299640625 0.2813445078125 0.33305985625 0.30281125625 0.33363808437500003
1 0.971137903125 0.1725901515625 0.9647718734374999 0.1527847234375 0.955222828125 0.15335059374999999 0.919573059375 0.1748536296875 0.91766325 0.186171015625 0.92402928125 0.209371659375 0.932941721875 0.2082399203125 0.9692280953125 0.186171015625 0.971137903125 0.1725901515625