0 0.1893021375 0.363198521875 0.19099991562500002 0.37879291875 0.20373324375 0.39740558593749997 0.306165790625 0.4014299453125 0.310976159375 0.38432641562500003 0.310976159375 0.360180253125 0.306165790625 0.3465980359375 0.294847278125 0.337543225 0.221559903125 0.337543225 0.1941125078125 0.3380462703125 0.1904339890625 0.3481071703125 0.1893021375 0.363198521875
0 0.015309829687500002 0.33438613125 0.015583220312500002 0.34993897500000004 0.027338982812500003 0.366949896875 0.11591728593749999 0.37035208124999996 0.11837779374999999 0.3601455296875 0.1200181328125 0.34264858125000003 0.11919796406250001 0.32855381562499997 0.1041615234375 0.314945078125 0.032806779687499996 0.3110568671875 0.0191372875 0.3110568671875 0.0174969484375 0.31786123593750004 0.015309829687500002 0.33438613125
3 0.23215202656249997 0.40032831875 0.23075855625 0.40577833124999996 0.2112499828125 0.40379650937499995 0.19675789999999999 0.3998328625 0.18226581718749998 0.4018146859375 0.169445896875 0.396364671875 0.1663802640625 0.4018146859375 0.1619211609375 0.4047874203125 0.158576834375 0.41321017031249996 0.1588555296875 0.4241101984375 0.1619211609375 0.42906475625 0.1663802640625 0.44194660781249995 0.17251153125000002 0.44739662343750003 0.17947887812500002 0.44739662343750003 0.180872346875 0.45235118124999996 0.18728230625 0.457305740625 0.256677090625 0.46176484375 0.2605788046875 0.43996478593750005 0.2608575 0.41420108125 0.2569557859375 0.40875106875 0.2488736625 0.4018146859375 0.23215202656249997 0.40032831875
3 0.570382778125 0.149026090625 0.5751558546875 0.15326882656250002 0.5817188359375 0.15273848437499998 0.5882818171875 0.14637438125 0.5876851828125 0.1262213859375 0.5861935968750001 0.1113718109375 0.5870885484375 0.10288634062499999 0.5823154703125 0.0652320609375 0.563521478125 0.06788377031250001 0.5638197953125 0.0949312109375 0.570382778125 0.149026090625
3 0.86875 0.6140625 0.05625 0.03671875
2 0.83828125 0.70546875 0.0375 0.03203125
2 0.93046875 0.7265625 0.03984375 0.03046875
2 0.52890625 0.96328125 0.01796875 0.0640625
2 0.2484375 0.76796875 0.03359375 0.03203125
2 0.4140625 0.675 0.0328125 0.0328125
2 0.17421875 0.31640625 0.03515625 0.03671875
2 0.2078125 0.3046875 0.0328125 0.03515625
2 0.21328125 0.2734375 0.0328125 0.03203125
2 0.29765625 0.32578125 0.03046875 0.03671875
1 0.28984375 0.4734375 0.05078125 0.04140625
1 0.1171875 0.40625 0.05625 0.04609375
1 0.15859375 0.36171875 0.05390625 0.04296875
1 0.253125 0.30703125 0.0546875 0.0390625
1 0.32421875 0.6203125 0.0546875 0.04609375
1 0.19921875 0.88359375 0.05078125 0.1171875
1 0.1078125 0.815625 0.05078125 0.0921875
1 0.7578125 0.7015625 0.05703125 0.04453125
1 0.8265625 0.6578125 0.06640625 0.0578125
1 0.9046875 0.6796875 0.05859375 0.04765625
1 0.96640625 0.615625 0.06640625 0.05078125
1 0.76171875 0.571875 0.0578125 0.0390625
1 0.64765625 0.5421875 0.053125 0.07578125
1 0.58046875 0.440625 0.05 0.07890625
1 0.49453125 0.29140625 0.03515625 0.08671875
1 0.54453125 0.071875 0.025 0.08828125
1 0.5953125 0.075 0.0234375 0.0890625