0 0.0237577 0.3273283171875 0.023427732812499998 0.34668644375 0.035966518749999996 0.36369812968750004 0.124067990625 0.3648713484375 0.1276976390625 0.35313915156250003 0.128357575 0.3243952671875 0.11251910937500001 0.30914340937499996 0.0320069015625 0.30679697031250003 0.027387349999999998 0.30679697031250003 0.0250775734375 0.31442289843750004 0.0237577 0.3273283171875
0 0.190391571875 0.3572454203125 0.190391571875 0.3748437171875 0.19996064375 0.390682184375 0.303570615625 0.397721503125 0.30885010468749996 0.39420184375 0.31115988125 0.3795365953125 0.31115988125 0.3560722015625 0.3078602015625 0.347273053125 0.301260840625 0.3384739046875 0.29433150937499997 0.333781025 0.20260038906250002 0.333194415625 0.19468115625 0.33202119531249996 0.1910515078125 0.3419935640625 0.190391571875 0.3572454203125
0 1 0.6728415390625 0.9463483984375 0.6693218796875 0.9338096124999999 0.6658022203125 0.9225906984375 0.6740147578125 0.9159913359375 0.6880933953125 0.917311209375 0.7086247421875 0.9225906984375 0.7227033796875 0.9321597718750001 0.7256364296875 1 0.7297426984375 1 0.6728415390625
3 0.6391481328124999 0.5889563250000001 0.6381582296875 0.60186174375 0.6381582296875 0.6135939406250001 0.6440976546875 0.6223930890625 0.688313375 0.62415291875 0.68798340625 0.5866098859375 0.6467374 0.5854366671875 0.6391481328124999 0.5889563250000001
3 0.57183465 0.14723908125000001 0.579093946875 0.150758740625 0.584703403125 0.14723908125000001 0.5883330531250001 0.139613153125 0.587673115625 0.12201485625 0.586023275 0.10793621875 0.58701318125 0.09972368125 0.5820636593749999 0.0615940375 0.56259554375 0.0662869171875 0.56259554375 0.09268436249999999 0.57183465 0.14723908125000001
3 0.2327555609375 0.39758187968750003 0.23123626718749998 0.40298380624999997 0.2172587796875 0.40136322968749993 0.21482791250000002 0.39866226562499996 0.2063198765625 0.398122071875 0.19477325625 0.3959613015625 0.18261891875 0.3997426515625 0.18079576875 0.39650149375 0.17654175 0.3921799515625 0.17076844062500002 0.3921799515625 0.166514421875 0.39866226562499996 0.1625642625 0.4008230359375 0.1586141015625 0.4051445796875 0.1592218203125 0.41864939687499997 0.1622604046875 0.4267522890625 0.1634758375 0.43485518125 0.16681828125 0.4391767234375 0.1710722984375 0.44511884375 0.17654175 0.44511884375 0.1810996265625 0.447279615625 0.1859613609375 0.453221734375 0.2561526609375 0.4580834703125 0.25919124375 0.4343149890625 0.26010281874999996 0.41270727812499997 0.25919124375 0.40568477031250005 0.2485561984375 0.398122071875 0.2327555609375 0.39758187968750003
2 0.2321928453125 0.7727761906249999 0.2360927265625 0.7781093578125 0.26039197812500003 0.78237589375 0.2645918484375 0.7754427749999999 0.2648918390625 0.75197683125 0.26069196875 0.7482436125 0.23879264218750001 0.7493102453125 0.23399279062499997 0.7514435140625 0.2312928734375 0.76104321875 0.2321928453125 0.7727761906249999
2 0.3956878078125 0.6730459296875 0.3716885484375 0.6682460781249999 0.3671886859375 0.67037934375 0.3647887609375 0.6842455843749999 0.36838864843749997 0.6959785562499999 0.389987984375 0.7055782609375 0.3947878359375 0.7023783578125 0.397487753125 0.6810456828125 0.3956878078125 0.6730459296875
2 0.19049412968749999 0.3077238515625 0.186294259375 0.30825716875000003 0.183894334375 0.300257415625 0.179994453125 0.2938576125 0.17549459375 0.2927909796875 0.157495146875 0.298124146875 0.156895165625 0.310923753125 0.15899510156250002 0.31945682343750004 0.1634949625 0.32958984375 0.183894334375 0.3242566765625 0.1865942515625 0.31679023906250003 0.1910941125 0.3151902890625 0.19049412968749999 0.3077238515625
2 0.1970939265625 0.282124640625 0.22169316874999997 0.28532454218750003 0.22499306875 0.282124640625 0.2291929390625 0.28105800625 0.229492928125 0.2746582046875 0.2255930484375 0.2725249359375 0.224693078125 0.26292523125 0.21749329843749998 0.25652542968750003 0.2018937796875 0.25439216249999996 0.19679393750000002 0.25652542968750003 0.19589396406249998 0.2725249359375 0.1970939265625 0.282124640625
2 0.2234931140625 0.3034573171875 0.2234931140625 0.29705751406249997 0.219593234375 0.29599088125 0.2120934640625 0.2826579578125 0.19289405625 0.2837245921875 0.190794121875 0.287457809375 0.19169409375 0.3061239015625 0.19679393750000002 0.319990140625 0.21629333593750003 0.31412365625 0.21929324375 0.3103904359375 0.2189932515625 0.30505726875 0.2234931140625 0.3034573171875
2 0.3017907015625 0.335989646875 0.307790515625 0.3322564296875 0.31319035 0.3311897953125 0.31259036875 0.32319004218749997 0.3095904609375 0.31732355624999997 0.3071905359375 0.3103904359375 0.3017907015625 0.30559058437500003 0.28379125625 0.30505726875 0.282291303125 0.32052345781249997 0.2813913296875 0.3349230140625 0.3017907015625 0.335989646875
2 0.45508597812499996 0.069331196875 0.45298604375 0.029865745312500004 0.44998613593750003 0.023465943750000003 0.44038643125 0.0255992109375 0.440086440625 0.033598965625 0.439486459375 0.07039783125 0.44098641250000004 0.0789309015625 0.4520860703125 0.07786426874999999 0.45508597812499996 0.069331196875
1 0.2255930484375 0.31145707031250003 0.2291929390625 0.321056775 0.2600919859375 0.3242566765625 0.2762914875 0.32052345781249997 0.2810913390625 0.30825716875000003 0.277791440625 0.2922576625 0.27149163593750003 0.284791225 0.23849265156250002 0.2842579078125 0.23369279999999998 0.2837245921875 0.22739299375000002 0.29012439375 0.2255930484375 0.31145707031250003
1 0.1433955828125 0.3882547046875 0.1313959515625 0.3818549015625 0.09239715312499999 0.38025495 0.0884972734375 0.38772138749999996 0.087897290625 0.40958738125 0.0974969953125 0.419187084375 0.128696034375 0.4255868875 0.140395675 0.4223869859375 0.144295553125 0.40212094374999996 0.1433955828125 0.3882547046875
1 0.186294259375 0.3498558875 0.176394565625 0.3418561328125 0.1544952390625 0.33812291562499996 0.1400956828125 0.33705628125 0.1331958953125 0.3391895484375 0.1319959328125 0.3573223234375 0.132295925 0.3685219796875 0.1370957765625 0.3706552453125 0.17399463906249998 0.3775883671875 0.18239438125000002 0.37545509843749997 0.1859942703125 0.35678900625 0.186294259375 0.3498558875
1 0.3137903328125 0.45651926875 0.300890728125 0.45118609843749996 0.2741915515625 0.44958614687500004 0.2660918015625 0.45118609843749996 0.2648918390625 0.4757186765625 0.267291765625 0.4842517453125 0.2732915796875 0.485851696875 0.30539059062499996 0.49011823125 0.3137903328125 0.4831851125 0.3158902671875 0.472518775 0.3137903328125 0.45651926875
1 0.2069936234375 0.9359711609374999 0.21929324375 0.92317155625 0.22289313281249998 0.91570511875 0.22289313281249998 0.9007722453125 0.1949939921875 0.821308028125 0.1865942515625 0.8239746125 0.1745946203125 0.8410407531249999 0.1748946109375 0.857573578125 0.199493853125 0.9295713578125 0.2069936234375 0.9359711609374999
1 0.1451955265625 0.9375711125 0.1592950921875 0.92157160625 0.15899510156250002 0.9071720484375 0.132295925 0.8405074359375 0.126296109375 0.8431740203125001 0.1157964328125 0.85650694375 0.1157964328125 0.87303976875 0.1394957015625 0.9359711609374999 0.1451955265625 0.9375711125
1 0.0953970609375 0.86557333125 0.12179624687499999 0.8138415921875 0.1310959609375 0.7962421328125 0.1289960265625 0.781842578125 0.1178963671875 0.77490945625 0.11069658906249999 0.7829092109375 0.0809975046875 0.8357075843749999 0.0791975609375 0.844773971875 0.0875973 0.8639733812499999 0.0953970609375 0.86557333125
1 0.559182771875 0.6266473593749999 0.5516830015624999 0.62344745625 0.5129841953125001 0.619180921875 0.504584453125 0.6255807250000001 0.5042844625 0.6421135484375 0.5069843796875 0.6549131546875 0.513284184375 0.6543798375 0.5516830015624999 0.65971300625 0.5579828078125 0.6549131546875 0.5588827796875 0.6415802312500001 0.559182771875 0.6266473593749999
1 0.52738375 0.41278728124999997 0.5282837234375 0.4250535703125 0.5627826609375 0.4842517453125 0.56818249375 0.4831851125 0.579882134375 0.4682522390625 0.5792821515625 0.45811921875 0.5492830765625001 0.40212094374999996 0.5432832609375 0.39572114062499997 0.5363834734374999 0.39465450625 0.52738375 0.41278728124999997
1 0.8681732500000001 0.54611650625 0.8177748046875 0.54611650625 0.80997504375 0.550916359375 0.8093750625 0.5706490843750001 0.8132749421875 0.5802487890625 0.81687483125 0.585048640625 0.8669732874999999 0.58558195625 0.8723731203125 0.57491561875 0.8726731109375001 0.550916359375 0.8681732500000001 0.54611650625
1 0.79737543125 0.55678284375 0.7565766890625001 0.5493164078125 0.7487769296875 0.549849725 0.7445770578124999 0.5530496265625 0.7415771515625 0.56584923125 0.7409771703125 0.5818487390625 0.747576965625 0.587715225 0.7970754421875 0.5978482453125 0.80187529375 0.5914484437499999 0.8033752468750001 0.5605160640625 0.79737543125 0.55678284375
2 0.5368326531250001 0.980879415625 0.53524626875 0.9397039140624999 0.529852559375 0.932371290625 0.5292180046875 0.9256027140624999 0.5250934046875 0.9256027140624999 0.5241415734375 0.9334993859375 0.51938241875 0.9436522484375001 0.520016971875 0.989340134375 0.5263625125 0.99046823125 0.534928990625 0.99046823125 0.5368326531250001 0.980879415625
1 0.891231040625 0.7180330625 0.8442740484375 0.714648775 0.83761123125 0.7191611578125 0.8344384609375 0.7355185484375 0.8366594015625 0.7496197484375 0.843004940625 0.75469618125 0.8893273796875001 0.7558242765625 0.8950383640625 0.7507478437499999 0.8944038109375001 0.7248016374999999 0.891231040625 0.7180330625
1 0.8226992125000001 0.6497832578125 0.8192091671874999 0.6413225390624999 0.77764588125 0.635682059375 0.7678102953125 0.6385022984375001 0.764002971875 0.6542956421875 0.764954803125 0.6689608890625001 0.7744731125000001 0.675729465625 0.8163536734375001 0.6808058953125 0.8207955515625001 0.67798565625 0.8226992125000001 0.666704696875 0.8226992125000001 0.6497832578125
1 0.8953556421875 0.6114279953125 0.8661661593750001 0.6074796609375 0.8490332015625001 0.6091718046875 0.8414185546875 0.6210168125 0.8414185546875 0.6379382515625001 0.8518886953125 0.6486551625 0.8925001484375 0.6480911140625001 0.899162965625 0.6418865859375 0.8997975203124999 0.6255291953125 0.8953556421875 0.6114279953125
1 0.9197859703125 0.0203057265625 0.913123153125 0.0186135828125 0.9067776140625 0.0163573921875 0.8880582703125001 0.01579334375 0.8813954546874999 0.0203057265625 0.8775881312499999 0.0315866859375 0.8782226859375 0.04681598125 0.886154609375 0.054712653124999996 0.9223241859375 0.055276701562499996 0.9245451234375001 0.0451238375 0.9245451234375001 0.02763835 0.9197859703125 0.0203057265625
1 0.51495239375 0.2632041328125 0.5138286578125 0.2537148 0.4978154078125 0.1962793625 0.4927585921875 0.19577992500000002 0.48657803906249997 0.19927599375 0.4820830921875 0.202772065625 0.47983561874999997 0.21076308125 0.4820830921875 0.223249046875 0.49051111875000003 0.2477215375 0.4978154078125 0.2726934671875 0.5017484875 0.2746912203125 0.51495239375 0.2632041328125
1 0.553189771875 0.11347482499999999 0.55724244375 0.10326809374999998 0.5518388796875 0.0348229625 0.5484616546875001 0.026417418749999998 0.5396808640625 0.028819003125 0.5319132421874999 0.033021774999999996 0.536641359375 0.10566967812500001 0.543058090625 0.1146756171875 0.553189771875 0.11347482499999999
1 0.589663821875 0.1146756171875 0.60317273125 0.1146756171875 0.607563125 0.10446888593749999 0.6058745109375 0.0696459234375 0.6018218390625 0.0312205859375 0.594391940625 0.0276182109375 0.585273428125 0.031820982812499995 0.5825716453124999 0.042628107812499996 0.58662431875 0.09906532343749999 0.589663821875 0.1146756171875