0 1 0.6177104953125 0.8771779234375 0.6122910390625 0.86454465 0.6162836796875 0.858916775 0.62480110625 0.8544249734375 0.636476178125 0.8549710984375001 0.6434198109375 0.8593608843749999 0.6487620359374999 0.8673284546875 0.6512520125 0.9162993890625 0.6541779390625 1 0.6590814546875 1 0.6177104953125
0 1 0.4546435328125 0.8701277375 0.46530081718750005 0.8540472484375 0.47294336093749995 0.8488684578125 0.506633371875 0.8738537281250001 0.5055471203125 1 0.49613738749999997 1 0.4546435328125
0 0.3957914734375 0.5249476093750001 0.399283625 0.5138705546875 0.40042615000000004 0.5035278109375 0.3917531796875 0.49808998750000005 0.23155839375 0.5126452968749999 0.2066420328125 0.5172367890625 0.2007350640625 0.5307061796875 0.204065865625 0.5424469015625 0.21927969531249997 0.541327034375 0.3563952203125 0.5321471359375 0.3789922984375 0.5303974359375 0.3957914734375 0.5249476093750001
0 0.3879706578125 0.6606440359375 0.391291375 0.64875606875 0.389284825 0.6393159921875 0.38542539531250003 0.6339971328125 0.2299349390625 0.6470952265625 0.218116853125 0.6520190703125001 0.21081920312500002 0.656201321875 0.208783753125 0.66496575 0.209403803125 0.6733849937499999 0.21106989999999998 0.6793893171875001 0.251571246875 0.6773582125 0.3622911953125 0.6700490078125 0.3879706578125 0.6606440359375
0 0.06525219374999999 0.6763908171875 0.0629452265625 0.6868695781249999 0.062764184375 0.6966839390625 0.06358535781249999 0.7005472578124999 0.102798790625 0.698375240625 0.191289353125 0.693379734375 0.2220779140625 0.6853477906250001 0.21027022343750001 0.6600175859374999 0.0738148890625 0.67223305 0.06525219374999999 0.6763908171875
3 0.73125 0.50078125 0.0953125 0.05
3 0.7340873109375 0.1410514234375 0.77011978125 0.123901778125 0.77370081875 0.11929302187499999 0.7158816859375 0.055400690625000006 0.6713639796875001 0.0776885015625 0.723496440625 0.1384289765625 0.7340873109375 0.1410514234375
3 0.26953125 0.5890625 0.1328125 0.0609375
3 0.26640625 0.93828125 0.065625 0.059375
3 0.34375 0.77890625 0.0671875 0.0578125
2 0.81640625 0.50625 0.06875 0.0359375
2 0.68203125 0.47734375 0.06875 0.03125
2 0.78671875 0.18046875 0.0734375 0.0453125
2 0.8359375 0.065625 0.0484375 0.0484375
1 0.77578125 0.02890625 0.0859375 0.0578125
1 0.80390625 0.121875 0.0640625 0.0734375
1 0.740625 0.25625 0.0875 0.0859375
1 0.671875 0.27578125 0.0703125 0.0703125
1 0.428125 0.60390625 0.10625 0.071875
1 0.509375 0.6578125 0.084375 0.0703125
1 0.334375 0.83359375 0.065625 0.0609375
1 0.2125 0.99296875 0.071875 0.0140625
1 0.271875 0.98046875 0.0875 0.0390625
1 0.1765625 0.95546875 0.0515625 0.0578125
2 0.134375 0.83984375 0.05 0.0390625
2 0.2796875 0.88671875 0.046875 0.0390625
2 0.303125 0.76171875 0.05 0.0390625
2 0.2671875 0.83515625 0.05 0.040625
2 0.1484375 0.5375 0.059375 0.028125
2 0.05703125 0.55703125 0.0578125 0.0296875
1 0.36796875 0.93828125 0.078125 0.065625
1 0.39453125 0.8765625 0.06875 0.0640625
1 0.55 0.74765625 0.05625 0.0640625
1 0.69609375 0.17421875 0.075 0.0765625