0 0.2496015953125 0.20671069375 0.259554934375 0.20245418124999998 0.2675188578125 0.194776275 0.27308761875 0.18860104375 0.2742408328125 0.1800641984375 0.272782090625 0.1699297453125 0.22115298593750002 0.018277934375 0.1760562234375 0.02143140625 0.21646915312499998 0.1369272625 0.23477232812499998 0.187719803125 0.24145498124999998 0.2010494734375 0.2496015953125 0.20671069375
0 0.5788681796875 0.9435966718750001 0.58489135 0.97438191875 0.590893771875 0.9948650375 0.6223204921875001 0.9926674671875 0.6033994109374999 0.92323848125 0.5941393609375 0.9210490609375 0.5805707515625 0.9321298265625 0.5788681796875 0.9435966718750001
3 0.17265625 0.84921875 0.0515625 0.0625
3 0.29765625 0.51640625 0.0671875 0.0734375
1 0.0953125 0.6828125 0.0609375 0.0671875
1 0.2328125 0.603125 0.059375 0.05625
2 0.10703125 0.5625 0.0390625 0.0515625
2 0.1453125 0.5671875 0.0390625 0.059375
1 0.428125 0.43125 0.0671875 0.075
1 0.5578125 0.3984375 0.0671875 0.0640625
1 0.5015625 0.903125 0.0375 0.0828125
1 0.76640625 0.78046875 0.05625 0.103125
1 0.86171875 0.6796875 0.0640625 0.0953125
1 0.3296875 0.55234375 0.0640625 0.065625
1 0.73828125 0.2171875 0.0703125 0.0734375
1 0.8703125 0.13359375 0.08125 0.0890625
1 0.94765625 0.27890625 0.0703125 0.0828125
2 0.87265625 0.46875 0.0375 0.046875
2 0.30703125 0.74453125 0.0375 0.0453125
2 0.34453125 0.4046875 0.0359375 0.0515625
1 0.53359375 0.8046875 0.034375 0.0859375
1 0.56015625 0.88359375 0.0375 0.0859375
1 0.58125 0.56328125 0.0625 0.06875
1 0.28203125 0.14375 0.046875 0.103125