0 0.85738540625 0.691647159375 0.8725084140625 0.691596334375 0.8829258921875001 0.6830930375 0.8880006828125 0.672149659375 0.8903655562499999 0.6615390156250001 0.8887444500000001 0.65580390625 0.7043217609375 0.6436172421874999 0.694743425 0.6440192953125 0.6878290640625 0.6474483390625 0.6823503078125001 0.6625694281250001 0.682056446875 0.671377740625 0.68461206875 0.677256115625 0.7244841078125 0.68087466875 0.85738540625 0.691647159375
0 1 0.653633615625 0.9156449703125 0.64252754375 0.907362559375 0.6430746093749999 0.901179965625 0.647122940625 0.8954804921875 0.65510598125 0.8928438999999999 0.6608334046875 0.8909446046875 0.66576546875 0.893698059375 0.6745901671875 0.8998972500000001 0.68087729375 0.9311276015625 0.68362109375 1 0.6938070515625 1 0.653633615625
0 0 0.493939721875 0.09858743125 0.49950730937500004 0.123572390625 0.49838959843749997 0.1515737921875 0.49714527343750003 0.15498580625 0.489657371875 0.157794203125 0.48078104374999997 0.15464260000000002 0.46922390937499997 0.0136470140625 0.463866571875 0 0.46507870156250003 0 0.493939721875
0 0.44672005156249994 1 0.48221694218750005 0.9372096828125001 0.44520532968750004 0.9266128312499999 0.4333081328125 0.9333042562499999 0.42345609531250006 0.9446999046875 0.3931487171875 1 0.44672005156249994 1
3 0.06328125 0.51015625 0.06875 0.0328125
2 0.46328125 0.88828125 0.046875 0.0359375
2 0.4984375 0.86328125 0.05 0.0375
1 0.53203125 0.946875 0.090625 0.05625
1 0.3359375 0.98046875 0.06875 0.0390625
1 0.440625 0.86640625 0.065625 0.0578125
1 0.4421875 0.76640625 0.05625 0.0609375
1 0.46875 0.68515625 0.05625 0.05625
1 0.57109375 0.43125 0.071875 0.0640625
1 0.4578125 0.29453125 0.065625 0.0609375
1 0.57734375 0.34609375 0.05625 0.0640625
1 0.49921875 0.14609375 0.0734375 0.0640625
2 0.121875 0.5109375 0.0546875 0.025
2 0.23515625 0.25234375 0.05625 0.034375
1 0.2625 0.19765625 0.0890625 0.059375
1 0.5515625 0.62109375 0.05625 0.059375
1 0.56640625 0.53046875 0.0609375 0.0609375
1 0.38125 0.51953125 0.059375 0.0578125
1 0.640625 0.40625 0.0625 0.0625
1 0.12265625 0.55390625 0.084375 0.0375
2 0.96796875 0.578125 0.0640625 0.034375
2 0.89296875 0.63125 0.071875 0.0328125
2 0.64375 0.33828125 0.046875 0.0390625
2 0.6484375 0.48828125 0.04375 0.0359375