0 0.71788688125 0.7926271796875 0.7113471 0.7814964 0.7057587843750001 0.77804039375 0.700837790625 0.7806463421875 0.6947932453125001 0.7836972109375 0.6894454703124999 0.7871294296875 0.6815228546875 0.7951140890625 0.6794455421875 0.8008662078125001 0.6807518921875 0.8121797421875 0.7349708234375 0.9920994109375 0.77961345 0.9905404546875 0.7794366609375001 0.9894577046874999 0.732007296875 0.8381711046874999 0.7324272859375001 0.8371503406249999 0.71788688125 0.7926271796875
0 0.54372110625 0.79685219375 0.537588128125 0.7623599453125001 0.53256825 0.7597427734375 0.528764515625 0.759875603125 0.5225551953124999 0.761688134375 0.5096601015625 0.7709147765625 0.50616134375 0.78619608125 0.5074737515625001 0.7981179796875 0.5461864015625 0.9986919078125001 0.5801201921875 0.9975069140624999 0.5802012203125 0.981875946875 0.5791682140625001 0.9715399874999999 0.5433014359375 0.7976646984375 0.54372110625 0.79685219375
0 0.5411493953125001 0 0.5385021421875 0.00222758125 0.5366227828125 0.008246721875 0.5358518171875 0.01608763125 0.5352625421874999 0.02913151875 0.5560024796875 0.1742683390625 0.565067459375 0.176556446875 0.574028615625 0.1758714203125 0.5834471609375 0.1703331953125 0.5844797921875 0.1580180125 0.5841434171875 0.14240178750000002 0.5841185140625 0.1357049546875 0.56706293125 0.030253593750000002 0.567075909375 0.030625234374999998 0.5638068515625 0.0028322984375 0.5620836328125 0 0.5411493953125001 0
3 0.80390625 0.13984375 0.05 0.059375
3 0.5828125 0.31640625 0.0515625 0.0640625
3 0.34453125 0.91796875 0.090625 0.096875
3 0.5546875 0.725 0.0453125 0.1578125
2 0.8953125 0.02734375 0.034375 0.05
2 0.73828125 0.1796875 0.0359375 0.0484375
2 0.715625 0.225 0.0359375 0.0453125
2 0.6734375 0.21015625 0.0359375 0.0453125
2 0.5140625 0.30078125 0.0328125 0.0421875
2 0.47734375 0.60625 0.0265625 0.071875
1 0.8734375 0.1375 0.0625 0.0765625
1 0.8765625 0.090625 0.053125 0.0625
1 0.80078125 0.1015625 0.0578125 0.0609375
1 0.96875 0.13984375 0.040625 0.071875
1 0.6515625 0.278125 0.05625 0.0640625
1 0.6015625 0.3671875 0.0609375 0.059375
1 0.81328125 0.25390625 0.05625 0.0671875
2 0.2578125 0.8296875 0.040625 0.0453125
1 0.1640625 0.68671875 0.065625 0.0671875
1 0.6984375 0.328125 0.0578125 0.0609375
1 0.55078125 0.5734375 0.0375 0.1046875
1 0.49765625 0.4734375 0.0328125 0.1046875
1 0.2859375 0.7625 0.078125 0.0796875
1 0.2859375 0.68984375 0.0625 0.0640625
1 0.17890625 0.7921875 0.0734375 0.06875
1 0.05 0.8015625 0.0671875 0.0796875
1 0.1671875 0.87890625 0.0671875 0.05625
2 0.0625 0.92109375 0.0453125 0.0484375
2 0.24609375 0.87265625 0.0390625 0.0421875
1 0.97265625 0.0125 0.0203125 0.025