1 0.1046875 0.8234375 0.053125 0.090625
1 0.1375 0.89296875 0.04765625 0.1015625
1 0.19921875 0.88046875 0.0578125 0.11796875
2 0.2484375 0.76640625 0.04296875 0.04921875
1 0.42578125 0.6234375 0.06015625 0.05
2 0.24453125 0.64609375 0.0390625 0.0453125
1 0.290625 0.471875 0.0546875 0.05703125
1 0.05859375 0.3984375 0.059375 0.06171875
1 0.11640625 0.4046875 0.06015625 0.04375
1 0.159375 0.3578125 0.05625 0.046875
1 0.253125 0.30390625 0.05625 0.04140625
1 0.13203125 0.1953125 0.0546875 0.06015625
0 0.07578125 0.33671875 0.10546875 0.065625
0 0.25 0.3671875 0.1234375 0.06953125
3 0.21015625 0.42734375 0.1046875 0.071875
2 0.17265625 0.3125 0.034375 0.0328125
2 0.20703125 0.3 0.0359375 0.0390625
2 0.2125 0.26875 0.03359375 0.03671875
2 0.29765625 0.31796875 0.03203125 0.0390625
1 0.4796875 0.128125 0.03515625 0.084375
2 0.528125 0.96171875 0.025 0.0765625
3 0.615625 0.6 0.053125 0.04609375
1 0.74296875 0.6546875 0.06015625 0.05
1 0.79140625 0.73125 0.06640625 0.04921875
1 0.8609375 0.628125 0.059375 0.04453125
1 0.93046875 0.58828125 0.06484375 0.0453125
1 0.94609375 0.646875 0.06171875 0.04609375
1 0.93828125 0.7 0.1234375 0.065625
1 0.81796875 0.56796875 0.06640625 0.05
1 0.74453125 0.5625 0.0640625 0.05703125
1 0.94453125 0.17734375 0.05703125 0.06328125
1 0.9015625 0.0359375 0.04921875 0.04140625
1 0.54453125 0.0734375 0.0296875 0.0953125
1 0.565625 0.03046875 0.02734375 0.0578125
1 0.59453125 0.0703125 0.0234375 0.08984375
1 0.61640625 0.03515625 0.02890625 0.0671875
3 0.5765625 0.11328125 0.03125 0.08828125
1 0.52109375 0.37265625 0.05546875 0.10234375