0 0.287417184375 0.9868272078125001 0.3401620453125 0.793272684375 0.3404441046875 0.7852496984374999 0.338469696875 0.7782295859375 0.332546478125 0.7707080375 0.3226744453125 0.7651922359375 0.3170332828125 0.7631864890625 0.3096997734375 0.7676994171875 0.3015200890625 0.789261190625 0.2913659984375 0.8248631890624999 0.254698446875 0.9607525046875001 0.262314015625 0.9697783624999999 0.27246810625 0.9778013484375 0.287417184375 0.9868272078125001
0 0.4822108359375 0.853406503125 0.48085478593750003 0.8461742437499999 0.47163365781250005 0.83556693125 0.463497365625 0.8292989734375 0.45481865624999995 0.827370371875 0.44858083281249994 0.8572637078125 0.41630687968749996 0.9985338234375 0.45047930156250005 0.9999802750000001 0.481668415625 0.8606387609375 0.4822108359375 0.853406503125
0 0.43381240625000006 0 0.42061139843750006 0.0805210859375 0.4222046234375 0.1096543421875 0.434040009375 0.115723771875 0.4458753953125 0.1145098859375 0.464311284375 0.008901828125 0.4629456625 0 0.43381240625000006 0
3 0.22890625 0.07109375 0.05234375 0.05
3 0.446875 0.75234375 0.03671875 0.1421875
3 0.7484375 0.49921875 0.04453125 0.053125
2 0.14921875 0.0671875 0.03125 0.0359375
2 0.15625 0.1359375 0.03203125 0.03984375
2 0.34140625 0.5125 0.03046875 0.0421875
2 0.478125 0.28984375 0.02890625 0.03984375
2 0.83671875 0.54296875 0.03359375 0.03984375
2 0.92421875 0.59296875 0.034375 0.04375
2 0.74921875 0.79609375 0.0359375 0.0421875
2 0.5765625 0.67265625 0.03359375 0.04609375
2 0.478125 0.78984375 0.02109375 0.06328125
1 0.2859375 0.240625 0.04921875 0.0546875
1 0.3875 0.28203125 0.053125 0.0640625
1 0.3640625 0.375 0.05234375 0.05390625
1 0.446875 0.415625 0.053125 0.05703125
1 0.5234375 0.3984375 0.0546875 0.06640625
1 0.58984375 0.3890625 0.0484375 0.05625
1 0.50625 0.0921875 0.02890625 0.07578125
1 0.86484375 0.81015625 0.0671875 0.06484375
1 0.46640625 0.5453125 0.06171875 0.0703125
1 0.6171875 0.6328125 0.0546875 0.05859375
1 0.6734375 0.71015625 0.0609375 0.06484375
1 0.7859375 0.6625 0.05859375 0.05859375
1 0.86171875 0.74453125 0.05625 0.06171875
1 0.86640625 0.7 0.0578125 0.05859375
1 0.759375 0.54765625 0.053125 0.059375
1 0.73828125 0.45234375 0.0546875 0.0609375
1 0.4921875 0.33671875 0.04765625 0.05546875
1 0.53203125 0.215625 0.0265625 0.078125
1 0.4875 0.6765625 0.021875 0.1015625
1 0.2890625 0.33828125 0.0515625 0.05390625
1 0.83203125 0.30625 0.05078125 0.08046875