2 0.26640625 0.78515625 0.0453125 0.0453125
1 0.2904959671875 0.9081292109374999 0.2660549890625 0.8990887578125 0.18702135 0.9496071593750001 0.21597502031250002 0.965668759375 0.29320320781250003 0.9202241421874999 0.2904959671875 0.9081292109374999
1 0.15835525156250002 0.9391757859375 0.186951153125 0.931187446875 0.1955125359375 0.913255834375 0.11884919062499999 0.8874545359375 0.0854481140625 0.9114289265625001 0.1616956640625 0.937855725 0.15835525156250002 0.9391757859375
1 0.553125 0.70234375 0.05625 0.059375
1 0.64296875 0.86640625 0.0625 0.0671875
1 0.68515625 0.81796875 0.0484375 0.0578125
1 0.7234375 0.7171875 0.0515625 0.0625
1 0.65703125 0.92578125 0.0671875 0.06875
3 0.6078125 0.7765625 0.0828125 0.1109375
0 0.66484375 0.728125 0.0859375 0.1328125
0 0.7171875 0.909375 0.0828125 0.1140625
2 0.72734375 0.79765625 0.0421875 0.0390625
2 0.73359375 0.76328125 0.046875 0.040625
2 0.7640625 0.7515625 0.0359375 0.0390625
2 0.70390625 0.67421875 0.034375 0.034375
1 0.85078125 0.82265625 0.0703125 0.0640625
1 0.3859375 0.63828125 0.0609375 0.065625
2 0.03359375 0.53359375 0.0671875 0.0328125
2 0.315625 0.565625 0.0453125 0.0421875
1 0.40625 0.3375 0.0875 0.0703125
1 0.509375 0.39140625 0.090625 0.065625
1 0.66171875 0.46875 0.09375 0.05625
1 0.91484375 0.39375 0.096875 0.0390625
1 0.9515625 0.36796875 0.071875 0.034375
1 0.90703125 0.3421875 0.09375 0.0375
1 0.94375 0.31640625 0.071875 0.034375
3 0.871875 0.365625 0.08125 0.0421875
2 0.203125 0.08515625 0.0421875 0.0421875
2 0.23671875 0.16328125 0.0453125 0.04375
1 0.25 0.23828125 0.0609375 0.065625
1 0.2890625 0.18046875 0.06875 0.075
1 0.2578125 0.10234375 0.0609375 0.0703125
1 0.31484375 0.04296875 0.0578125 0.05
1 0.3828125 0.15 0.0515625 0.0625
1 0.3828125 0.22578125 0.059375 0.06875
3 0.3296875 0.13203125 0.0484375 0.0609375
1 0.90390625 0.03203125 0.05 0.053125
1 0.75390625 0.021875 0.0765625 0.04375
1 0.9301319296875 0.12273024218749999 0.90050296875 0.1090318046875 0.8709662015624999 0.09957339062500001 0.8592927765624999 0.098945728125 0.83971921875 0.110202571875 0.8390720078125 0.11993361875 0.901851678125 0.1437166921875 0.9301319296875 0.12273024218749999