0 0.6473689765625 0.1274523171875 0.629421134375 0.1406624765625 0.6297063406250001 0.2564865515625 0.6471831796874999 0.258818453125 0.6753873328125 0.2573403359375 0.686076925 0.2528105578125 0.6982557375 0.2399027390625 0.6924092203125001 0.140609234375 0.693031109375 0.12794621718750002 0.6710672453125001 0.125849471875 0.6473689765625 0.1274523171875
3 0.591044115625 0.0998906234375 0.57960979375 0.10276635 0.5752264296875 0.10754903125 0.5698577031250001 0.115635465625 0.567835990625 0.12127000937500002 0.561379921875 0.130714275 0.5628935687500001 0.2038074875 0.5914541140625 0.20718886093750002 0.612810725 0.20574439843749998 0.6190460625 0.20314113906250003 0.6237181453125 0.1928147359375 0.626232309375 0.17447114218749998 0.6191983453125001 0.1728885078125 0.6212538234375 0.15684543281250002 0.6229016046875 0.1440758359375 0.623937725 0.1306878734375 0.6226801828124999 0.11774532499999998 0.6272162890625 0.10482435781249999 0.6195536703125 0.1022990375 0.6139297609375001 0.09446349062500001 0.6000318046875 0.09454143125 0.591044115625 0.0998906234375
3 1 0.5170903015625 0.9785572281249999 0.517731765625 0.9233796859375 0.5296743625 0.9192332453125 0.53337276875 0.9215431078125 0.5419544671875001 0.9286541375 0.547499665625 0.951478128125 0.54525918125 0.9643541015625001 0.54249571875 0.9718469515624999 0.5434954750000001 1 0.5382647515625 1 0.5170903015625
2 0.7124948109375 0.06949025 0.7096110296875 0.0727271078125 0.7301028625 0.09085324375 0.7406352453125 0.0937298484375 0.7432863203125 0.0977052109375 0.7530305 0.097194540625 0.7509346781249999 0.092161503125 0.75741876875 0.087707384375 0.7607144531250001 0.0806774984375 0.7482114390625 0.0635041203125 0.73827015 0.06025367968749999 0.7124948109375 0.06949025
2 0.7015156609375001 0.11635151875000001 0.709038825 0.12007154843750001 0.7116719828125 0.123704990625 0.7201623015624999 0.12257431562500001 0.72055628125 0.11843936875000001 0.7289211640625 0.1149152578125 0.7328437765625 0.1081953734375 0.7335777390625 0.08724255 0.7171165171875 0.08776238750000001 0.7037361921875 0.0888064796875 0.6918247562500001 0.09457360625 0.6980405453125 0.10830504218749999 0.7015156609375001 0.11635151875000001
2 0.7414956109374999 0.12179914218750001 0.7263420078125 0.1239647421875 0.716078415625 0.12621692812500002 0.7078748046875 0.13281831093750002 0.7185507828125 0.1500874390625 0.723691659375 0.1549608921875 0.72639649375 0.1599620125 0.7337225468749999 0.1599209296875 0.7377526750000001 0.1552525609375 0.7436994328125001 0.1521980375 0.7481593796875 0.1440785609375 0.74609915625 0.128072190625 0.7414956109374999 0.12179914218750001
2 0.7095035796875 0.224495815625 0.698752746875 0.2256983234375 0.697818421875 0.2513104859375 0.7048299234375001 0.254777509375 0.703911846875 0.2589796421875 0.7118915265625 0.259200525 0.7157143609375 0.25612431875 0.723510334375 0.252839890625 0.727099359375 0.24530237656249998 0.7290020890625 0.22730842187500003 0.7253961359375001 0.223662921875 0.7095035796875 0.224495815625
2 0.218410540625 0.1978556515625 0.2089906796875 0.20024066562499998 0.2078056015625 0.231194684375 0.21582576250000002 0.23424182500000001 0.230416740625 0.234107590625 0.2432126234375 0.23186087031249997 0.24159852656249997 0.222488753125 0.2390455828125 0.2059156984375 0.23922658437500002 0.19865607031250002 0.231222896875 0.1959232890625 0.218410540625 0.1978556515625
2 0.2851582515625 0.8119902375000001 0.29885054375000003 0.81030554375 0.299995325 0.7883243859375 0.29967520468750003 0.7822161328125 0.2925005140625 0.77678948125 0.287094221875 0.7722372609375 0.2802733484375 0.7735618390625 0.2788250671875 0.7787956609375 0.2693264359375 0.78380664375 0.2660091203125 0.8081582484375 0.2748174234375 0.8118874359375001 0.2851582515625 0.8119902375000001
1 0.565509796875 0.21532837656249998 0.54950274375 0.2137013328125 0.533173709375 0.21640655468749997 0.531853340625 0.2226405953125 0.5290843765625 0.264090153125 0.5348334796875001 0.26902897187499997 0.5485376671875 0.26861900625 0.5655108875 0.26772947812500003 0.57058336875 0.2597575890625 0.5710335765625 0.2264438453125 0.57121056875 0.21934500156249997 0.565509796875 0.21532837656249998
1 0.597617290625 0.06322354062499999 0.6147516109375 0.065407990625 0.6322079109375001 0.0632601765625 0.6386813109375 0.050591234375 0.6343329093750001 0.0304751453125 0.6358786000000001 0.018064454687500002 0.6360394828125 0.0106582125 0.6318201796875 0.003481525 0.6071010859375 0.0032357890625 0.59584475 0.0084493390625 0.5938159765625 0.022118315625000003 0.5927699140625 0.054538559375 0.597617290625 0.06322354062499999
1 0.6812927671875 0.1093900015625 0.6858172890625001 0.080486365625 0.6872018796875 0.065001696875 0.681372228125 0.0585258890625 0.6632556328125 0.0585506125 0.6512745609375 0.06041148281249999 0.6477963203125 0.0673750953125 0.641838878125 0.110841209375 0.6536751749999999 0.116693978125 0.671823990625 0.11728405156249999 0.6812927671875 0.1093900015625
1 0.053945646874999996 0.12943074062499998 0.10879676406250001 0.0978531109375 0.116089190625 0.093241015625 0.115173528125 0.0860377171875 0.094700571875 0.0753273203125 0.0791526828125 0.0764442875 0.0676773640625 0.0833905578125 0.018571803125 0.111645709375 0.017324959375 0.1186602 0.04213871875 0.130049515625 0.053945646874999996 0.12943074062499998
1 0.1545894296875 0.160412653125 0.15749368125000002 0.15421770937499998 0.1494590796875 0.14466826875 0.1361840171875 0.1378105609375 0.11904188281250001 0.13931321562500001 0.037830353125 0.171063790625 0.03120093125 0.17805823437499999 0.052526385937499996 0.1947666921875 0.071294346875 0.19348096875 0.1545894296875 0.160412653125
1 0.32887538125 0.9780150046875 0.324279821875 0.93380279375 0.3215061328125 0.924353971875 0.30207495156249997 0.9231336734375001 0.2857180953125 0.9262295437500001 0.2808729484375 0.9316003640625 0.2802215375 0.94090888125 0.291767584375 0.9873152828125 0.300906753125 0.9877957374999999 0.3252165078125 0.9842830749999999 0.32887538125 0.9780150046875
1 0.36725189375 0.9168396390625 0.3463505234375 0.920173675 0.3358748796875 0.9267989984374999 0.33305149843750004 0.93814018125 0.3419410828125 0.9882036703124999 0.350696046875 0.992222128125 0.3700436546875 0.9918477749999999 0.3827915546875 0.9851033687499999 0.385832221875 0.977908278125 0.3819551546875 0.9365366671875 0.3800668796875 0.9222443515625001 0.36725189375 0.9168396390625
1 0.7699822375 0.9472236437499999 0.7837443578125 0.943048684375 0.78910808125 0.9386859203125001 0.799901171875 0.9312128421875 0.8239969109375 0.9107976093750001 0.829294996875 0.9051823875 0.8221594781249999 0.8970790390625 0.8044931999999999 0.8907834812500001 0.7923385578125 0.8936182984375 0.7467058671875 0.929919025 0.7467225015625 0.9409072546875 0.7699822375 0.9472236437499999
1 0.6546376875 0.8645522625 0.6629075953125 0.8578975281250001 0.6704363890625 0.8136080546875 0.6663553828125 0.8062180890624999 0.652722409375 0.8045131578125 0.6361642828125 0.8057265625 0.628075015625 0.8158281203125 0.6178556562499999 0.855765421875 0.622622853125 0.8645019421875 0.6380614984374999 0.8654209828124999 0.6546376875 0.8645522625
1 1 0.54128065 0.962604375 0.5463158625 0.9577105625 0.5541856015625 0.9611002046875001 0.562614259375 0.9707152921875 0.5660824921875001 1 0.5625722578125 1 0.54128065
1 1 0.486907028125 0.9998833703125 0.48468159999999993 0.9632816312499999 0.4905614609375 0.9550421765625 0.49743063125000003 0.9596835078125 0.5094183734375 0.9724465359375 0.5122900390625 1 0.5075792234375001 1 0.486907028125
2 0.83318618125 0.43902085625 0.8242006609375 0.4420588484375 0.8266723796875001 0.45183090156250005 0.82828185625 0.4576141625 0.8457739859375 0.45486380937500004 0.8768881421874999 0.45029938124999996 0.8825207984375 0.44560347968749997 0.8815435578124999 0.439420359375 0.8748378328124999 0.4361045359375 0.83318618125 0.43902085625
1 0.73946113125 0.160465209375 0.7204716515625 0.16111587656249998 0.7095459921875 0.163411121875 0.7093481609375 0.1713457125 0.709763046875 0.21439039843750002 0.7150010359375 0.2206619828125 0.7322446015625 0.221825475 0.7472920828125 0.21621342968750001 0.75121583125 0.209117165625 0.748461296875 0.1799763546875 0.7488929703125 0.16479434843750002 0.73946113125 0.160465209375
1 0.4107821453125 0.7527484249999999 0.41686402187500005 0.7569185984375 0.432373390625 0.7579013515625 0.4434894328125 0.7564210015625 0.45041526875000004 0.7461824296875 0.466924578125 0.7153911390625 0.47158336875 0.7025780296875 0.46600178124999997 0.6977831171875 0.4509145 0.6946834171875 0.43875095625 0.696517925 0.42993324062499993 0.7011696921875 0.4129082125 0.7424621359375 0.4107821453125 0.7527484249999999
1 0.4305643359375 0.9246311796875 0.43093091250000004 0.906497578125 0.430080521875 0.8777069921875 0.4268549421875 0.8664159124999999 0.40958866406250005 0.8636239859374999 0.3952195078125 0.865855765625 0.38452005625 0.8752888562500001 0.3909717390625 0.923009325 0.3965920921875 0.929738721875 0.413665159375 0.9288439609375001 0.4305643359375 0.9246311796875