0 0.57486400625 0.136388775 0.5557430140624999 0.1390510078125 0.5346047 0.1442232046875 0.5212135703125 0.16045625937500002 0.5409263953125001 0.2683377671875 0.5595733078125 0.26812124531250003 0.586263490625 0.2622513625 0.597118209375 0.25302860312500003 0.6027671171875 0.24150330625 0.58341028125 0.1621588125 0.577905478125 0.1383148875 0.57486400625 0.136388775
3 0.466840275 0.090894 0.45753841875 0.10073224375 0.4608257421875 0.112692609375 0.45222492968749994 0.1164530484375 0.4616096515625 0.19356020625 0.48043213749999997 0.1930600640625 0.5108520421875 0.188107659375 0.515198040625 0.1841463296875 0.517663834375 0.1720409453125 0.51653026875 0.1557379765625 0.5106474828125 0.1553213375 0.5099748671875 0.1341791875 0.5098594125 0.12000755156250001 0.5027974703125 0.105369053125 0.5086944703125 0.0921757140625 0.5020529109375 0.09075106250000001 0.499257915625 0.0854803828125 0.48840713906250005 0.08177372968749999 0.4772443203125 0.085829859375 0.466840275 0.090894
3 0.9476236015625 0.44936032031249995 0.9221785406249999 0.4555431484375 0.8661419328125 0.47649790937500003 0.8667903718750001 0.48405752343749997 0.8695690062500001 0.4889667328125 0.8774867140625 0.4923811234375 0.8939452640625 0.48765625 0.9102686343749999 0.48234583906250006 0.919843403125 0.4810604484375 0.9567705953125 0.4676011703125 0.9571560781249999 0.46689542968750003 0.9476236015625 0.44936032031249995
2 0.4859375 0.29296875 0.040625 0.0390625
2 0.61953125 0.23984375 0.0375 0.0375
2 0.296875 0.5328125 0.059375 0.03125
2 0.32109375 0.91484375 0.0390625 0.0453125
2 0.9421875 0.28359375 0.04375 0.025
3 0.5310381343749999 0.658708621875 0.58922675625 0.68008485 0.5965887921874999 0.680256703125 0.611461590625 0.6697112984375 0.6166085 0.6602883875 0.5569918265625 0.6384932453125 0.5310381343749999 0.658708621875
1 0.48125 0.0375 0.0578125 0.06875
1 0.6046875 0.146875 0.059375 0.0671875
1 0.07578125 0.1609375 0.1078125 0.05625
1 0.04375 0.275 0.0875 0.08125
1 0.03359375 0.21328125 0.0671875 0.0671875
1 0.1734375 0.5484375 0.109375 0.0515625
1 0.30546875 0.64375 0.1078125 0.0578125
1 0.3234375 0.5515625 0.10625 0.05
1 0.41953125 0.4734375 0.103125 0.0484375
1 0.465625 0.5359375 0.1078125 0.0546875
1 0.59140625 0.4578125 0.1 0.0484375
1 0.71640625 0.38984375 0.10625 0.053125
1 0.8546875 0.353125 0.09375 0.0453125
1 0.81640625 0.31640625 0.0875 0.04375
1 0.78671875 0.4140625 0.09375 0.05
1 0.95 0.4828125 0.096875 0.0453125
1 0.93984375 0.43046875 0.09375 0.046875
1 0.36171875 0.97578125 0.0546875 0.0484375
1 0.415625 0.971875 0.065625 0.05625
1 0.4140625 0.9046875 0.05625 0.0703125
1 0.36640625 0.9203125 0.05625 0.0671875
1 0.51953125 0.9453125 0.053125 0.0703125
1 0.8421875 0.86484375 0.1109375 0.0703125
1 0.596875 0.73515625 0.071875 0.0640625