1 0.857631553125 0.1774451453125 0.8791723375 0.1788156109375 0.953809175 0.1464096171875 0.9225677421875 0.1261520078125 0.8489410218750001 0.15599630625 0.857631553125 0.1774451453125
1 1 0.20076335312500002 0.942844209375 0.16984848125000002 0.927199365625 0.1694118421875 0.9095982296875 0.1775108171875 0.90850573125 0.18822450468750002 0.9805272390625 0.2295700734375 1 0.220805546875 1 0.20076335312500002
1 1 0.2782512890625 0.99366463125 0.2687337296875 0.9156420531249999 0.22711810312499997 0.8956597890625 0.2273553234375 0.87603841875 0.2405776859375 0.8748294156249999 0.24821102968750003 0.9629802265625 0.2907503921875 0.977025359375 0.29365534375 1 0.27931388749999997 1 0.2782512890625
2 0.6474547234375 0.1574245984375 0.685913296875 0.1550105859375 0.6726821453125 0.1202548125 0.661678740625 0.11340889375 0.6502661875 0.11296216249999999 0.6387073140624999 0.11725519843750001 0.6474547234375 0.1574245984375
2 0.8140625 0.29375 0.0484375 0.05
1 0.63984375 0.340625 0.0625 0.071875
1 0.50703125 0.28671875 0.0578125 0.0640625
1 0.4671875 0.03671875 0.06875 0.06875
1 0.46796875 0.09921875 0.0703125 0.0703125
1 0.41484375 0.1359375 0.0609375 0.0671875
1 0.34453125 0.221875 0.0515625 0.0640625
3 0.478125 0.19921875 0.0875 0.11875
0 0.4046875 0.23046875 0.090625 0.1390625
0 0.4046875 0.05234375 0.084375 0.1046875
2 0.3640625 0.14140625 0.0375 0.0421875
2 0.346875 0.1734375 0.0421875 0.0421875
2 0.315625 0.175 0.04375 0.0421875
2 0.35078125 0.26875 0.05 0.040625
1 0.2189161875 0.050766815624999996 0.2364890703125 0.103901175 0.24727083906249997 0.10833051875 0.2656533921875 0.11056161093750001 0.281065221875 0.10483756250000001 0.2858643578125 0.09743262968750001 0.257491265625 0.051433146875 0.2189161875 0.050766815624999996
2 0.959375 0.6078125 0.0625 0.0328125
1 0.9640625 0.65234375 0.040625 0.0359375
1 0.70078125 0.7578125 0.059375 0.071875
1 0.62734375 0.715625 0.0640625 0.0703125
1 0.5234375 0.81875 0.0578125 0.078125
1 0.58203125 0.88125 0.0625 0.0703125
3 0.59609375 0.584375 0.0625 0.0640625
1 0.470612046875 0.7053910953125 0.46817128906249994 0.7131695578125 0.5104020015625 0.770889753125 0.553081490625 0.7647215390625 0.52087388125 0.7085888453125 0.5076172296875 0.7007056281249999 0.470612046875 0.7053910953125
1 0.27726713125 0.441724378125 0.25477310625 0.46163616875 0.3358601625 0.5067990531250001 0.37120875781249996 0.4858613359375 0.2925965828125 0.444152325 0.27726713125 0.441724378125
1 0.00802715625 0.409967678125 0.0568455625 0.4176997546875 0.06524189062499999 0.3952148984375 0.012027985937500001 0.3847074359375 0.00802715625 0.409967678125
1 0.0155641484375 0.46083208750000004 0.00785116875 0.47900244687500004 0.0905336265625 0.5026445734375 0.105303296875 0.4971590265625 0.10672256093750002 0.48819814375000004 0.09549751875 0.4789356515625 0.03148319375 0.46335341718749995 0.0155641484375 0.46083208750000004
1 0 0.5060480046875 0.04519174375 0.5141746765625 0.053325245312500005 0.49334924375 0 0.48080661718749995 0 0.5060480046875
1 0.002820584375 0.5336599203125 0.085976128125 0.554315084375 0.09785039375 0.5480307421874999 0.097880209375 0.5402106328125 0.09298300625 0.5329710015625 0.0181869125 0.512959421875 0.002820584375 0.5336599203125
1 0 0.5614646703124999 0.04359359375 0.5700562125 0.051126125 0.5453932859374999 0 0.5344159203125 0 0.5614646703124999
3 0.0567164890625 0.4986493046875 0.0414027265625 0.5190179171875 0.11855719843750001 0.539403025 0.1330228515625 0.5396529 0.1376827296875 0.5216793984375 0.0790685078125 0.502529725 0.0567164890625 0.4986493046875
0 0.668038675 1 0.68724496875 0.8754461906250001 0.621800003125 0.8650807265625 0.6021781984375 1 0.668038675 1
1 0.60145444375 1 0.6053882421875 0.9648845859374999 0.6025112734375 0.9525215656249999 0.5642927765625 0.9457879312499999 0.553116515625 1 0.60145444375 1
1 0.507484215625 0.9037899625 0.49637724062500005 0.9510210390625 0.4998551765625 0.967221553125 0.5398424562499999 0.9742353359375 0.5459898515625 0.9697656265625 0.5493979734375001 0.9100882406249999 0.5066729859375 0.90128000625 0.507484215625 0.9037899625
1 0.534086175 1 0.5318254625 0.9981411124999999 0.50228180625 0.99005975625 0.4913011515625 0.9907020640624999 0.4878092328125 1 0.534086175 1
1 0.062906184375 0.9136652937499999 0.086588025 0.9320451593750001 0.0986541125 0.9359975015625001 0.142988628125 0.8926683109375 0.11900277343750001 0.8800238625000001 0.1017354671875 0.8745673093749999 0.062906184375 0.9136652937499999
1 0 0.7767355453125 0.0201623859375 0.77523405 0.029835968750000004 0.7675805234374999 0 0.7320678125 0 0.7767355453125