0 0.92109375 0.26015625 0.1375 0.078125
0 0.5998160375 0.46093195312499996 0.6108368484375 0.4869694015625 0.63215014375 0.48829665625 0.8213876156250001 0.46018315625 0.8288501531250001 0.45517516718750006 0.82587494375 0.4444678171875 0.819741109375 0.4287659453125 0.7950857703125 0.4281570046875 0.6467039640625 0.45277144218750004 0.5998160375 0.46093195312499996
0 0.218797584375 0.418428565625 0.214360803125 0.4222165765625 0.2163886234375 0.4287472140625 0.22149437500000002 0.43772390312500004 0.2270813390625 0.439801428125 0.235226890625 0.44245596093749995 0.2432981125 0.44369219375 0.386225346875 0.4129725046875 0.3882884015625 0.4040941796875 0.38491315312499996 0.39597492968750003 0.3815379015625 0.3878556796875 0.3574357328125 0.3862744296875 0.23920337187500001 0.41380365625 0.218797584375 0.418428565625
0 0.0748643125 0.4333432359375 0.0749202375 0.441558428125 0.077558246875 0.4490061359375 0.0823937390625 0.4554957921875 0.1000515484375 0.456466875 0.21768636406250003 0.435129978125 0.2268371515625 0.41673911406249997 0.22428724843749998 0.41097255781250003 0.1968720671875 0.40966995156249997 0.10635507500000001 0.4266355703125 0.0748643125 0.4333432359375
0 0.006084503125 0.6221968999999999 0.1149887875 0.5946304718750001 0.1167189640625 0.58567246875 0.11198683125 0.5793215265625 0.1054159015625 0.5728607359375 0.08759831875 0.5756504687499999 0.0708775453125 0.5783827203125 0.00503821875 0.5952373140625 0.006084503125 0.6221968999999999
3 0.065625 0.5296875 0.1203125 0.04375
3 0.4609375 0.50390625 0.0796875 0.0296875
3 0.1453125 0.1609375 0.05625 0.046875
3 0.26328125 0.30234375 0.0578125 0.0484375
3 0.7609375 0.87109375 0.0640625 0.0859375
2 0.8265625 0.7453125 0.0390625 0.0390625
2 0.80234375 0.68515625 0.0421875 0.0359375
2 0.8828125 0.80078125 0.04375 0.0390625
2 0.53671875 0.475 0.0609375 0.021875
2 0.23828125 0.56796875 0.05625 0.021875
2 0.2046875 0.19765625 0.040625 0.0328125
2 0.17890625 0.2703125 0.040625 0.0328125
2 0.2515625 0.3640625 0.040625 0.0328125
2 0.16875 0.20546875 0.040625 0.03125
2 0.04296875 0.12109375 0.0390625 0.0328125
1 0.246875 0.15078125 0.065625 0.053125
1 0.24375 0.25625 0.059375 0.05
1 0.4453125 0.253125 0.0625 0.05625
1 0.1421875 0.1 0.0625 0.05
1 0.26484375 0.4734375 0.0859375 0.0359375
1 0.146875 0.55078125 0.0953125 0.0328125
1 0.75625 0.6859375 0.075 0.071875
1 0.68515625 0.68125 0.05625 0.059375
1 0.73359375 0.76875 0.0671875 0.0625
1 0.8515625 0.86875 0.05625 0.065625