0 0.2972875484375 0.8405182468750001 0.3043285703125 0.843763490625 0.3074579125 0.8395910343749999 0.3429237953125 0.664811453125 0.3429237953125 0.6555393281249999 0.3405767875 0.6499760515624999 0.3335357671875 0.6439491687500001 0.32519085312499996 0.64024031875 0.3181498328125 0.63931310625 0.3142381546875 0.6407039265625001 0.309544140625 0.6499760515624999 0.3019815625 0.6884553765625 0.2759037078125 0.8145562937499999 0.27746837812499997 0.8242920265624999 0.2837270640625 0.8340277578125 0.2972875484375 0.8405182468750001
0 0.281686325 1 0.3147401140625 0.8775456640625 0.31717053906250003 0.8684720765625 0.31717053906250003 0.8606947140625 0.31255272968750003 0.853781503125 0.30599058125 0.84730036875 0.2984562625 0.8442758390625 0.291164984375 0.8442758390625 0.28435979375 0.8460041421875 0.27585330468749997 0.8762494375 0.2413412609375 1 0.281686325 1
0 0.5537656656250001 0.151568846875 0.5631480671875 0.15737052499999998 0.5719185734375001 0.161721784375 0.5792613234374999 0.159908759375 0.6027173265625 0.020668478125 0.6025133609375 0 0.576609775 0.0003626046875 0.557437040625 0.09935374218750001 0.5549894578125001 0.12219785000000001 0.5535617 0.14214111875 0.5537656656250001 0.151568846875
0 0.3525509078125 0.2555415234375 0.353188815625 0.24646904374999998 0.349148728125 0.22756804375 0.3440454578125 0.2177395234375 0.263881590625 0.1731331625 0.26047940937499997 0.171999103125 0.25154868750000003 0.2011066421875 0.255163503125 0.2298361625 0.3389421875 0.27860074375 0.3444707296875 0.2782227234375 0.3525509078125 0.2555415234375
3 0.16171875 0.25625 0.04609375 0.05703125
3 0.21875 0.22265625 0.0453125 0.0609375
3 0.553125 0.05703125 0.0234375 0.06640625
3 0.834375 0.76953125 0.065625 0.06171875
3 0.9546875 0.65390625 0.06171875 0.0796875
2 0.05 0.3375 0.0328125 0.046875
2 0.10703125 0.39453125 0.03203125 0.046875
1 0.06015625 0.2671875 0.04765625 0.05546875
1 0.13203125 0.321875 0.05078125 0.05859375
1 0.1203125 0.35859375 0.046875 0.053125
1 0.1984375 0.4109375 0.05078125 0.05625
1 0.18671875 0.45703125 0.0515625 0.059375
1 0.27578125 0.446875 0.05390625 0.0625
1 0.33984375 0.4375 0.05390625 0.05390625
1 0.425 0.37890625 0.05234375 0.0546875
1 0.46171875 0.49921875 0.05703125 0.05859375
1 0.31015625 0.51328125 0.0578125 0.06171875
1 0.35859375 0.4875 0.05234375 0.05546875
1 0.28984375 0.3234375 0.05 0.05390625
1 0.61953125 0.396875 0.05390625 0.059375
1 0.73203125 0.43515625 0.05 0.0625
1 0.88125 0.53046875 0.0546875 0.065625
1 0.77734375 0.7 0.0578125 0.06171875
2 0.75390625 0.82109375 0.0359375 0.03671875
1 0.63203125 0.5765625 0.06015625 0.06328125
1 0.571875 0.58984375 0.05390625 0.0578125
1 0.2296875 0.38203125 0.05234375 0.0578125
2 0.2421875 0.5125 0.03046875 0.04375
2 0.0671875 0.384375 0.03203125 0.05
2 0.25625 0.053125 0.02890625 0.0390625
2 0.3421875 0.0296875 0.028125 0.04140625
2 0.54375 0.1203125 0.015625 0.05078125
1 0.5015625 0.11640625 0.02890625 0.078125
1 0.70859375 0.61171875 0.05546875 0.05546875
1 0.83046875 0.3 0.04921875 0.08125
1 0.3921875 0.5640625 0.053125 0.0578125
2 0.45390625 0.61875 0.03125 0.0421875
2 0.37109375 0.93203125 0.028125 0.06640625
2 0.33046875 0.84921875 0.0234375 0.06875
1 0.79296875 0.55390625 0.05546875 0.06171875
1 0.68515625 0.475 0.0546875 0.06484375