0 1 0.28322678125 0.999753790625 0.2828830859375 0.9927097640625 0.276654059375 0.826625409375 0.30397388593749997 0.7858883046875 0.3106695859375 0.7768951734375 0.3181018140625 0.7773369984375 0.3285478359375 0.7830053765625 0.3380988078125 0.7913320796875001 0.34677366875 0.8055460078125 0.3482676125 1 0.3184534546875 1 0.28322678125
3 0.95859375 0.44765625 0.0828125 0.0578125
3 0.62578125 0.725 0.075 0.0734375
2 0.446875 0.08515625 0.053125 0.0390625
2 0.49296875 0.21875 0.046875 0.0390625
2 0.19375 0.18984375 0.046875 0.0375
2 0.371875 0.36640625 0.04375 0.0359375
2 0.65 0.54453125 0.05 0.0390625
2 0.61171875 0.4484375 0.05 0.0375
2 0.7828125 0.79765625 0.046875 0.0421875
2 0.43203125 0.8734375 0.046875 0.0390625
2 0.39140625 0.74609375 0.04375 0.0390625
2 0.378125 0.146875 0.0484375 0.0375
1 0.09765625 0.4390625 0.0828125 0.0390625
1 0.18125 0.484375 0.0828125 0.034375
1 0.56796875 0.7 0.065625 0.065625
1 0.5265625 0.815625 0.06875 0.0625
1 0.465625 0.82890625 0.075 0.0625
1 0.5515625 0.96796875 0.090625 0.0640625
1 0.58515625 0.93046875 0.084375 0.06875
1 0.75 0.8421875 0.06875 0.0703125
1 0.9390625 0.6078125 0.103125 0.075
1 0.89765625 0.49609375 0.115625 0.046875
1 0.5140625 0.36015625 0.0765625 0.065625
1 0.50625 0.50546875 0.0671875 0.0625
1 0.2421875 0.8078125 0.0890625 0.0609375
1 0.1046875 0.49609375 0.0859375 0.0375
1 0.0390625 0.25234375 0.0359375 0.05
1 0.22890625 0.14453125 0.0671875 0.059375
1 0.36796875 0.04765625 0.0578125 0.0546875