0 0.2622213140625 0.7329025453125 0.2842374265625 0.720318990625 0.2878795265625 0.7115866171875 0.2847314671875 0.7058117421875 0.2770436078125 0.6960507921875 0.267855509375 0.6909188921875 0.2598906125 0.689984690625 0.2512240625 0.6916710109374999 0.05003730468749999 0.7821928859375 0.062410359375 0.7968579046875 0.072870125 0.8064935015625 0.08398307968749999 0.8132025796875 0.2252931796875 0.7500436484375 0.2622213140625 0.7329025453125
0 0.182691265625 0.5563172953125 0.169584565625 0.54813846875 0.161495475 0.54791160625 0.1537325921875 0.5497443468750001 0.010621053125 0.6064095468749999 0.0165473984375 0.6438270171875 0.163084115625 0.585059575 0.1944841046875 0.5731492859375 0.190897909375 0.564065778125 0.182691265625 0.5563172953125
3 0.27734375 0.56875 0.1609375 0.0640625
3 0.5015625 0.1984375 0.0671875 0.059375
2 0.9859375 0.778125 0.028125 0.040625
2 0.55546875 0.6421875 0.0515625 0.040625
2 0.77421875 0.45546875 0.0484375 0.0375
2 0.4375 0.109375 0.0484375 0.04375
2 0.3703125 0.02890625 0.05 0.034375
2 0.178125 0.24921875 0.053125 0.0453125
2 0.34140625 0.4140625 0.0546875 0.0453125
2 0.23125 0.54140625 0.071875 0.0328125
1 0.8609375 0.65546875 0.0671875 0.0640625
1 0.7984375 0.55234375 0.078125 0.0703125
1 0.7015625 0.59375 0.0671875 0.065625
1 0.64296875 0.51015625 0.0703125 0.06875
1 0.6484375 0.42421875 0.08125 0.0703125
1 0.6484375 0.3515625 0.0703125 0.0625
1 0.96640625 0.3953125 0.05 0.0390625
1 0.1421875 0.12578125 0.0828125 0.084375
1 0.4984375 0.51171875 0.0875 0.0796875
1 0.378125 0.36328125 0.0734375 0.06875
1 0.284375 0.315625 0.08125 0.078125
1 0.3171875 0.18515625 0.075 0.0734375
1 0.21484375 0.1171875 0.078125 0.071875
1 0.26171875 0.10390625 0.075 0.0734375
1 0.44609375 0.19453125 0.0734375 0.06875
1 0.553125 0.2015625 0.0734375 0.06875
1 0.72109375 0.44765625 0.06875 0.0625
1 0.8453125 0.384375 0.0890625 0.040625
1 0.35234375 0.51171875 0.115625 0.0421875
1 0.7546875 0.66875 0.0671875 0.065625
1 0.6953125 0.07421875 0.096875 0.06875