0 0.5946097421875 0.169077415625 0.583957978125 0.1668378515625 0.5680453578125 0.1690689390625 0.55442455 0.17257856875 0.5367807296875 0.1869269953125 0.5536328593750001 0.2893913890625 0.5593623859375 0.29258774062500004 0.5730291625 0.2919425515625 0.5941947859375001 0.2878283703125 0.6060238578125 0.2803569609375 0.6133847984374999 0.2682946609375 0.5981001406249999 0.189661909375 0.5946097421875 0.169077415625
3 0.4987560015625 0.15343207812499998 0.4898712703125 0.1566449140625 0.48493143906249997 0.163845559375 0.48264009375 0.1738001953125 0.47912423437499996 0.1774552484375 0.4743513828125 0.1855149296875 0.484377084375 0.25339963125 0.5064810640624999 0.2529661828125 0.5326656203125 0.249065075 0.5384484656249999 0.24348354687499998 0.54124886875 0.2334299609375 0.538752296875 0.217868396875 0.53304135 0.218384165625 0.5324383874999999 0.19353960625 0.533886715625 0.18196585468749998 0.5286141015625 0.1684297203125 0.5328941359375 0.15511688437499999 0.52385054375 0.1547946328125 0.522395271875 0.150025725 0.5171458390625 0.1474801453125 0.5063999781249999 0.1492717640625 0.4987560015625 0.15343207812499998
3 0.8518785140625 0.5025700765625001 0.850547215625 0.5114008890624999 0.8549904234374999 0.5159661703125 0.8616134265625 0.5186790703125 0.8790205609375 0.5141525296875 0.8934908281249999 0.5101968578125 0.900832996875 0.508769684375 0.936251590625 0.4975989890625 0.9286964734375 0.47963761250000003 0.9077024359375001 0.48400417500000004 0.8518785140625 0.5025700765625001
2 0.30625 0.79609375 0.0359375 0.0390625
2 0.04453125 0.61796875 0.0625 0.0265625
2 0.18125 0.3046875 0.040625 0.040625
2 0.63984375 0.13046875 0.0484375 0.040625
2 0.61015625 0.14453125 0.040625 0.040625
2 0.6296875 0.175 0.04375 0.040625
2 0.6265625 0.26875 0.0359375 0.0359375
1 0.5125 0.1 0.053125 0.0640625
1 0.5640625 0.1390625 0.05 0.0609375
1 0.634375 0.22109375 0.046875 0.0609375
1 0.47890625 0.2890625 0.05 0.05625
1 0.34765625 0.96015625 0.0515625 0.0671875
1 0.39765625 0.9546875 0.0609375 0.0765625
1 0.4328125 0.87734375 0.0484375 0.065625
1 0.49921875 0.92890625 0.0546875 0.0671875
1 0.6375 0.8546875 0.059375 0.0640625
1 0.7640625 0.8921875 0.0875 0.0671875
1 0.92265625 0.46171875 0.090625 0.040625
1 0.93046875 0.51171875 0.090625 0.0390625
1 0.35078125 0.76640625 0.0546875 0.0640625
1 0.4546875 0.7109375 0.06875 0.0671875
1 0.83203125 0.4234375 0.0546875 0.025
1 0.121875 0.175 0.109375 0.065625
1 0.06015625 0.27890625 0.1203125 0.0734375