0 0.26850882187499997 0.6128160593749999 0.2654704390625 0.6130240765625 0.2613252421875 0.6144044875 0.240534921875 0.657499365625 0.184886721875 0.773976628125 0.1825068578125 0.7835217437499999 0.188053459375 0.7993882125 0.1984806296875 0.8087469875 0.204815509375 0.812740375 0.20759828125 0.8124686265625 0.288119071875 0.6408791203125 0.29030124062499996 0.6332158515625 0.2889917203125 0.6275787171875 0.28043819999999997 0.6172387421875001 0.2746435 0.61434560625 0.26850882187499997 0.6128160593749999
0 0.2087010390625 0.8235756437499999 0.2028791921875 0.8159721984375 0.1959724515625 0.8095179296874999 0.189904965625 0.8103712484375001 0.1848680578125 0.812427965625 0.18183554375 0.8149844328125001 0.161816184375 0.8525830765625001 0.16234321093749998 0.849401921875 0.1227577578125 0.921249759375 0.16296054843750002 0.931273440625 0.20918602812499998 0.8440451359375001 0.21224447343750003 0.8381825734374999 0.21260365 0.8335399015625 0.2087010390625 0.8235756437499999
0 0.6412334656249999 0.190783190625 0.6500212078125001 0.188705021875 0.7095377546875 0.0484299109375 0.7119651484375 0.0375420328125 0.685905090625 0.0310445296875 0.641615953125 0.128263628125 0.624958321875 0.1758151671875 0.6331657921875 0.183553784375 0.6412334656249999 0.190783190625
0 0.2423953765625 0.43092013125 0.23993409375 0.43379586249999996 0.2281100109375 0.4541104359375 0.2241480765625 0.4647539390625 0.2220821328125 0.4809104046875 0.30424935937500003 0.56149216875 0.30751049531249997 0.561529840625 0.32386582656249996 0.5291628671875 0.3255252421875 0.5198838359375 0.32479113125 0.512334296875 0.32243808125 0.50515653125 0.24764351406250001 0.43610574687500003 0.24476766093750002 0.43189931875000004 0.2423953765625 0.43092013125
3 0.196875 0.37578125 0.0671875 0.0765625
3 0.7234375 0.503125 0.1046875 0.103125
3 0.6453125 0.0890625 0.040625 0.071875
2 0.15390625 0.38671875 0.0453125 0.053125
2 0.35 0.01328125 0.0375 0.0265625
2 0.7671875 0.1265625 0.034375 0.05625
2 0.6109375 0.7875 0.04375 0.05
2 0.25 0.91796875 0.04375 0.071875
2 0.18671875 0.9109375 0.0375 0.05625
2 0.23046875 0.82578125 0.0390625 0.071875
2 0.278125 0.8203125 0.040625 0.0703125
2 0.3765625 0.553125 0.040625 0.0484375
2 0.39375 0.603125 0.04375 0.0484375
3 0.52265625 0.4359375 0.05625 0.06875
1 0.0890625 0.16015625 0.05 0.0671875
1 0.22265625 0.31484375 0.0703125 0.075
1 0.321875 0.38671875 0.0671875 0.0671875
1 0.4078125 0.51796875 0.06875 0.0703125
1 0.41171875 0.275 0.0625 0.065625
1 0.259375 0.39140625 0.0640625 0.065625
1 0.30625 0.45078125 0.065625 0.065625
1 0.57265625 0.64453125 0.0703125 0.075
1 0.71953125 0.78046875 0.075 0.0828125
1 0.82421875 0.69296875 0.071875 0.0796875
1 0.94765625 0.66875 0.06875 0.0953125
1 0.86640625 0.38984375 0.071875 0.0953125
2 0.6234375 0.14375 0.03125 0.0578125