0 0.35424485781250004 0.8795470734374999 0.37461178125 0.8789162015624999 0.39419574218750003 0.875951978125 0.4116173703125 0.8626465796874999 0.4066344828125 0.7487291593750001 0.388956365625 0.7442461375 0.36198940625 0.7485902578125 0.34753730625 0.7543366109375 0.3397516046875 0.76723314375 0.3481031453125 0.851808775 0.34851837343750003 0.8762235296875 0.35424485781250004 0.8795470734374999
0 0.39639174062500004 1 0.3920934265625 0.9480383546875 0.383833296875 0.9461889296875 0.3683785046875 0.9475113374999999 0.3475739109375 0.9490940765625 0.33831645625 0.9582198749999999 0.3339397421875 0.9677385515625 0.335826371875 1 0.39639174062500004 1
3 0.4509442375 0.9017507515625001 0.46219149843749996 0.8987128390624999 0.46593875156250003 0.8924423625 0.4734994 0.8857710796875 0.47010033125 0.8796331187499999 0.47858975312499996 0.8713177390625001 0.475102553125 0.79621601875 0.46007221875 0.7947028109375001 0.4261678375 0.7970291203125 0.417035353125 0.7992261671875001 0.4127130078125 0.8105058250000001 0.41287927187499995 0.8278089312500001 0.42015420625 0.8289000812499999 0.41849507187499996 0.8497972984375 0.41414240781249995 0.8660288812499999 0.42033329999999997 0.88300806875 0.41293525000000003 0.896466775 0.4218444984375 0.89738615 0.4234806421875 0.90247221875 0.43274357343750003 0.9067566781249999 0.44312636562499996 0.9059747 0.4509442375 0.9017507515625001
3 0.1053798796875 0.4931267375 0.10881234375 0.486712503125 0.10603230625 0.47979818906249994 0.0999379609375 0.47553830625 0.07819591406250001 0.4786882671875 0.0626364015625 0.4820531984375 0.053915267187500004 0.482105046875 0.014822559374999999 0.49111428124999995 0.0199065890625 0.5101816312499999 0.04224625625 0.5078336375 0.1053798796875 0.4931267375
3 0.5796875 0.21171875 0.05 0.0640625
2 0.69765625 0.215625 0.0375 0.040625
2 0.97265625 0.4484375 0.05 0.0234375
2 0.8078125 0.7703125 0.0375 0.040625
2 0.32890625 0.9015625 0.0390625 0.0375
2 0.3125 0.865625 0.040625 0.0375
2 0.27734375 0.86328125 0.0328125 0.0390625
2 0.325 0.7671875 0.0375 0.0375
2 0.57109375 0.4015625 0.05625 0.0375
1 0.43203125 0.95234375 0.0515625 0.0671875
1 0.42890625 0.99140625 0.0578125 0.0171875
1 0.38046875 0.91171875 0.0546875 0.0640625
1 0.3109375 0.8171875 0.0484375 0.0625
1 0.48515625 0.75859375 0.0515625 0.0578125
1 0.934375 0.809375 0.1296875 0.065625
1 0.95 0.875 0.1 0.059375
1 0.64921875 0.58046875 0.05625 0.0640625
1 0.6359375 0.21171875 0.05 0.0671875
1 0.553125 0.11640625 0.0609375 0.0734375
1 0.634375 0.05546875 0.0578125 0.0703125
1 0.734375 0.0171875 0.1 0.034375
1 0.51875 0.0515625 0.0578125 0.0765625
1 0.58671875 0.30546875 0.078125 0.0765625
1 0.48828125 0.35703125 0.0734375 0.0625
1 0.03671875 0.52890625 0.0734375 0.0359375
1 0.0359375 0.47578125 0.071875 0.0359375
1 0.25546875 0.54609375 0.096875 0.053125
1 0.403125 0.4578125 0.0921875 0.0625
1 0.0984375 0.5921875 0.090625 0.040625