0 0.6079751375 0.6663493296875 0.5033648125 0.6581143218750001 0.49332839687499996 0.6642905781249999 0.49255636562499994 0.701348109375 0.4948724609375 0.71301436875 0.6060450578125 0.719876875 0.611063265625 0.7102693671875 0.6122213140625 0.66909433125 0.6079751375 0.6663493296875
0 0.1987982203125 0.3897903390625 0.3072687046875 0.3980253453125 0.31035683281250004 0.3891040875 0.3119008953125 0.3609678140625 0.3076547203125 0.3472428015625 0.2960742421875 0.33420404062500003 0.19995626718749998 0.33214528906249996 0.1918499328125 0.3355765421875 0.1895338359375 0.373320325 0.1987982203125 0.3897903390625
0 0.1285433140625 0.3218515296875 0.11310267656249999 0.3067540171875 0.028951196875 0.304695265625 0.025477053125 0.30881276875 0.0239329890625 0.3431252984375 0.036671515625 0.362340315625 0.12275307656250001 0.36508531718750004 0.125841203125 0.3595953125 0.1285433140625 0.3218515296875
3 0.074887096875 0.5085116921874999 0.030109245312499998 0.489296675 0.022774940625 0.5194917015625 0.068324825 0.5441967234375 0.07218498437500001 0.5352754656250001 0.075659128125 0.5181192 0.074887096875 0.5085116921874999
3 0.160582640625 0.4007703484375 0.15710849531249999 0.4151816109375 0.1636707671875 0.42341661875 0.16174068749999998 0.4330241265625 0.171777103125 0.4460628875 0.1806554703125 0.449494140625 0.23392567187500002 0.457042896875 0.25708662968749996 0.45772914687500005 0.2609467890625 0.43851413125 0.2617188203125 0.406260353125 0.25168240625 0.399397846875 0.23315364062500002 0.39665284375 0.230451528125 0.40214285 0.21230877812500001 0.3980253453125 0.197640171875 0.39390784375 0.1798834375 0.398711596875 0.172549134375 0.3891040875 0.1683029578125 0.39596659375 0.160582640625 0.4007703484375
3 0.7955788953125 0.6416443078125 0.7948068625 0.6594868234375 0.8025271828125 0.6759568375 0.8530952734374999 0.6684080812500001 0.8496211296875 0.629978046875 0.8160377406249999 0.6334093000000001 0.7955788953125 0.6416443078125
3 0.5893521609375 0.14315505312500001 0.5893521609375 0.132446603125 0.587767028125 0.1093388984375 0.587767028125 0.100884859375 0.5826946046875 0.06425069375 0.5633559921875 0.0681959109375 0.5649411234375 0.0969396421875 0.571598678125 0.148227475 0.57730515625 0.1532998984375 0.5871329750000001 0.14935468125 0.5893521609375 0.14315505312500001
1 0.575302865625 0.37113075625 0.5430368609375 0.32007876875 0.536261 0.3223732390625 0.527549178125 0.3453179546875 0.56175114375 0.4078423 0.5653004046875 0.4055478296875 0.577238825 0.3854712046875 0.575302865625 0.37113075625
1 0.5672363640625 0.44914278750000003 0.5430368609375 0.40956315468750004 0.533357059375 0.41243124375000006 0.52722651875 0.430787015625 0.5288398187500001 0.43824404687499996 0.56013784375 0.48700156562499997 0.5653004046875 0.486427946875 0.573689565625 0.46979303124999994 0.5672363640625 0.44914278750000003
1 0.771157515625 0.67572184375 0.778578696875 0.67055928125 0.7782560359375 0.644746478125 0.7734161359375 0.6355685921875 0.7253397890625 0.6372894453125 0.7214678671875 0.64646733125 0.7221131875 0.66654395625 0.726630428125 0.6751482249999999 0.771157515625 0.67572184375
1 0.8908643921875001 0.6883414359375 0.878925971875 0.68776781875 0.8711821296875 0.69981379375 0.87182745 0.7204640359375001 0.87602203125 0.72734745 0.9292609390625 0.7508657828125 0.936359459375 0.7445559859374999 0.9392634 0.7193168 0.8908643921875001 0.6883414359375
1 0.9473299000000001 0.57820680625 0.901834834375 0.57419148125 0.8921550328125001 0.57820680625 0.8908643921875001 0.600004284375 0.8966722734375001 0.612050259375 0.9011895140625 0.6149183484375 0.9437806406249999 0.616065584375 0.9518471406250001 0.608034934375 0.95313778125 0.5914000171875 0.9473299000000001 0.57820680625
1 0.8355979203125001 0.3213355375 0.7975648468750001 0.32669113125 0.7877741546875 0.337402315625 0.7885272859375 0.3641802765625 0.7941757609375 0.36886641875000004 0.8438823531249999 0.364849725 0.8465183078124999 0.3507912953125 0.8419995265625 0.32602168125 0.8355979203125001 0.3213355375
1 0.45263123125 0.5924623984374999 0.4093262453125 0.5850984578125 0.4025480734375 0.59514019375 0.4029246390625 0.6138847671875001 0.40744342031249997 0.6245959515624999 0.45225466562500005 0.6346376874999999 0.45752657656249995 0.6272737484375 0.45865627187499997 0.601834684375 0.45263123125 0.5924623984374999
2 0.25982990781250004 0.749113471875 0.23610630625 0.749782921875 0.23045783125 0.757816309375 0.2338469171875 0.7745525359375 0.260959603125 0.7805775781250001 0.2639721234375 0.7745525359375 0.26434868906250003 0.7558079625 0.25982990781250004 0.749113471875
1 0.312925584375 0.6614156484375 0.2730096859375 0.6513739140625 0.26547838281249997 0.65539060625 0.26133616718749997 0.680160221875 0.266608078125 0.688863059375 0.311419325 0.7015825921875 0.318950625 0.6948881015625 0.32083344999999996 0.6687795890625 0.312925584375 0.6614156484375
1 0.22367965937499998 0.9071034453125 0.196190409375 0.8220834187499999 0.1901653671875 0.8194056218749999 0.1799981109375 0.8287779078125 0.1732199375 0.8401585421875 0.1751027640625 0.8602420125 0.201838884375 0.936559203125 0.20786392656250002 0.9378981015625 0.2225499640625 0.919153528125 0.22367965937499998 0.9071034453125
2 0.2138719359375 0.28120730625 0.192054128125 0.28529017031250004 0.1917670515625 0.30468377812499997 0.1969344265625 0.3199945203125 0.2193263875 0.310808075 0.225067915625 0.30366306249999997 0.2244937640625 0.2960076921875 0.2138719359375 0.28120730625
2 0.191479975 0.31335986562499996 0.1903316703125 0.30723556875 0.18717382968750002 0.306214853125 0.1799969171875 0.294986975 0.1578920328125 0.2980491234375 0.157030803125 0.316932371875 0.1633464859375 0.33173275625 0.1860255234375 0.3240773859375 0.186886753125 0.31591165625 0.191479975 0.31335986562499996
2 0.536682259375 0.97858020625 0.5338658515625 0.9390809484375 0.5291718375000001 0.9324050187499999 0.52604249375 0.9268417437500001 0.5222872828125 0.9362993109375 0.519157940625 0.9452005531250001 0.5197838078125 0.9902630859375 0.52479075625 0.9941573796875 0.5354305218750001 0.9919320687500001 0.536682259375 0.97858020625