0 0.27771872656249996 0.9869622093749999 0.287482275 0.992748015625 0.3387409078125 0.7979591875 0.338469696875 0.7868697234375001 0.33413034218750004 0.7791553140625 0.32680768125 0.773851659375 0.32192590625 0.7704766046875 0.3151456640625 0.768548003125 0.3099926796875 0.7728873578125001 0.3042972765625 0.784941121875 0.298601871875 0.8071200484375 0.29778824375 0.8056735968750001 0.2543946921875 0.9662297359375 0.2598188859375 0.9753905953125 0.2682263875 0.981658553125 0.27771872656249996 0.9869622093749999
3 0.421875 0.94375 0.04765625 0.11171875
3 0.7953125 0.7 0.0671875 0.0640625
2 0.11796875 0.44609375 0.034375 0.0390625
2 0.20546875 0.48671875 0.0328125 0.04375
2 0.26640625 0.53671875 0.03203125 0.04375
2 0.303125 0.42734375 0.0296875 0.0453125
2 0.36015625 0.553125 0.03046875 0.04609375
2 0.51953125 0.66015625 0.03203125 0.040625
2 0.528125 0.628125 0.03359375 0.0421875
2 0.6109375 0.7046875 0.03203125 0.04453125
1 0.47109375 0.89375 0.034375 0.10703125
1 0.61875 0.9015625 0.0625 0.084375
1 0.8859375 0.8296875 0.065625 0.071875
2 0.8421875 0.84921875 0.0375 0.0421875
1 0.9546875 0.68125 0.0578125 0.07421875
1 0.93984375 0.60625 0.0578125 0.06796875
2 0.86640625 0.48359375 0.03203125 0.0421875
1 0.77421875 0.553125 0.05546875 0.0609375
1 0.8359375 0.5171875 0.05703125 0.07109375
1 0.7703125 0.640625 0.05703125 0.05703125
1 0.7171875 0.45390625 0.05234375 0.06171875
2 0.771875 0.4328125 0.03203125 0.0375
1 0.83046875 0.30859375 0.05078125 0.0796875
2 0.13046875 0.11953125 0.02890625 0.04296875
2 0.3390625 0.02578125 0.028125 0.04375
2 0.22578125 0.30390625 0.03125 0.0421875
1 0.21796875 0.41484375 0.05078125 0.05234375
1 0.08046875 0.14375 0.0484375 0.0625
2 0.621875 0.38125 0.0296875 0.03828125
1 0.584375 0.5609375 0.05390625 0.0625
1 0.50859375 0.55625 0.05078125 0.06171875
1 0.459375 0.57734375 0.05703125 0.06640625
1 0.303125 0.26484375 0.0484375 0.0578125
1 0.2859375 0.06328125 0.04453125 0.0484375
1 0.49609375 0.13515625 0.02890625 0.075
2 0.5375 0.10859375 0.0203125 0.04921875
1 0.53046875 0.21953125 0.02578125 0.0765625
1 0.5921875 0.44140625 0.05 0.065625
1 0.496875 0.434375 0.05390625 0.05625