0 0.18884081875 0.36446176406249997 0.1891458921875 0.3823594390625 0.20256915000000003 0.40079946875 0.306599390625 0.40513830000000006 0.310565353125 0.3872406234375 0.310260278125 0.36229234843749997 0.303853725 0.3503605640625 0.295311653125 0.3427676109375 0.2117213703125 0.3427676109375 0.194637225 0.3405981953125 0.1909763375 0.3481911484375 0.18884081875 0.36446176406249997
0 0.071689678125 0.358723065625 0.0726167 0.3411439875 0.056548324999999997 0.3268609859375 0.001236028125 0.308183215625 0 0.3614697953125 0.065818540625 0.382894296875 0.071689678125 0.358723065625
3 0.230346203125 0.41143144062500003 0.2073115828125 0.40709551250000003 0.1953877796875 0.40372312343749994 0.179128046875 0.40805905156250005 0.1688302171875 0.400350734375 0.164765284375 0.40805905156250005 0.1607003515625 0.41239498125 0.157990396875 0.41817621875000005 0.1585323875 0.4258845359375 0.1620553296875 0.4311840046875 0.16259732031250002 0.441782940625 0.1669332484375 0.4470824078125 0.17181116875 0.45093656718749997 0.1783150609375 0.450454796875 0.180483025 0.4562360359375 0.1864449265625 0.46249904375 0.2558197828125 0.46490789374999997 0.2590717296875 0.442264709375 0.259613721875 0.41480382968749996 0.248231909375 0.40709551250000003 0.2311591890625 0.40468666249999996 0.230346203125 0.41143144062500003
3 0.571311125 0.1549927203125 0.5808377874999999 0.1555059421875 0.587477584375 0.1508869546875 0.586611525 0.1308713375 0.584590715625 0.11598793125 0.5860341499999999 0.10623673281249998 0.5805491015625 0.07031126875 0.5620731484375 0.07339059375 0.562361834375 0.0959723140625 0.571311125 0.1549927203125
3 0.9765625 0.6171875 0.046875 0.040625
2 0.9640625 0.734375 0.03828125 0.03203125
2 0.696875 0.73984375 0.03359375 0.03046875
2 0.52890625 0.96640625 0.01640625 0.0609375
2 0.24765625 0.7734375 0.03359375 0.03125
2 0.17265625 0.32265625 0.03359375 0.03671875
2 0.18984375 0.28203125 0.03203125 0.040625
2 0.2078125 0.31015625 0.03203125 0.03671875
2 0.296875 0.328125 0.03203125 0.03203125
2 0.48046875 0.05 0.01640625 0.05078125
1 0.115625 0.41015625 0.05703125 0.0453125
1 0.15859375 0.36640625 0.05390625 0.03984375
1 0.25234375 0.3125 0.0546875 0.03828125
1 0.28984375 0.478125 0.04921875 0.040625
1 0.909375 0.734375 0.05859375 0.04296875
1 0.90703125 0.68359375 0.0671875 0.0515625
1 0.9015625 0.5796875 0.05859375 0.04140625
1 0.96953125 0.56953125 0.05703125 0.040625
1 0.94375 0.4484375 0.0546875 0.04921875
1 0.96015625 0.340625 0.0515625 0.0765625
1 0.81328125 0.63828125 0.0578125 0.04140625
1 0.778125 0.5921875 0.05703125 0.0421875
1 0.65625 0.684375 0.05546875 0.0453125
1 0.63828125 0.53125 0.053125 0.07109375
1 0.19921875 0.88984375 0.05078125 0.11640625
1 0.11015625 0.8078125 0.04609375 0.10078125
1 0.54375 0.07734375 0.025 0.08828125
1 0.59453125 0.078125 0.02421875 0.08828125
1 0.13984375 0.9125 0.05 0.0984375
1 0.04609375 0.403125 0.05859375 0.05234375