0 0.28190928125000003 0.5221538406249999 0.25564354218749996 0.5289459828124999 0.25139352812500004 0.5366379343750001 0.2776022109375 0.647858696875 0.2904053265625 0.6497789671875001 0.3273400296875 0.641297028125 0.3364335765625 0.6345926390625001 0.3312163671875 0.6213813296875 0.30802296406249996 0.5193338671875 0.28190928125000003 0.5221538406249999
0 0.673409259375 0.6631190265625 0.6585098078125 0.6607565734375 0.6316617328125 0.665008890625 0.6174757703125 0.6719780203125 0.645411771875 0.7856107390625 0.66558186875 0.7922899953125 0.696771959375 0.786491371875 0.7069637 0.778437665625 0.70618388125 0.7686872921875 0.6863868765625 0.672654659375 0.673409259375 0.6631190265625
0 0.7284833078124999 0.8493311218749999 0.714730925 0.850683709375 0.6915132125000001 0.8572505484375 0.6840716125 0.8613186984375 0.704015625 0.95475225 0.7232668656250001 0.9649123656249999 0.745305503125 0.960183425 0.7649377359375 0.9541844703125 0.76332773125 0.9486604390625001 0.7486274578125001 0.865128846875 0.7284833078124999 0.8493311218749999
0 0.2436118109375 0.196298803125 0.2395239546875 0.20218100468750003 0.2445331953125 0.2428629375 0.24730100312499997 0.2512833625 0.2673854140625 0.2513236890625 0.2802408625 0.2464688765625 0.2837687703125 0.23705130468750002 0.284311934375 0.22689845156250002 0.2871873921875 0.22241629375 0.27998707500000003 0.190537528125 0.2436118109375 0.196298803125
0 0.8788542515625 0.3244792984375 0.84341188125 0.3272148140625 0.8356668421875 0.3337863703125 0.8355723921875 0.342435334375 0.841588465625 0.348060771875 0.9020137281249999 0.345890928125 0.9269485562499999 0.3415304953125 0.9251372531250001 0.320849078125 0.8867108765625 0.3232349296875 0.8788542515625 0.3244792984375
2 0.750516253125 0.8133202125000001 0.75206260625 0.808551615625 0.7504893171875 0.791352328125 0.743927503125 0.786252340625 0.7355197875 0.7840296718750001 0.7330869437499999 0.7795682 0.726301125 0.7803198484375 0.7247547734374999 0.7850884437500001 0.7184182765625 0.7886770046875 0.7165858468749999 0.80253826875 0.7168988656249999 0.815413484375 0.733115196875 0.8160762687500001 0.750516253125 0.8133202125000001
2 0.752319115625 0.7484106953125 0.7439114015625 0.7461880265625 0.74040583125 0.7422195765625 0.730252065625 0.7435046546875 0.7311007875 0.74886326875 0.7236794171875001 0.7565010953125 0.7222585359375 0.769327815625 0.7208997296875 0.7789135046875 0.7387001859375 0.77867915 0.755689696875 0.776957634375 0.7596931953125 0.769538025 0.7570971078125 0.7531469734375 0.752319115625 0.7484106953125
2 0.7784265453125 0.7373549078125 0.7686394375 0.736208053125 0.7621057890625 0.7328602875 0.7552342546874999 0.73496 0.756549140625 0.7394714578125 0.7537123875 0.74430335 0.76059935 0.7688338781249999 0.7717267 0.767071478125 0.7869536015625 0.7646597734375 0.7897382656249999 0.7594990109374999 0.784049334375 0.7425325515625001 0.7784265453125 0.7373549078125
2 0.7074504734375 0.6568990703125 0.7000059671875001 0.6553811828125 0.696608921875 0.65288511875 0.6878762593750001 0.654605359375 0.689295321875 0.6597745640625 0.6860291843749999 0.66568583125 0.69387909375 0.688715353125 0.70729695625 0.68625305 0.7188536921875001 0.683411275 0.7206754078125 0.6797515171875 0.71663925 0.6618490390625 0.7074504734375 0.6568990703125
3 0.5645800359375001 0.736263740625 0.5808366859375 0.8095086265625 0.5888972390625 0.8142078968750001 0.5938726765625 0.8246247437499999 0.6015729328125 0.8312485609375001 0.6166116203125 0.8296136578125 0.624499046875 0.8332198609375 0.6373603906249999 0.83043583125 0.6422765984375001 0.82368124375 0.6466016781249999 0.8173937796875 0.6460963484375 0.8100038953125 0.639448890625 0.80582780625 0.6397499578125 0.7867318265625001 0.6340102640625 0.7756890328125 0.625241646875 0.75392109375 0.630850353125 0.751538778125 0.6281380624999999 0.7344140515625 0.6150303187499999 0.723044259375 0.5871302859374999 0.727463190625 0.5645800359375001 0.736263740625
2 0.234381259375 0.8164777484375 0.24889636875 0.8141787812500001 0.2544408984375 0.8089239484374999 0.25214971249999996 0.781037446875 0.241044071875 0.7780218640625 0.21848051562499998 0.7831870953125 0.2173905390625 0.789725790625 0.22760721562500003 0.8139697421875001 0.234381259375 0.8164777484375
1 0.5422239234374999 0.0043772421875 0.5171489765625 0.0099685203125 0.5058155265625001 0.015813053125 0.51336773125 0.0316247625 0.5340999734375 0.06235681875 0.54091659375 0.0689712046875 0.559847940625 0.065567825 0.5768717859375 0.059226971875 0.5796535890625 0.0494725484375 0.5771829765625001 0.042979720312500004 0.555121575 0.0084086921875 0.5422239234374999 0.0043772421875
1 0.2723623 0.35640467343750004 0.29662485 0.35414196875 0.3063229640625 0.3443103875 0.302339228125 0.30583375468749996 0.294713084375 0.2932157 0.275254215625 0.294717578125 0.2594706890625 0.29721744375000003 0.25607080937500004 0.306841534375 0.265651678125 0.34956700937499996 0.2723623 0.35640467343750004
1 0.1875831328125 0.187489796875 0.1959303390625 0.1909156390625 0.2201529734375 0.1878096 0.22876710625 0.1806016734375 0.22541025312500002 0.167620059375 0.208571046875 0.118790553125 0.1944998953125 0.1202887578125 0.1769040890625 0.1241713296875 0.16989747187499998 0.1333159953125 0.18288717968749998 0.178372515625 0.1875831328125 0.187489796875
1 0.3010423078125 0.114405915625 0.320781225 0.11358795937499999 0.335142809375 0.1047728984375 0.3364490109375 0.095717228125 0.32457780625 0.0510451171875 0.315844234375 0.047811620312500004 0.30151158906250003 0.048158039062500005 0.2883822921875 0.051776434375 0.28373432187500003 0.06136138906250001 0.294818284375 0.1053887265625 0.3010423078125 0.114405915625
1 0.404215303125 0.8899931828125001 0.41817734375000004 0.8846639156249999 0.42891615625 0.8784594234374999 0.42681558124999996 0.8690919953125 0.40146817031250004 0.8298024921874999 0.389110521875 0.8296811515625 0.3641955625 0.839863090625 0.36679090937500003 0.8484592890625 0.39427798125 0.8856777375 0.404215303125 0.8899931828125001
1 0.41171539687500003 0.7418396281249999 0.425987159375 0.7411935609375 0.4422153171875 0.7347488156249999 0.44769887500000005 0.7258085140625 0.442288175 0.7134277499999999 0.4309301625 0.681648034375 0.42018556250000005 0.6791524812499999 0.4006041859375 0.6825767375 0.39008473125 0.688763059375 0.3906590828125 0.699649725 0.407090734375 0.7380519 0.41171539687500003 0.7418396281249999
1 0.1803081234375 0.8600059765625 0.0963891859375 0.8486556703125 0.07715952968749999 0.8499412234375001 0.06126095625 0.8683004406249999 0.063014703125 0.875415203125 0.15408245625 0.8923217250000001 0.170879196875 0.8875492312500001 0.187892065625 0.8683094765625 0.1803081234375 0.8600059765625
1 0.17066456562500001 0.936744034375 0.17033473906250002 0.9304922281250001 0.161673659375 0.930009878125 0.10634218749999999 0.9183780796875001 0.08410955625 0.9155953359375 0.073731115625 0.9209473828125001 0.0629609734375 0.936870790625 0.0631975203125 0.9383642906249999 0.0673339734375 0.9430976843750001 0.145899996875 0.9554994046875 0.159027128125 0.9508244890625001 0.17066456562500001 0.936744034375
1 0.6405028578125 0.9055494890625001 0.6558651281250001 0.90463085 0.6740481421875 0.9002364375 0.675932871875 0.8908508890625001 0.6648350046875 0.8505810796875 0.6549387234374999 0.8434400859375 0.6398689578125001 0.8462055296875001 0.6231769468749999 0.8514996703125 0.6197427140625 0.8596161296875 0.6340708328125 0.8989956906250001 0.6405028578125 0.9055494890625001
1 0.5323029265625 0.72844960625 0.54339831875 0.731593128125 0.5690610140625 0.724378003125 0.56897916875 0.715989490625 0.559272609375 0.6783199734375 0.5474068265625001 0.6742482843750001 0.523852115625 0.67902916875 0.519068940625 0.688188225 0.5302753609375 0.72351981875 0.5323029265625 0.72844960625
1 0.7331277953125 0.6820999140625 0.7207096484375 0.6819485078125 0.704308384375 0.6872696765625 0.7024052625 0.699070165625 0.7112635515625 0.734585203125 0.7168249734375001 0.7424799625 0.7353176140625 0.7401562312500001 0.7465087406250001 0.7359628734375 0.7507370171875001 0.7286358265625 0.7491359546874999 0.72192945 0.7423222875000001 0.689116646875 0.7331277953125 0.6820999140625
1 0.808874921875 0.44994650468749997 0.8184748328125 0.445534396875 0.8251298828125 0.43472108593750003 0.82201748125 0.42726205625 0.7494703109375 0.42031825312500004 0.736284025 0.4224067546875 0.72664333125 0.4387533 0.7311927093749999 0.443093103125 0.7950743124999999 0.4481563140625 0.808874921875 0.44994650468749997
1 0.7322009125 0.4819704359375 0.7412287546874999 0.4780103890625 0.7478838046875 0.46719707968749996 0.7394129671874999 0.45841801875000004 0.6727963015625 0.45234218593750003 0.663433375 0.45418658125 0.655871165625 0.4633363015625 0.6554953 0.4731550875 0.6744868 0.475207484375 0.7213587578125 0.48260330468749996 0.7322009125 0.4819704359375
1 0.9503904890625 0.29321286562500004 0.8800739296875 0.3001906703125 0.86833009375 0.3062099546875 0.8669889515625 0.3144437671875 0.8770938828125001 0.3214588765625 0.9459998421875 0.315595753125 0.9605996109375001 0.3109066671875 0.9608849890625001 0.29600702968750003 0.9503904890625 0.29321286562500004
1 0.96980129375 0.3489620625 0.897947596875 0.352915353125 0.8830724109375 0.355865528125 0.8791160250000001 0.3609484890625 0.8795068031250001 0.370096346875 0.88727190625 0.375699515625 0.9316915046875 0.3722292078125 0.956785775 0.3703342859375 0.96795643125 0.3673766734375 0.9724400937500001 0.35894222343750004 0.96980129375 0.3489620625