0 0.1870692734375 0.3866758171875 0.19003862656249998 0.39723351875 0.19931785625 0.4110905015625 0.301018215625 0.41504964062500005 0.3076992609375 0.4124102140625 0.309926275 0.3813969671875 0.3076992609375 0.3668801265625 0.3032452296875 0.35764213749999996 0.290625478125 0.35170343125 0.20562773281250002 0.353683 0.19337914843749998 0.35302314375 0.18892511875 0.36160127656249996 0.1870692734375 0.3866758171875
3 0.1956959703125 0.41399968906250006 0.194006021875 0.419407521875 0.1740646375 0.414600559375 0.1618970109375 0.41039446718750006 0.1470254703125 0.4158023 0.14398356406249999 0.40919272656250005 0.136209803125 0.40919272656250005 0.1294500109375 0.41339881875 0.1223522296875 0.41880665156249997 0.12032429375 0.428420578125 0.12201424062499999 0.4374336328125 0.125056146875 0.4464466890625 0.12911202187499998 0.45545974375 0.1355338234375 0.45726235624999995 0.1436455734375 0.4578632265625 0.1449975328125 0.4662754109375 0.22036920937499999 0.4740867265625 0.22408709531249998 0.45245539375000005 0.22543905312499998 0.4290214484375 0.22307312656249997 0.419407521875 0.21124349062499997 0.414600559375 0.1956959703125 0.41399968906250006
3 0.5690803859375 0.15801269843750002 0.5752405328125 0.1600986734375 0.5828673828125 0.15696970937500002 0.5858007890625 0.15175476875 0.585507446875 0.133502478125 0.583160725 0.11681466874999999 0.5840407453124999 0.10899225625 0.5793472984375 0.0730091671875 0.5605735125 0.0777026140625 0.5602801734375 0.09647639999999999 0.5690803859375 0.15801269843750002
3 0.91380470625 0.440395315625 0.9208124109375 0.43728077968749995 0.9243162625 0.42856008125 0.923965878125 0.40924996093750005 0.9204620265625 0.4005292609375 0.9110016249999999 0.3974147265625 0.9043443046874999 0.39679181875 0.8794669531249999 0.39180856249999996 0.8742111749999999 0.3955460046875 0.8745615593749999 0.43105170781249996 0.91380470625 0.440395315625
2 0.0737586359375 0.375271453125 0.077973415625 0.3783935109375 0.09553499531250001 0.3690273359375 0.1018571640625 0.36090998281250003 0.1067744078125 0.35154380625 0.10080346874999999 0.34842174843749996 0.09764238593749999 0.34217763125 0.090617753125 0.339055571875 0.0741098671875 0.34092880625 0.069192625 0.34654851249999996 0.0698950875 0.36090998281250003 0.0737586359375 0.375271453125
2 0.13030692500000002 0.3702761578125 0.1422487984375 0.365280865625 0.1517320515625 0.3559146890625 0.15559559843749998 0.35029498281250004 0.16016160937499999 0.34654851249999996 0.159459146875 0.3403043953125 0.15559559843749998 0.3371823375 0.1506783578125 0.3334358671875 0.143653725 0.33093821874999996 0.129253228125 0.334060278125 0.12503845 0.34280204375 0.12503845 0.3559146890625 0.13030692500000002 0.3702761578125
2 0.3860170390625 0.49052344999999997 0.4079690125 0.5013305765625 0.4130348546875 0.50073018125 0.416749803125 0.49412582499999996 0.41269713125 0.48692107343749996 0.40999535 0.4761139484375 0.395810996875 0.463505634375 0.389394265625 0.463505634375 0.384328425 0.48091711562499995 0.3860170390625 0.49052344999999997
2 0.5130007703125 0.517541265625 0.5069217625 0.47491315624999997 0.502869090625 0.468909196875 0.49780325000000003 0.46710800937499997 0.49341285468749996 0.47131078125 0.49408830000000004 0.4851198859375 0.4957769140625 0.51874205625 0.49881641718749997 0.5259468078125 0.5113121578125 0.52414561875 0.5130007703125 0.517541265625
2 0.621747478125 0.6094018375 0.6325546046875 0.5715768953125 0.6301905453125001 0.561370165625 0.6244492609375001 0.5565669984375 0.6193834203125 0.563171353125 0.607900846875 0.5949923359375 0.608914015625 0.6051990671875 0.6160061921875 0.611203025 0.621747478125 0.6094018375
2 0.6501161843750001 0.6088014421875 0.6480898484375001 0.597994315625 0.6426862859375 0.592590753125 0.6376204453125001 0.5967935234375 0.62580015 0.62321094375 0.6237738140625 0.63401806875 0.6312037140625 0.647827175 0.63593183125 0.6466263828125001 0.6420108390625 0.634618465625 0.6501161843750001 0.6088014421875
2 0.280873025 0.351968015625 0.300320534375 0.3502676859375 0.307015578125 0.3491341328125 0.311478940625 0.3468670296875 0.312435375 0.3383653859375 0.308928446875 0.33609828125 0.307015578125 0.3270298625 0.30127696875 0.32419598125000004 0.2853363875 0.3213621 0.280235403125 0.32589630937499997 0.280873025 0.3394989390625 0.280873025 0.351968015625
2 0.45327179375000004 0.267216853125 0.44992414375 0.239245378125 0.44691125937500004 0.226747484375 0.4425593140625 0.22079610781249998 0.43753783906250004 0.22079610781249998 0.43552925 0.22972317343749998 0.43586401406249997 0.267216853125 0.4392116640625 0.27554878125000004 0.4509284390625 0.27376336874999996 0.45327179375000004 0.267216853125
1 0.9108936328125001 0.6966545796875 0.9152921546874999 0.709450275 0.926888253125 0.709450275 0.97687144375 0.7009198109375 0.9780710406249999 0.6845697546875 0.9740723843750001 0.6689305703125 0.9680744015625 0.662532721875 0.9216900015625 0.6660870812499999 0.9144924234375 0.6660870812499999 0.9084944406250001 0.67532841875 0.9108936328125001 0.6966545796875
1 0.8417169015624999 0.68385888125 0.8513136734375 0.6888349859375 0.89050049375 0.6888349859375 0.8968983406250001 0.6859914984375 0.89729820625 0.6682196984375001 0.8948990140624999 0.6561348734375 0.8861019718750001 0.6532913859375 0.8549124625 0.65115876875 0.8409171687500001 0.6497370265625 0.8381181109375 0.6682196984375001 0.8417169015624999 0.68385888125
2 0.8231846718750001 0.7457320890625 0.8235691578125 0.754617990625 0.8297209359375 0.7594027062500001 0.8335657953125001 0.76692154375 0.8547125296875 0.7717062593749999 0.8620177640625 0.76692154375 0.86240225 0.74914974375 0.8577884171875001 0.7423144359375 0.8431779484374999 0.7409473734375001 0.8354882265624999 0.74026384375 0.8301054203125 0.7457320890625 0.8231846718750001 0.7457320890625
1 0.7431750046875 0.46318312656250005 0.7487740125 0.4638467125 0.7834878625 0.4379668546875 0.78498093125 0.42204078593750005 0.7805017249999999 0.410759821875 0.7749027171875 0.40545113125 0.7390690656250001 0.4280130609375 0.734216590625 0.438630440625 0.7372027296875 0.4499114046875 0.7431750046875 0.46318312656250005
1 0.48486998437500006 0.2610116828125 0.4885404609375 0.2694945625 0.5002859875000001 0.2655793875 0.5065257984375 0.2577490375 0.5039564624999999 0.24078327812500003 0.49698255781249995 0.188580940625 0.49000865156250006 0.1781404734375 0.4756937921875 0.18792841093749998 0.476794934375 0.2061992296875 0.48119950781250004 0.23164786875 0.48486998437500006 0.2610116828125
1 0.058001490625 0.42682847968750004 0.0632743546875 0.4393271171875 0.10088744062499999 0.436827390625 0.112487740625 0.4343276625 0.11670602968749999 0.418704365625 0.1138938359375 0.401206271875 0.10510573125 0.39558188437499997 0.0699533125 0.39870654375000003 0.063977403125 0.40058134062499995 0.059056064062500004 0.407455590625 0.058001490625 0.42682847968750004
1 0.4786217890625 0.0931224078125 0.48204540625 0.085210046875 0.481018321875 0.032866731249999996 0.478279428125 0.0158247234375 0.4693780203125 0.0121728640625 0.460134253125 0.017650653125 0.45842244218749995 0.028606231250000003 0.45979189062500003 0.06208160625 0.46081897656250004 0.085818690625 0.4649273171875 0.0931224078125 0.4786217890625 0.0931224078125
1 0.46338694687500004 0.399625303125 0.4608179265625 0.3619463453125 0.458570034375 0.32598006874999996 0.4521474859375 0.316845775 0.4421925328125 0.320271134375 0.4376967484375 0.3265509609375 0.43833900468750003 0.336827040625 0.44251366093750005 0.3927745828125 0.4450826796875 0.40590512968750003 0.45407425 0.40590512968750003 0.46338694687500004 0.399625303125
1 0.4708915 0.30889139375 0.47907544375000005 0.30609346406250004 0.48537078281249996 0.2988188484375 0.4803345109375 0.26804162656249997 0.4740391703125 0.224953515625 0.4642813921875 0.222715171875 0.45609744843750005 0.23334730312500002 0.4583008171875 0.2596478390625 0.4655404609375 0.29993801875 0.4708915 0.30889139375
1 0.53793688125 0.5109018890625 0.52849386875 0.43423862656249995 0.5140145859375 0.43479821249999995 0.5070897109375 0.44039407031250005 0.517477021875 0.524891534375 0.53447444375 0.5215340187499999 0.53793688125 0.5109018890625
1 0.5361924124999999 0.8489321453124999 0.5333718328125 0.8078143437499999 0.53055125 0.76669654375 0.5257562640625 0.7576706859375 0.5144739406250001 0.758673559375 0.5099610109375 0.76769941875 0.509678953125 0.775722403125 0.513627765625 0.853445075 0.515602171875 0.86397524375 0.5342180062499999 0.85996375 0.5361924124999999 0.8489321453124999
1 0.487421434375 0.5342697109375 0.49100981250000003 0.5289535937500001 0.48473015 0.4603756921875 0.482636928125 0.444958953125 0.475460171875 0.44336411875000004 0.466489225 0.4470854 0.46290084687500005 0.4619705265625 0.4682834140625 0.5167265265625 0.4712737296875 0.53639615625 0.4760582359375 0.5385226046875 0.487421434375 0.5342697109375
1 0.4400188796875 0.16994694375 0.45688861249999996 0.1654483484375 0.4580132625 0.1439550578125 0.4552016390625 0.0949703515625 0.44985955781250003 0.086972846875 0.440862365625 0.0884723796875 0.4355202828125 0.097969415625 0.4374884203125 0.129959428125 0.43776958125 0.15345209375 0.4400188796875 0.16994694375
1 0.541507628125 0.12544160625 0.5509698171874999 0.12399975 0.554213996875 0.1143873671875 0.554213996875 0.103333125 0.5471849421874999 0.0422944890625 0.5434000671875 0.037007678125 0.5366413578125 0.038449534375 0.5298826515624999 0.0437363453125 0.5317750890624999 0.079302165625 0.5358303140625 0.119674178125 0.541507628125 0.12544160625
1 0.585844746875 0.11775169999999999 0.5931441515625 0.1249609875 0.6020656453125001 0.12351913125 0.6050394765625 0.10910055625 0.6026063421875001 0.0812246421875 0.59855111875 0.04085263125 0.590981365625 0.037488295312499996 0.581248828125 0.0422944890625 0.581519175 0.04277510625 0.5801674343750001 0.050945632812499995 0.585844746875 0.11775169999999999
1 0.9542366703124999 0.7155518796875 0.9127808906249999 0.718901840625 0.9048666046875 0.722251803125 0.9048666046875 0.7383316203125 0.9075046999999999 0.75173146875 0.9127808906249999 0.75709140625 0.9598897296875 0.75173146875 0.9651659218749999 0.743691559375 0.9621509546875 0.718901840625 0.9542366703124999 0.7155518796875