0 0.37455900625 0.693717003125 0.3781721171875 0.7051362125 0.48375520156249996 0.71298691875 0.4901785078125 0.707991015625 0.492587246875 0.68301149375 0.49138287812500003 0.658745671875 0.3946318375 0.6523223671875 0.3817852265625 0.6494675640625001 0.3769677453125 0.658745671875 0.37455900625 0.693717003125
0 0.189758875 0.37157293281250003 0.1987950125 0.38903406875 0.3068357796875 0.39811385781249997 0.31115740937499997 0.38414495 0.31115740937499997 0.3590009171875 0.3068357796875 0.34573045625 0.2962281390625 0.33525377500000003 0.20547389531250002 0.331063103125 0.1964377578125 0.3317615484375 0.190544625 0.3422382296875 0.189758875 0.37157293281250003
0 0.023421425000000003 0.343850025 0.0355099015625 0.3599679953125 0.12390689375 0.36466906875 0.1265512484375 0.3572816671875 0.129195603125 0.33511945781249997 0.128440071875 0.3223593984375 0.1110628859375 0.3062414296875 0.0324877828125 0.304898265625 0.027199075 0.3042266828125 0.024554718750000003 0.32303098124999996 0.023421425000000003 0.343850025
0 0.745123546875 0.6446436484375 0.7425439890625001 0.6570910359375 0.7454920546875 0.6754345546875 0.753599234375 0.67674480625 0.791555578125 0.6754345546875 0.796346184375 0.670848675 0.796346184375 0.636782140625 0.7661285125 0.6348167640625 0.76244343125 0.6380923921874999 0.7532307265625 0.64005776875 0.745123546875 0.6446436484375
0 0.5707859531249999 0.146490440625 0.576806109375 0.1511727828125 0.5847075609375 0.14983497031249998 0.5895989375 0.141808096875 0.58696511875 0.109031696875 0.58696511875 0.10167373125000001 0.5835787828125001 0.06622170625 0.5643895375 0.06755951875 0.5640132796875 0.09097123124999999 0.5707859531249999 0.146490440625
2 0.187772515625 0.3164697953125 0.1919123828125 0.31436700625 0.191616678125 0.3080586375 0.18718110625 0.3064815453125 0.1839283546875 0.2991217828125 0.1783099640625 0.293864809375 0.1623419078125 0.2949162046875 0.1582020421875 0.29701899374999996 0.1582020421875 0.31331561093750004 0.1611590890625 0.3280351359375 0.1729872796875 0.32645804375 0.1854068796875 0.3227781640625 0.187772515625 0.3164697953125
2 0.1939823171875 0.31909828125 0.2025577546875 0.3164697953125 0.2140902390625 0.31331561093750004 0.220004334375 0.30543015156250003 0.22503131562499998 0.30543015156250003 0.2247356109375 0.2959676 0.22059574375 0.2933391125 0.217342990625 0.28597934999999997 0.21231601093750002 0.28229946875 0.1969393640625 0.28229946875 0.1907295640625 0.28703074375000004 0.191616678125 0.302801665625 0.1939823171875 0.31909828125
2 0.197452425 0.2813697046875 0.22089989999999998 0.2841121 0.22491065156249998 0.280821225 0.229229925 0.2813697046875 0.2301554828125 0.27478795625 0.22614472968750002 0.26930316875 0.223676575 0.2605275046875 0.21812322499999998 0.25613967187500003 0.2017716953125 0.253397278125 0.197452425 0.2566881515625 0.197452425 0.2709486046875 0.197452425 0.2813697046875
2 0.2804441453125 0.3307328109375 0.30265754375 0.3345721640625 0.3075938546875 0.3307328109375 0.312530165625 0.331281290625 0.312838684375 0.32305410625 0.310062009375 0.3203117109375 0.3075938546875 0.31372996249999996 0.3017319859375 0.3060512578125 0.28476341875 0.3049543 0.281678225 0.307148215625 0.280752665625 0.31811779375000004 0.2804441453125 0.3307328109375
3 0.23071953281250002 0.40287618125 0.2095275171875 0.3980149296875 0.1985897015625 0.3943689921875 0.181157559375 0.3974072734375 0.1763722640625 0.39193836718749997 0.16953613125 0.392546021875 0.16440902968749999 0.3974072734375 0.158940121875 0.40287618125 0.158256509375 0.4150293078125 0.162699996875 0.4217135296875 0.16338360937500002 0.435689625 0.17056155 0.44176618906250004 0.180815753125 0.44480447031250003 0.186284659375 0.4514886921875 0.25567142187499997 0.45574228593750005 0.260456715625 0.43386665625000004 0.260456715625 0.40773743125 0.248151675 0.3974072734375 0.232086759375 0.3974072734375 0.23071953281250002 0.40287618125
2 0.259982165625 0.7476611281250001 0.23412959687499998 0.7496031046875 0.23012426874999997 0.7554290359375 0.23012426874999997 0.769022875 0.23340135625 0.77484880625 0.2570692 0.7806747359374999 0.2628951296875 0.778732759375 0.2643516140625 0.7573710124999999 0.259982165625 0.7476611281250001
2 0.5359757421875 0.9882593109375 0.5344194812499999 0.9445457125000001 0.5303732078125 0.934585653125 0.526638184375 0.926285603125 0.5229031625 0.9268389390625 0.5225919109375 0.9373523359375 0.5188568874999999 0.9467590593749999 0.5185456375 0.984939290625 0.52165815625 0.9943460140625 0.5319294671875 0.9943460140625 0.5359757421875 0.9882593109375
1 0.8701480296874999 0.3630146234375 0.8697774390624999 0.3808029984375 0.8768186703125 0.3860736296875 0.9079483265625001 0.40056786093749996 0.92351315625 0.40517966093749996 0.9272190671875 0.3939795734375 0.92870143125 0.3702617390625 0.9231425640625 0.3590616515625 0.8883069953125 0.343908590625 0.8820069453125001 0.34259093281249997 0.8734833500000001 0.34654390625 0.8701480296874999 0.3630146234375
1 0.7002452625 0.638186009375 0.6875924046875 0.63304453125 0.6518028953125 0.6349725859375 0.64421118125 0.64525554375 0.6456572203125 0.6677495109375 0.6528874250000001 0.672890990625 0.69337656875 0.6754617296875 0.7016913015624999 0.670962934375 0.7016913015624999 0.6561811843750001 0.7002452625 0.638186009375
1 0.8723572734375 0.6916467374999999 0.8252299265625 0.6833279625 0.8128631765625001 0.6821395671875 0.8075153921875 0.691052540625 0.808183865625 0.713632071875 0.8125289406249999 0.7207624515625 0.8215533265625 0.7237334421875 0.864669834375 0.7290812265625 0.8720230375 0.7213566499999999 0.873025746875 0.7047190984375 0.8723572734375 0.6916467374999999
1 0.9217651453125001 0.5833699109375 0.9175400953124999 0.5758587109375 0.8749375046875001 0.571477178125 0.8668394906250001 0.5739809109375 0.8608540031249999 0.588377378125 0.8629665281250001 0.6065294453125001 0.8721208031250001 0.61091098125 0.9140192203125 0.6146665812500001 0.9221172328125 0.6090331812499999 0.9235255828125 0.5965145125 0.9217651453125001 0.5833699109375
1 0.1937114328125 0.6182984312500001 0.154081434375 0.6008260046875 0.145204315625 0.6002623781249999 0.1410827953125 0.6109712843749999 0.138229434375 0.6244983234375 0.14361911562500002 0.6329527234375 0.1816639140625 0.65267965625 0.189906953125 0.653806909375 0.1956136734375 0.6295709640625 0.1937114328125 0.6182984312500001
1 0.3288665234375 0.5793986624999999 0.325025315625 0.56994338125 0.29429565 0.564165153125 0.2821810703125 0.5610133937499999 0.27479413125 0.5673169140625001 0.2712483984375 0.5830757171875 0.2727257875 0.596208053125 0.2768624734375 0.59988510625 0.3143881234375 0.6093403890625 0.3244343609375 0.608289803125 0.328571046875 0.5977839328125001 0.3288665234375 0.5793986624999999
1 0.207791621875 0.9346864515625001 0.2222887125 0.917504715625 0.220677925 0.8997502546874999 0.198126896875 0.8247233406250001 0.1894286421875 0.81899609375 0.1742872359375 0.8373232796875 0.1723542921875 0.8533595671875001 0.2010263140625 0.934113728125 0.207791621875 0.9346864515625001
1 0.11809848437499999 0.8573075171875001 0.11572294062499999 0.8699770859375 0.1384602921875 0.9399613734375001 0.1442294703125 0.94358125 0.157804009375 0.9309116812499999 0.16119764375 0.9206553640624999 0.15542846562499998 0.9007460406250001 0.136763475 0.8518777015625 0.1350666578125 0.844034634375 0.1292974796875 0.8446379484375001 0.11809848437499999 0.8573075171875001
1 0.1444912984375 0.3886981484375 0.1365217546875 0.38069010625 0.0980600421875 0.37637808125 0.089743996875 0.3794580984375 0.0883579875 0.39670619375 0.089743996875 0.41087427187500003 0.096674034375 0.4158022984375 0.1347892453125 0.423194340625 0.14171928281249999 0.41888231718749996 0.14414479687499998 0.402866228125 0.1444912984375 0.3886981484375
1 0.3094682421875 0.45220664218750006 0.2735878671875 0.4487894640625 0.2658992140625 0.4499285234375 0.26301596875 0.4744183046875 0.267501015625 0.48410030937500004 0.272306425 0.48523936875 0.3062646375 0.4903651375 0.3139532890625 0.48466984062499996 0.3149143703125 0.462458178125 0.3094682421875 0.45220664218750006
1 0.2273614109375 0.300317684375 0.22791527500000003 0.3175490265625 0.2359463125 0.32148761875 0.26973205 0.3244415640625 0.280255478125 0.32099529531250004 0.28274786875 0.305240925 0.28080934375 0.2939174703125 0.2730552375 0.28653260937499997 0.24203882187499998 0.2850556375 0.2356693796875 0.2845633140625 0.22957686875 0.2894865546875 0.2273614109375 0.300317684375
1 0.5180113468750001 0.2411064578125 0.5011412453124999 0.1758312953125 0.493863946875 0.174067103125 0.48493271718750003 0.1817119421875 0.48228642656250004 0.1911209734375 0.48592507500000004 0.2034703296875 0.4998181 0.261100653125 0.5044491078125 0.264629040625 0.5180113468750001 0.2534558140625 0.5180113468750001 0.2411064578125
1 0.4994873125 0.32461162187500003 0.4998181 0.3157906546875 0.48460193125 0.255808071875 0.4753399140625 0.2493393625 0.4664086828125 0.2569842015625 0.46409317968749997 0.26580516875 0.4650855375 0.2758022671875 0.4786477765625 0.31755484843750004 0.4832787859375 0.33460871875 0.4922100140625 0.3328445265625 0.4994873125 0.32461162187500003
1 0.5978690171875 0.11841981406249999 0.6052098359375 0.1160030828125 0.6090161875 0.10440277499999999 0.6052098359375 0.039151040625 0.601131603125 0.029967464062499997 0.5875374921875001 0.03238419375 0.585362434375 0.0464012328125 0.58998443125 0.1102029296875 0.5978690171875 0.11841981406249999
1 0.5388705734375 0.108752890625 0.545123865625 0.11503639218749999 0.5535522140625 0.11406969843749999 0.5576304484375 0.10971958281250001 0.5581742109375 0.09570254375000001 0.55137715625 0.0294841171875 0.5418612781250001 0.028517425000000002 0.5347923406249999 0.0338342328125 0.5337048109375 0.0444678484375 0.5356079859375 0.067668465625 0.5388705734375 0.108752890625
1 1 0.6307133671875 0.9957999328125 0.6190550796875 0.9482559796875 0.61788925 0.9390750765625 0.61788925 0.933500959375 0.6231354796875 0.9341567375000001 0.6452862265625 0.9367798531249999 0.653447028125 0.9430097500000001 0.6551957703125 0.9935047078125001 0.65811034375 1 0.6487837125 1 0.6307133671875