0 0.2245285671875 0.7509689875000001 0.24393640468750002 0.743218653125 0.2496801890625 0.7385151484375 0.25166653125 0.7324547453125 0.24812499375 0.7264250765625 0.24306951875 0.7178850531250001 0.236338346875 0.7125404843750001 0.22975605937500002 0.71003678125 0.222863125 0.710398025 0.21561894062500003 0.712849434375 0.0144168875 0.77751865625 0.02099983125 0.788827296875 0.02610944375 0.7984003625 0.038152596875 0.808386965625 0.0420453859375 0.81232646875 0.0488165046875 0.8096408828125 0.20735070000000003 0.75730760625 0.2245285671875 0.7509689875000001
0 0.971875 0.40625 0.0515625 0.05
3 0.471875 0.5484375 0.0703125 0.0625
2 0.6453125 0.86796875 0.0484375 0.0375
2 0.53828125 0.78828125 0.0453125 0.034375
2 0.4859375 0.7046875 0.0515625 0.0375
2 0.846875 0.4890625 0.059375 0.0234375
2 0.62265625 0.39296875 0.0453125 0.0328125
2 0.46640625 0.2140625 0.0421875 0.0359375
2 0.34296875 0.49921875 0.05 0.0375
1 0.709375 0.88125 0.0625 0.05625
1 0.771875 0.971875 0.0671875 0.0328125
1 0.51015625 0.5171875 0.059375 0.0609375
1 0.56796875 0.4078125 0.0671875 0.059375
1 0.3328125 0.24140625 0.065625 0.0671875
1 0.1734375 0.07421875 0.075 0.071875
1 0.1109375 0.41015625 0.0890625 0.0671875
1 0.5984375 0.703125 0.0625 0.059375
1 0.72109375 0.5921875 0.065625 0.05625
1 0.92265625 0.50546875 0.0828125 0.0359375
1 0.83125 0.47265625 0.0828125 0.0328125
1 0.99765625 0.7375 0.0046875 0.03125
1 0.54375 0.59453125 0.059375 0.059375
1 0.26953125 0.25703125 0.08125 0.0703125
1 0.4671875 0.153125 0.0671875 0.0609375
1 0.80859375 0.72890625 0.065625 0.05625
1 0.19453125 0.703125 0.1 0.04375