0 0.4223085203125 0.68038765625 0.42278493125 0.6751101312500001 0.423432128125 0.6662883640625 0.41949617968749997 0.6551266 0.41759562812500006 0.65045119375 0.4123061984375 0.6469654140625 0.2267859828125 0.6456564484375 0.225781784375 0.651351534375 0.226543303125 0.6599110718750001 0.23224496249999999 0.6739372890625 0.24537543125 0.6793162781250001 0.2536132734375 0.6815347625 0.3872575796875 0.6808453171875 0.4223085203125 0.68038765625
0 0 0.6769653046874999 0.0682648390625 0.6719742203125 0.098572225 0.6697865234375 0.104152334375 0.6660003640625 0.106528834375 0.662653553125 0.1089874078125 0.6563085281250001 0.10594415312500001 0.6482402140625 0.10194878437499999 0.6405061296875 0.0968295609375 0.6340802203125 0.0886860484375 0.6321421859374999 0.0797230109375 0.6323191593749999 0 0.6370307453125 0 0.6769653046874999
0 1 0.50428815625 0.990202803125 0.50265064375 0.839021425 0.4993250890625 0.8341836953125 0.5043130984374999 0.8365004546874999 0.5136222234375001 0.84021341875 0.5262371265625 0.8507227015625001 0.5283683421875 0.8721217875 0.5304727125 0.8991322578125001 0.531619509375 1 0.5315284124999999 1 0.50428815625
2 0.821875 0.98828125 0.05 0.0234375
2 0.87109375 0.54296875 0.05625 0.028125
3 0.93046875 0.5453125 0.06875 0.0359375
2 0.14609375 0.0296875 0.0515625 0.05
1 0.38984375 0.0234375 0.0859375 0.046875
1 0.81640625 0.32734375 0.0953125 0.0578125
1 0.34375 0.28984375 0.06875 0.0671875
1 0.39921875 0.29296875 0.065625 0.0671875
1 0.1015625 0.61796875 0.071875 0.0375
1 0.22109375 0.6234375 0.06875 0.0328125
1 0.07578125 0.5703125 0.06875 0.0328125
1 0.0046875 0.57890625 0.009375 0.0296875
1 0.375 0.53515625 0.0609375 0.040625
1 0.5828125 0.946875 0.078125 0.0609375
1 0.5203125 0.97421875 0.075 0.0515625
1 0.61953125 0.9890625 0.0671875 0.021875
1 0.634375 0.61015625 0.0671875 0.0578125
1 0.59609375 0.4703125 0.0640625 0.0625
1 0.86640625 0.5859375 0.0859375 0.0453125