0 0.626840765625 0.7073949921875 0.6643101703125 0.7203782624999999 0.7869194187499999 0.7642212078124999 0.7968887812500001 0.764025628125 0.8075183015625 0.7591327890625 0.8159249640624999 0.746476371875 0.8201649671875 0.7398872046875 0.816426796875 0.736168478125 0.646391309375 0.6760801296875 0.6371062515625 0.6747752 0.6312051375000001 0.676340871875 0.6241796140625 0.682538559375 0.6192919796874999 0.6903672765625 0.6173732375000001 0.6972826765625 0.6182158656250001 0.7013928 0.626840765625 0.7073949921875
0 0.8313535828124999 0.73306725625 0.8239405218750001 0.7387218125 0.8198521609375 0.7458356828125 0.8188267296875 0.753132003125 0.8196003734374999 0.760185140625 0.8486915156249999 0.7729541421875 0.9597428546875 0.8214078828125 0.965406409375 0.7811095906250001 0.8554585156250001 0.734222853125 0.8467140828125 0.7305137578124999 0.8389258734375 0.7294191953125 0.8313535828124999 0.73306725625
0 0.1620852921875 0.3928602234375 0.1692145828125 0.3842878390625 0.17480537812500002 0.376123646875 0.1740224953125 0.36852065624999997 0.037886828125 0.325452184375 0.01994634375 0.3231109796875 0.016233671875 0.34952801875 0.11031369843750001 0.38183771875 0.1328454421875 0.387502003125 0.15261572968749998 0.39173749999999996 0.1620852921875 0.3928602234375
0 0.2379045203125 0.608846996875 0.2289091 0.6069318140625 0.2094135484375 0.6083146312500001 0.19885360624999998 0.6120381984375001 0.142910940625 0.6859797750000001 0.1412968234375 0.68922470625 0.1691889609375 0.7022581109375 0.1984669296875 0.702684096875 0.25908199375 0.6257104140624999 0.2594809703125 0.6201248453125 0.2379045203125 0.608846996875
3 0.2125 0.80078125 0.0640625 0.0546875
3 0.18671875 0.73828125 0.06875 0.053125
3 0.06796875 0.38046875 0.0703125 0.034375
3 0.8203125 0.1984375 0.0703125 0.0734375
3 0.721875 0.0625 0.0890625 0.0734375
2 0.27734375 0.9234375 0.0515625 0.040625
2 0.3421875 0.87421875 0.05 0.0375
1 0.20859375 0.903125 0.0625 0.0546875
1 0.2734375 0.8390625 0.065625 0.059375
1 0.30859375 0.85625 0.059375 0.053125
1 0.37265625 0.78515625 0.0625 0.059375
1 0.41640625 0.803125 0.065625 0.059375
1 0.41875 0.7125 0.06875 0.0625
1 0.41875 0.646875 0.0625 0.0625
1 0.371875 0.55390625 0.0625 0.0609375
1 0.496875 0.53359375 0.0671875 0.065625
1 0.490625 0.6875 0.0703125 0.0671875
1 0.47109375 0.6359375 0.0625 0.0609375
1 0.296875 0.68046875 0.0609375 0.0578125
1 0.4171875 0.3609375 0.065625 0.0609375
1 0.47109375 0.2546875 0.06875 0.0578125
1 0.5875 0.11875 0.0734375 0.0640625
1 0.74296875 0.24609375 0.0703125 0.0671875
2 0.8609375 0.28671875 0.0421875 0.040625
1 0.5984375 0.37421875 0.071875 0.0671875
1 0.60390625 0.43671875 0.065625 0.0609375
1 0.34765625 0.74921875 0.065625 0.0609375
2 0.4796875 0.75625 0.0484375 0.0375
2 0.3265625 0.9125 0.0546875 0.0390625
2 0.02265625 0.6765625 0.04375 0.0328125
2 0.01640625 0.5875 0.0328125 0.034375
2 0.1296875 0.3984375 0.053125 0.021875
1 0.11953125 0.43984375 0.08125 0.0390625
1 0.64453125 0.303125 0.0640625 0.0640625
1 0.34921875 0.13671875 0.0875 0.0609375
1 0.55234375 0.6125 0.065625 0.0609375
2 0.61640625 0.5578125 0.0484375 0.0375
2 0.91796875 0.6859375 0.0703125 0.0375
2 0.8296875 0.7140625 0.071875 0.0328125
1 0.59921875 0.21015625 0.0703125 0.0640625
1 0.50390625 0.30703125 0.0734375 0.0640625