0 0.6394776703125 0.270386471875 0.637571240625 0.2744641171875 0.636657253125 0.280198009375 0.6389166125 0.2874356453125 0.6461454984375 0.2967909875 0.6508503921875 0.3013924078125 0.6557341484375 0.30228350625 0.6639701125 0.300968028125 0.8494078140625 0.25126935 0.8496209859375 0.248049671875 0.8460016234375001 0.2401675734375 0.8398239593750001 0.22704090937500002 0.8298334374999999 0.22206953437500002 0.819612590625 0.220072515625 0.6626540078125001 0.2633423640625 0.6394776703125 0.270386471875
0 0.8509828359375 0.23685851875 0.851329965625 0.24182269843749998 0.854716925 0.246140534375 0.8582246234375001 0.252185040625 0.8654792859375 0.2566661984375 0.872289825 0.26031085468750004 0.8791671734375001 0.259396165625 0.9819926484374999 0.2250224984375 0.9790851328124999 0.1834430828125 0.8635387796874999 0.22340094531250002 0.8574591234375 0.22469363437499998 0.852328078125 0.228522659375 0.8509828359375 0.23685851875
0 0.6972845000000001 0.568128325 0.714354603125 0.5658579968749999 0.662972428125 0.4607071515625 0.6593186578125 0.45773263281250004 0.6519447875 0.45631025625 0.6082282171875 0.46625791406249995 0.6016848796875001 0.471237490625 0.60604930625 0.47889966875 0.6545461046875001 0.5756389046875 0.6972845000000001 0.568128325
0 0.45225278593749996 0.8217899796875001 0.471407690625 0.81918591875 0.48336724531249997 0.8165791578125001 0.503688678125 0.8113642859375 0.5047672046875 0.807495009375 0.45736331406249997 0.70837564375 0.45090458125 0.70604511875 0.4104276234375 0.712416478125 0.3953103953125 0.7213142171875 0.40082389531249996 0.735851184375 0.44410961562500006 0.8210947875000001 0.45225278593749996 0.8217899796875001
0 0.1385480390625 0.5643909734375 0.1313545234375 0.5595905390625 0.0792940453125 0.5690165484375 0.0049301484375 0.58796479375 0.0071370765625 0.6195253390625 0.14104504375 0.5878408515625 0.147399809375 0.5806466296874999 0.14387730781250002 0.5731788296875 0.1385480390625 0.5643909734375
3 0.040625 0.5640625 0.0703125 0.03125
3 0.209375 0.28515625 0.0921875 0.09375
3 0.5578125 0.36640625 0.0609375 0.059375
3 0.41171875 0.59296875 0.0640625 0.046875
2 0.490625 0.1875 0.0515625 0.0375
2 0.47421875 0.215625 0.0515625 0.0359375
2 0.60625 0.3640625 0.046875 0.0390625
3 0.3515625 0.38046875 0.065625 0.05
2 0.7796875 0.778125 0.046875 0.040625
2 0.66875 0.61328125 0.04375 0.0390625
2 0.95 0.3125 0.0703125 0.034375
2 0.9546875 0.246875 0.059375 0.0328125
2 0.86015625 0.275 0.0734375 0.0296875
2 0.8453125 0.32421875 0.0671875 0.0296875
2 0.10078125 0.55234375 0.059375 0.021875
1 0.09296875 0.5078125 0.0859375 0.0375
1 0.025 0.52734375 0.05 0.03125
1 0.23515625 0.04296875 0.0640625 0.05625
1 0.30625 0.05859375 0.075 0.0625
1 0.2875 0.1109375 0.065625 0.059375
1 0.3546875 0.1546875 0.0703125 0.0578125
1 0.3859375 0.0953125 0.0609375 0.05625
1 0.43046875 0.31640625 0.0671875 0.0640625
1 0.45546875 0.3984375 0.06875 0.0625
1 0.575 0.503125 0.0640625 0.0640625
1 0.48203125 0.61484375 0.0625 0.059375
1 0.428125 0.51875 0.0609375 0.05625
1 0.49921875 0.47109375 0.059375 0.059375
1 0.534375 0.53671875 0.0625 0.0609375
1 0.609375 0.58515625 0.059375 0.059375
1 0.70546875 0.7328125 0.0671875 0.0640625
1 0.778125 0.8703125 0.0765625 0.0671875
1 0.3078125 0.84296875 0.090625 0.059375
1 0.19375 0.740625 0.0859375 0.05