0 0.7611520203125 0.254376725 0.760544971875 0.235017371875 0.7569083765625 0.22409732343750002 0.7482373765625 0.2142473703125 0.6346732171875 0.2204568625 0.6260215359375 0.2230753703125 0.6269553109375 0.25016062968749997 0.6327088953125 0.2731032640625 0.641845834375 0.2789565015625 0.754309925 0.273760371875 0.7621225375 0.2713202125 0.7611520203125 0.254376725
0 1 0.52055431875 0.9146624781250001 0.5351202921875 0.9104207343749999 0.5399195812500001 0.9139277781249999 0.5687964796875 0.9163618343750001 0.5823107421875 0.936789446875 0.59589803125 1 0.584115421875 1 0.52055431875
0 0.8441320375 0.5772458281249999 0.84092160625 0.5561911828125 0.8364563593750001 0.5391510203125 0.8198891734375 0.5246832078125 0.7046604734375 0.543928953125 0.7036212921875 0.556892240625 0.709064346875 0.5864669671875 0.71553729375 0.5970839515625 0.7317457015625 0.607880259375 0.8290185421875 0.5894529390625001 0.8414253546875001 0.5883148968749999 0.8441320375 0.5772458281249999
3 0.281399984375 0.3237023265625 0.27494714062500003 0.3206515375 0.2579869375 0.3227824125 0.22352909531249998 0.3323178453125 0.23231991562499998 0.3717248765625 0.265393959375 0.3654318359375 0.27590131875 0.3602501734375 0.2840816296875 0.357774328125 0.28738666875 0.3460158625 0.281399984375 0.3237023265625
3 0.47569775156249994 0.8750024375000001 0.4681517640625 0.8707098734375001 0.459971453125 0.8731857171874999 0.455370365625 0.8807972828124999 0.461207153125 0.902405615625 0.46599467343749995 0.9190775312499999 0.4672468453125 0.9269190765624999 0.48124747343749996 0.9674299203125001 0.5006754859375 0.957403859375 0.4951293546875 0.9313113609375 0.47569775156249994 0.8750024375000001
3 0.8534534609375 0.4736556046875 0.847566109375 0.46506254062499996 0.84203196875 0.456394403125 0.8365222265625001 0.4634722078125 0.8292301734375 0.46042810312500004 0.82127076875 0.4542443609375 0.74757540625 0.46531471093750004 0.7444990609375 0.4751567703125 0.7475379375 0.4981375375 0.7533162171875001 0.52184861875 0.76860674375 0.5277866765625 0.7866676078125 0.5259166140625 0.785552646875 0.5189343375 0.8134642984375 0.518251909375 0.827247584375 0.520572559375 0.843620540625 0.5124983000000001 0.852773040625 0.5190847390625 0.8575763640625 0.5121570859375 0.8640122640625 0.504226121875 0.8638625281250001 0.49310089687499997 0.8611540578125 0.483832140625 0.8558949890625 0.48166850468750005 0.8534534609375 0.4736556046875
2 0.8484117437500001 0.60517894375 0.85216325 0.6144784171875 0.8562387390625 0.6136121453125 0.8626618531249999 0.620450584375 0.8692054828125 0.6228460234375001 0.8912356656249999 0.6162701984375001 0.8865325953125 0.595813996875 0.87912035625 0.5809820859375 0.8544639515625001 0.5919024625 0.8534982859375001 0.5990493265625 0.8484117437500001 0.60517894375
2 0.8537126468749999 0.65516765625 0.8516138734375 0.64362371875 0.826005909375 0.643387365625 0.821726953125 0.6499763796875 0.8162929671875 0.651131409375 0.8162178359375 0.6574579296875 0.8231089109375 0.66482795625 0.82723760625 0.6708919796874999 0.83429458125 0.6757025249999999 0.851238221875 0.6752563171875 0.8559021890625 0.6704786296874999 0.8537126468749999 0.65516765625
2 0.8201478109375 0.617497178125 0.8176953125 0.6243290218750001 0.8164729734374999 0.630268334375 0.8192807375 0.63345785625 0.8239525249999999 0.6337269453125 0.8328437781250001 0.6438270968750001 0.8499533187500001 0.6408214078125 0.8555985937499999 0.6389904109375 0.852941090625 0.6231478515625 0.8486762375 0.611433275 0.8422077390625 0.6027113140625 0.828373921875 0.6094381140625 0.8201478109375 0.617497178125
2 0.7509693671875 0.6176872453125 0.748319684375 0.6068914609375 0.723179678125 0.6071866953125 0.718900721875 0.6137757109375 0.71444804375 0.6178774328125 0.71653899375 0.6243745921875 0.7210448781250001 0.6272031671875 0.7250906234375 0.6345469328125 0.7318079765625 0.639429665625 0.7464118125 0.636325525 0.7543515046875 0.6352689453125 0.7509693671875 0.6176872453125
2 0.7037652328124999 0.13676000625 0.703107909375 0.1236475703125 0.6951979640625 0.116494109375 0.668948315625 0.113238875 0.664027675 0.11680900937500001 0.6678026421875 0.141248815625 0.6725730203125 0.1503317203125 0.700165525 0.1432046421875 0.7037652328124999 0.13676000625
1 0.7337923875000001 0.442988965625 0.726316609375 0.43699746875 0.6826839390624999 0.44144791093749997 0.6781512890625 0.44930273906249996 0.6806825109375 0.466682309375 0.6854800562500001 0.4801344671875 0.6949418609375 0.4808798515625 0.724711684375 0.478686909375 0.736349228125 0.47690241406249995 0.7373046515625 0.464983978125 0.7337923875000001 0.442988965625
1 0.9063063859374999 0.32086682031249997 0.8564917609375 0.3162942015625 0.8545142734375 0.3270516046875 0.85627124375 0.353554546875 0.8621729 0.361258909375 0.8989074703125001 0.36447695156250004 0.9123994328125 0.362298284375 0.9183745953125 0.3575825328125 0.9165184984374999 0.3269658296875 0.9063063859374999 0.32086682031249997
1 0.8821184265625 0.5134537781249999 0.8940943734375001 0.5205561484375 0.9206168296874999 0.5176751796875 0.942779265625 0.5143426843750001 0.9453173500000001 0.5062226765625 0.941343615625 0.4857040296875 0.9328867953125 0.475097090625 0.891701621875 0.47282505468749997 0.8815971765624999 0.47635109687500005 0.87953764375 0.49401732656249997 0.8821184265625 0.5134537781249999
1 0.814747371875 0.6414817734375 0.8126365984374999 0.6260802484375 0.808902140625 0.6103347109375 0.8010144562500001 0.607876459375 0.758774734375 0.6134090984375 0.7516954609375001 0.6238726437500001 0.7534353515625 0.6393530000000001 0.7599471671875 0.651751640625 0.7685766187499999 0.654052225 0.80548381875 0.648963909375 0.812069140625 0.6489424328125 0.814747371875 0.6414817734375
1 0 0.5036329171875 0.014798206250000001 0.5004874625 0.0264110796875 0.49610762812500003 0.031455078125 0.4861154328125 0.02542664375 0.46955669375 0.01944403125 0.4548996578125 0.007312856249999999 0.456841071875 0 0.4583954671875 0 0.5036329171875
1 0 0.443420521875 0.030263659375 0.4366711953125 0.036557590625000004 0.43087334843749997 0.030772515625000003 0.405342821875 0.02406616875 0.3940253546875 0.0137790828125 0.3962119421875 0 0.398607878125 0 0.443420521875
1 0.1327265390625 0.3536230359375 0.14994871875 0.3510516203125 0.1614977078125 0.35349853124999997 0.1705450953125 0.3499415421875 0.1722767859375 0.33214510625 0.1660160375 0.31277969687499996 0.1540631734375 0.309873996875 0.10219402656250001 0.3051046765625 0.097817553125 0.319106190625 0.1030301046875 0.3479532140625 0.1327265390625 0.3536230359375
1 0.5129012765625001 0.9037139296875001 0.5032199765625001 0.906379028125 0.498325103125 0.912277675 0.5010857921875 0.926872775 0.5226457421874999 0.994555928125 0.5281294953125 0.99946308125 0.535399509375 0.9967032421875001 0.5420083421874999 0.989225728125 0.5411363109375 0.98030194375 0.5193655125000001 0.9084126749999999 0.5129012765625001 0.9037139296875001
1 0.48501076718749997 1 0.483527459375 0.988903425 0.464829128125 0.92182656875 0.45627290625 0.9121070015624999 0.44598162812500003 0.9167235859374999 0.4444062203125 0.9285966953125 0.453813375 0.9599973328125 0.4659546578125 1 0.48501076718749997 1
1 0.6976327296875 0 0.727662071875 0.0527624234375 0.737525340625 0.0532370828125 0.748786734375 0.034773642187499995 0.748078921875 0.0246394484375 0.744426640625 0.0125599609375 0.7373350390625 0 0.6976327296875 0
1 0.8963702015624999 0.5317773765625 0.8489222468750001 0.534792059375 0.84327241875 0.5456348203125 0.8482781640624999 0.56578289375 0.8593641703125 0.573711134375 0.8909371546875 0.57085683125 0.9036986656250001 0.5713582390624999 0.9064964812499999 0.562407271875 0.9031742062499999 0.5399729953125 0.8963702015624999 0.5317773765625
1 0.1159715921875 0.47332243281249997 0.13361452499999998 0.4695723125 0.1371345171875 0.4521115671875 0.1296609640625 0.43055967187500005 0.119966684375 0.42747793281249996 0.0725729265625 0.4375517875 0.0678301921875 0.44755895 0.07296666093750001 0.46832202812499996 0.08133137812499999 0.4787570671875 0.1159715921875 0.47332243281249997
1 0.3621008140625 0.35999069375000003 0.38333401875 0.3618867265625 0.410741846875 0.3589095859375 0.42098755624999995 0.35245893281249996 0.41672751874999997 0.3248787015625 0.4084740921875 0.3180873015625 0.3994117453125 0.3150285625 0.360838025 0.3182426546875 0.3534623890625 0.3212346828125 0.355797278125 0.3435269703125 0.3621008140625 0.35999069375000003
1 0.1765265359375 0.44430075 0.1819275421875 0.46594131250000004 0.199804975 0.46712635156250004 0.22381464062499998 0.467007940625 0.23963092187499999 0.4679189453125 0.243829184375 0.4556322875 0.2391947078125 0.43382879062499996 0.2333768703125 0.42153468906249997 0.2253283125 0.4232454625 0.1838244796875 0.42209736875 0.17573353125 0.4273778703125 0.1765265359375 0.44430075