0 0.6587606421875 0.7299626046875 0.6463023999999999 0.7254353328125 0.6212771140625 0.72462083125 0.6058219859375 0.72636226875 0.6006241828125 0.8417451125 0.6178333171875 0.8549375953125 0.639124303125 0.85645658125 0.661809275 0.8560351374999999 0.664526984375 0.8459609562500001 0.6721757875 0.744541815625 0.6587606421875 0.7299626046875
3 0.5361199265625001 0.788646246875 0.5315897796875 0.8644831906249999 0.5407672984375 0.8738549765625001 0.546469109375 0.8808543312499999 0.547762553125 0.8901273046875 0.56220413125 0.893459125 0.5706964453125 0.8986342734375 0.5839306359374999 0.89772376875 0.5886212015625001 0.8922245859375 0.59736096875 0.888557046875 0.596298415625 0.8766449734374999 0.5961519578125001 0.8662904359375 0.5950380953125001 0.8549648281250001 0.5916708515625 0.8212812390625001 0.597543153125 0.8203176093750001 0.5985089359375 0.8032643890625 0.596744615625 0.7933592625 0.5872592421875 0.787506278125 0.5578886484375001 0.7864140734375 0.5361199265625001 0.788646246875
3 0.9465126734375 0.455218209375 0.9112340921875001 0.44915266093749995 0.903510046875 0.454062653125 0.9033598453125 0.46335911249999995 0.9035976265624999 0.46822090781250003 0.96609596875 0.48150886875000004 0.9890647015624999 0.484263140625 0.9961723953125 0.46365909531250005 0.954506834375 0.4548004546875 0.9465126734375 0.455218209375
2 0.20703125 0.73125 0.040625 0.040625
2 0.63671875 0.51640625 0.0578125 0.0234375
2 0.28671875 0.1265625 0.0375 0.0421875
2 0.66328125 0.97265625 0.040625 0.040625
2 0.68359375 0.87890625 0.040625 0.0375
2 0.70078125 0.84375 0.040625 0.0390625
2 0.6890625 0.74296875 0.0359375 0.040625
2 0.03046875 0.43359375 0.0546875 0.0265625
1 0.584375 0.96171875 0.05 0.0625
1 0.63359375 0.915625 0.05 0.0625
1 0.70078125 0.79375 0.046875 0.0609375
1 0.5265625 0.7375 0.0484375 0.05625
1 0.846875 0.5671875 0.0859375 0.0359375
1 0.98359375 0.58046875 0.025 0.03125
1 0.9703125 0.50390625 0.059375 0.0328125
1 0.97109375 0.4484375 0.0578125 0.03125
1 0.6421875 0.1953125 0.0515625 0.059375
1 0.3109375 0.028125 0.05 0.05625
1 0.365625 0.028125 0.05625 0.05625
1 0.478125 0.040625 0.0515625 0.065625
1 0.41640625 0.04140625 0.05 0.06875
1 0.39140625 0.14609375 0.0609375 0.0671875
1 0.62578125 0.2921875 0.0765625 0.0625
1 0.8765625 0.15625 0.090625 0.0578125
1 0.034375 0.84375 0.06875 0.065625
1 0.0734375 0.79609375 0.13125 0.0671875
1 0.165625 0.89921875 0.109375 0.05625
1 0.8046875 0.93671875 0.071875 0.0640625