0 0.1818438734375 0.3732289578125 0.1728012765625 0.3733760234375 0.17120367187500002 0.37995636718750003 0.170724459375 0.3993200046875 0.1725378375 0.4159068375 0.1825630375 0.431131171875 0.2932549375 0.4253112296875 0.29534779843750003 0.41611132968750003 0.293023121875 0.3853999734375 0.2890609625 0.377373875 0.274889915625 0.36444442499999996 0.1818438734375 0.3732289578125
3 0.1463447578125 0.4394523171875 0.14225483125 0.44238636875 0.1368149296875 0.4505909828125 0.1413922046875 0.4656478921875 0.1460173765625 0.4729719265625 0.14920468125 0.48042175781249996 0.1541813015625 0.479342303125 0.15847095625000002 0.48283135 0.165029253125 0.48741002812499995 0.1719789875 0.4964628609375 0.2426022875 0.49221629375 0.24405608124999997 0.47985201875000005 0.2425062578125 0.44971693124999995 0.23994999843749998 0.43705943437499994 0.22805561562499999 0.43359165781250003 0.21295799999999998 0.43491252812500003 0.21083316718749998 0.4396068265625 0.19515240625000002 0.4384024875 0.1873799203125 0.4365062625 0.1750462015625 0.436297209375 0.1611947453125 0.4394412265625 0.1564897046875 0.43534446562499995 0.1504586328125 0.43265183125 0.1463447578125 0.4394523171875
3 0.521711053125 0.069748275 0.5246505875 0.09569164531249999 0.5358989140625 0.1477041015625 0.5425237203125 0.1506973078125 0.54906726875 0.1489338890625 0.5535354734375 0.1425883015625 0.5506254984375001 0.1208106140625 0.5481586890625 0.10792615937500001 0.548254675 0.101367625 0.5394214546875 0.0616486796875 0.521711053125 0.069748275
2 0.264572975 0.8091871375 0.27056264531249996 0.8164041796875001 0.2957989125 0.8177690953125 0.2984502765625 0.8097960593750001 0.297283296875 0.792629615625 0.29545904218749997 0.7832617468749999 0.29014148125 0.7837269734375 0.26833950781250004 0.7909936015625 0.26407810781249996 0.7997029625 0.264572975 0.8091871375
2 0.0659071046875 0.35163746093750003 0.062200171875 0.3571148546875 0.06528936875 0.374021515625 0.06857028125 0.3857583234375 0.075799559375 0.3874161015625 0.093510503125 0.37269761562500003 0.099255540625 0.3647516515625 0.0982400015625 0.3568245984375 0.093148253125 0.35383468281249997 0.08960461875 0.350136759375 0.0825954828125 0.3473145953125 0.0659071046875 0.35163746093750003
2 0.1681252875 0.34956529999999997 0.17561025624999999 0.361506865625 0.1926110671875 0.34971333125 0.2012321890625 0.34151574375 0.2012960609375 0.3312039953125 0.1941377859375 0.326677184375 0.1862409578125 0.321069859375 0.16886373906250002 0.32488042500000003 0.16540536875 0.33319889687500004 0.1681252875 0.34956529999999997
2 0.1311480546875 0.34650217968749997 0.13420882812499998 0.35940337968749997 0.14066410000000001 0.37429785312499997 0.1619186796875 0.3632772890625 0.1682815546875 0.3587126578125 0.16689674062499998 0.3502453484375 0.1630335390625 0.346575384375 0.158872065625 0.339496128125 0.153091475 0.335993915625 0.13726236875 0.339096475 0.1311480546875 0.34650217968749997
2 0.49220686875 0.36587185624999996 0.48624148749999996 0.32345143125 0.48313813281250007 0.3174247328125 0.47509929843750004 0.3175554765625 0.47397730625 0.326814665625 0.47659790312499994 0.36781002812499997 0.4812493703125 0.373128721875 0.49041732656250003 0.3711815 0.49220686875 0.36587185624999996
1 0.24240891874999998 0.9814755906249999 0.25502811406250003 0.9637671890625 0.254325009375 0.9483694640625 0.22027326406249997 0.8683267734375001 0.2119645765625 0.8690536890624999 0.20030407499999997 0.8866782171875001 0.19889094062499998 0.8999708312499999 0.23643660937500002 0.9831432296875 0.24240891874999998 0.9814755906249999
1 0.1096825234375 0.8814375968749999 0.128920390625 0.8952137375 0.135375559375 0.8843428265625001 0.14823598124999998 0.8105020093749999 0.1460344765625 0.7963805078124999 0.13275475781249998 0.7918166890625 0.125312471875 0.7987660125 0.1096825234375 0.8814375968749999
1 0.19993385624999999 1 0.2050411171875 0.981309465625 0.2008015078125 0.9696565312500001 0.1672044078125 0.927935875 0.1635116359375 0.9225333078125001 0.15614035312500002 0.926613596875 0.14900347187500002 0.944414925 0.148520609375 0.9536182 0.152980359375 0.96410674375 0.18146288125 1 0.19993385624999999 1
1 0.28126603437500003 0.483380421875 0.2657280703125 0.4824495609375 0.258108225 0.48368877499999996 0.2561979671875 0.4912992390625 0.2574976203125 0.51351554375 0.2621490875 0.5188342359375 0.2808329875 0.5189173 0.3057377578125 0.5201738015624999 0.30786815624999997 0.51139895 0.30805274374999997 0.4987863859375 0.3061708046875 0.4846369234375 0.298202971875 0.4818986328125 0.28126603437500003 0.483380421875
1 0.102664609375 0.4589265171875 0.10309062656250001 0.44171231562499996 0.09850303125 0.42608187500000005 0.0924525890625 0.423175834375 0.0458742484375 0.43183142500000005 0.043374575 0.4400660203125 0.045114507812499996 0.4599535484375 0.047997721874999996 0.4671446375 0.05367888750000001 0.4695104203125 0.0951513203125 0.46874487499999995 0.102664609375 0.4589265171875
1 0.1505139734375 0.4169509921875 0.152118825 0.3984885265625 0.146402109375 0.384674565625 0.1358777578125 0.38215994062499997 0.10554038437499999 0.38137873125 0.098879234375 0.38253407031250003 0.095939278125 0.39309744062499996 0.0963938203125 0.40565408906249995 0.10292009531249999 0.41767953125 0.1429225515625 0.42219567031249994 0.1505139734375 0.4169509921875
2 0.260131553125 0.3375078453125 0.2608843703125 0.353473784375 0.2614596265625 0.36372961406250004 0.2851855625 0.3662343796875 0.2888924953125 0.3607569859375 0.2931675546875 0.35809270937500004 0.2931107125 0.3500817796875 0.28845924375 0.3447630875 0.2812228359375 0.335662596875 0.2625886484375 0.3361477484375 0.260131553125 0.3375078453125
1 0.42821503906249997 0.186532125 0.4330866453125 0.1906864296875 0.44097634374999994 0.18885104218749998 0.447559359375 0.1831220234375 0.446593534375 0.1757631859375 0.4336544640625 0.11620338593749999 0.4299119796875 0.11023260312500001 0.42374082187499995 0.1096273796875 0.4174773703125 0.11532843906250001 0.41517654375 0.1258358953125 0.42821503906249997 0.186532125
1 0.504505575 0.1163029234375 0.5135031046874999 0.11608830625 0.5181190203125 0.1099588234375 0.517025346875 0.0974580921875 0.5054852515625 0.0354856375 0.50206233125 0.029486896875 0.49306480312499995 0.0297015140625 0.48658121249999997 0.0365669625 0.49921497812500004 0.11104014843750001 0.504505575 0.1163029234375
1 0.5500257953125 0.106594778125 0.5548761125 0.11418633125 0.5635043640624999 0.1134314578125 0.568880125 0.1049452375 0.5670691875 0.08792674218749999 0.5555788046875 0.026522504687499997 0.5477103984375 0.02492064375 0.5398988359375 0.0313297109375 0.5386774187500001 0.039452471875 0.5500257953125 0.106594778125
1 0.8693214484375 0.2338249703125 0.87383080625 0.21911634375000003 0.8712103125 0.2038863703125 0.8403401593750001 0.16020944374999999 0.8328410296875 0.15914783906250002 0.8229274890625 0.178337221875 0.8241418765624999 0.18853713593750002 0.85707855625 0.23375095625000003 0.8643575468750001 0.2359769484375 0.8693214484375 0.2338249703125
1 0.8993532109375 0.172223403125 0.9384394484374999 0.14418353125 0.9395117281250001 0.134356125 0.9347537046875001 0.1204582890625 0.9281564265625001 0.11130188125 0.923164103125 0.10944839531249999 0.9063408515625 0.1269520421875 0.8864639562500001 0.138997203125 0.886499509375 0.15044538125 0.8944603140625 0.171506346875 0.8993532109375 0.172223403125
1 0.8484226046875 0.4108580796875 0.852768665625 0.40532476875 0.85297454375 0.3892749546875 0.845830428125 0.37386817968749997 0.836314484375 0.3718378953125 0.8045284234375 0.37290112343750004 0.796397296875 0.37933814843749997 0.8006227453125 0.4018710421875 0.805252921875 0.41062698593749997 0.8275017484375 0.41097072187499994 0.8484226046875 0.4108580796875
1 0.9355156062500001 0.633409303125 0.9242101203124999 0.6366886625 0.919473490625 0.645118965625 0.9207162999999999 0.6593243421875 0.9254246109375 0.6726539625 0.9346991250000001 0.6792858859375001 0.987789478125 0.667770309375 0.9906087171875001 0.6595077546875 0.9896570499999999 0.64126895625 0.9845581734375 0.6308363265625 0.9787775828124999 0.6273341125 0.9355156062500001 0.633409303125
1 0.92945844375 0.7261221 0.9817889531249999 0.71696325625 0.9856166 0.7091850453124999 0.980404034375 0.6827305609375001 0.9746731578125001 0.6797965609375 0.9504359375 0.68248960625 0.9309424796875 0.6841950625 0.9236706203124999 0.6894117828125 0.9223284906250001 0.6998353640625 0.9251478328125 0.7173381984375 0.92945844375 0.7261221
2 0.8661916250000001 0.7133351671875 0.8625982765625 0.7090690296875 0.8410382921874999 0.7092375921875 0.8333261546875 0.7167830875 0.829569509375 0.7216922671875 0.8299956312500001 0.7302434515625 0.8374024656250001 0.7376113390625 0.863194928125 0.741653 0.8676404140624999 0.73725611875 0.8661916250000001 0.7133351671875