3 0.04296875 0.4765625 0.0859375 0.1
0 0.19375 0.54453125 0.14375 0.1015625
1 0.20078125 0.43828125 0.065625 0.059375
2 0.271875 0.45859375 0.0421875 0.046875
2 0.2390625 0.6046875 0.040625 0.0453125
1 0.55234375 0.1203125 0.0484375 0.11875
1 0.47265625 0.23359375 0.0515625 0.115625
2 0.50390625 0.26953125 0.03125 0.065625
2 0.4296875 0.378125 0.0296875 0.0671875
2 0.4578125 0.41953125 0.034375 0.0734375
1 0.45703125 0.52265625 0.046875 0.1125
2 0.37265625 0.6234375 0.0328125 0.0640625
1 0.42109375 0.68359375 0.040625 0.103125
1 0.37890625 0.83671875 0.04375 0.1
1 0.409375 0.8421875 0.040625 0.0875
2 0.3859375 0.940625 0.0296875 0.0671875
1 0.60859375 0.11484375 0.0484375 0.125
1 0.5765625 0.25859375 0.05 0.1140625
1 0.6515625 0.40859375 0.06875 0.1125
1 0.740625 0.5359375 0.0671875 0.06875
1 0.46875 0.91484375 0.0390625 0.1
1 0.52421875 0.91953125 0.04375 0.10625
1 0.540625 0.9640625 0.040625 0.071875
3 0.50703125 0.87734375 0.0390625 0.0921875
1 0.484375 0.9609375 0.0375 0.078125
2 0.90234375 0.22265625 0.0484375 0.0484375
1 0.97265625 0.26015625 0.0546875 0.0578125
1 0.96953125 0.315625 0.0609375 0.0625
1 0.9125 0.2703125 0.0671875 0.05625
1 0.9015625 0.321875 0.06875 0.0546875
1 0.9546875 0.3671875 0.071875 0.05625
1 0.890625 0.40546875 0.06875 0.0578125
1 0.95625 0.4265625 0.0703125 0.0578125
3 0.99609375 0.3984375 0.0078125 0.053125