0 0.31500096875 0.76545535625 0.311277078125 0.787890728125 0.3178775109375 0.7933341859375 0.32684901875 0.7952533421875 0.34113774375 0.7972803078124999 0.3540272671875 0.7988629421875 0.37702622343750003 0.7891504312500001 0.3910024203125 0.683216734375 0.3854227 0.677353540625 0.3693892421875 0.6737496921874999 0.3488614859375 0.6712292015625 0.334868225 0.674689134375 0.32355738125 0.6839290484375 0.31500096875 0.76545535625
3 0.395029403125 0.881945415625 0.406820496875 0.879192403125 0.4117110796875 0.86775066875 0.41771703593750004 0.8634471749999999 0.424873496875 0.8578846890625 0.439821278125 0.7888669625 0.42263524375 0.7828360578125 0.3919329859375 0.7773859843750001 0.3835080875 0.781112415625 0.37745069062500003 0.78989041875 0.37443704375000003 0.8063234937500001 0.3792749296875 0.8074776140625 0.3727595859375 0.8240408374999999 0.3673608734375 0.8396209578124999 0.3671889828125 0.8572431093749999 0.35823838750000003 0.869306546875 0.3676431578125 0.873821928125 0.37036572031250004 0.8800373015625 0.3777743578125 0.8845876421875 0.388313321875 0.8839213015625 0.395029403125 0.881945415625
3 0.7719479609375 0.4558332625 0.7701601250000001 0.4663156328125 0.772472825 0.47195054062499997 0.8635842015625 0.4884885578125 0.8708516187500001 0.466005703125 0.7804884328125 0.4515309546875 0.7719479609375 0.4558332625
3 0.1597098640625 0.37799693125 0.1613448015625 0.3726766640625 0.161562465625 0.366906328125 0.1561110359375 0.35933571249999996 0.138152721875 0.357682809375 0.11902695156250001 0.35754286562500004 0.1123239640625 0.356167740625 0.07307192031250001 0.35604105625 0.0756034671875 0.37539937968750003 0.09823037343749999 0.3790057671875 0.1597098640625 0.37799693125
2 0.4515625 0.678125 0.0390625 0.0390625
2 0.309375 0.6796875 0.0359375 0.0375
2 0.1015625 0.5421875 0.0546875 0.021875
2 0.1296875 0.5125 0.0578125 0.025
2 0.81328125 0.1546875 0.0359375 0.0421875
2 0.31328125 0.55625 0.0578125 0.025
2 0.31640625 0.50859375 0.0578125 0.0265625
1 0.87734375 0.85 0.1234375 0.065625
1 0.8734375 0.91328125 0.1234375 0.0546875
1 0.77109375 0.93828125 0.10625 0.040625
1 0.45703125 0.73828125 0.0515625 0.0578125
1 0.79765625 0.0734375 0.0484375 0.0671875
1 0.75 0.0609375 0.0625 0.0734375
1 0.72265625 0.13359375 0.0515625 0.0671875
1 0.640625 0.059375 0.0515625 0.0671875
1 0.51171875 0.03515625 0.0484375 0.0609375
1 0.92578125 0.54296875 0.121875 0.0453125
1 0.8203125 0.43046875 0.103125 0.0453125
1 0.62578125 0.51875 0.109375 0.040625
1 0.62421875 0.44375 0.10625 0.04375
1 0.4484375 0.484375 0.096875 0.0390625
1 0.42109375 0.55 0.096875 0.0421875
1 0.228125 0.48828125 0.0953125 0.0359375
1 0.1 0.47890625 0.0859375 0.03125
1 0.0765625 0.39609375 0.0953125 0.0375
1 0.08359375 0.34375 0.096875 0.0359375
1 0.48046875 0.1859375 0.05625 0.0625
1 0.0765625 0.025 0.05 0.05
1 0.184375 0.03984375 0.1109375 0.053125
1 0.5046875 0.31640625 0.078125 0.0609375
1 0.16328125 0.83984375 0.06875 0.065625