0 0.7045217015625 0.79795410625 0.699942865625 0.8002599359375001 0.6951926546875 0.8063300609375 0.6872373015625 0.81451295625 0.6864367984374999 0.8237682 0.68935705625 0.8362407328125 0.74459683125 0.9705379437499999 0.7882624265625 0.96440114375 0.7309457796875 0.831476325 0.7195186953125 0.8049891546874999 0.71064605625 0.7966778046874999 0.7045217015625 0.79795410625
0 0.5348691999999999 0.816391284375 0.53334851875 0.8303070234375 0.535663165625 0.8450097453125001 0.5738797875 0.9945306593750001 0.615100953125 0.9887374015624999 0.573705409375 0.8329978859375 0.5643931531249999 0.80030794375 0.551548603125 0.8060911359375 0.5348691999999999 0.816391284375
0 0.5222943140625 0.1861060421875 0.51584018125 0.18521080625 0.5041737109375 0.1904550296875 0.4985889484375 0.19574567812500002 0.496727953125 0.20411759218749997 0.49685327968750004 0.217617259375 0.5394384734375001 0.365729303125 0.5438449921874999 0.3700663453125 0.55563581875 0.3675080984375 0.5664953421875001 0.3601244046875 0.5669272796875 0.3325785609375 0.5279432734375 0.2046869015625 0.5222943140625 0.1861060421875
0 0.49075461093749995 0.028331287500000003 0.4833696578125 0.028017446875 0.4708965640625 0.034726760937500004 0.4658089046875 0.0471567609375 0.468727178125 0.06431909062499999 0.50318063125 0.18879229375 0.52881038125 0.18564084375 0.527132125 0.1556881140625 0.495038065625 0.0444006 0.49075461093749995 0.028331287500000003
0 0.3561387421875 0.1124284046875 0.351907903125 0.1088344859375 0.34200495625 0.1123205171875 0.3347463953125 0.119274384375 0.33450737343750003 0.13431685625 0.376696903125 0.292193728125 0.384293325 0.3002012578125 0.3926100640625 0.299381459375 0.40497673125 0.2897061828125 0.4024270546875 0.270169025 0.3964636921875 0.24587597187500002 0.3638117078125 0.137723784375 0.3561387421875 0.1124284046875
3 0.12421875 0.8484375 0.1046875 0.096875
3 0.5109375 0.6703125 0.04375 0.0953125
3 0.43828125 0.20078125 0.05625 0.1390625
3 0.78828125 0.12265625 0.0546875 0.0625
3 0.6578125 0.2546875 0.0546875 0.065625
2 0.54921875 0.759375 0.03125 0.0703125
2 0.4640625 0.53359375 0.025 0.0609375
2 0.3359375 0.08046875 0.0265625 0.05625
2 0.590625 0.24765625 0.0375 0.0453125
2 0.7453125 0.14921875 0.0375 0.0453125
2 0.71328125 0.16875 0.034375 0.053125
2 0.684375 0.1609375 0.0390625 0.0484375
2 0.71328125 0.03984375 0.0359375 0.04375
2 0.31171875 0.859375 0.0453125 0.0546875
2 0.2328125 0.91875 0.0453125 0.059375
1 0.296875 0.81640625 0.08125 0.084375
1 0.290625 0.74453125 0.0671875 0.0671875
1 0.084375 0.934375 0.065625 0.0796875
1 0.02734375 0.59375 0.05 0.0921875
1 0.86328125 0.08125 0.0640625 0.0828125
1 0.8984375 0.01328125 0.059375 0.0265625
1 0.81953125 0.2234375 0.0625 0.075
1 0.47578125 0.34296875 0.0625 0.1046875
1 0.55859375 0.42265625 0.0625 0.0953125
1 0.76953125 0.26953125 0.0609375 0.065625