0 0.6323876390625001 0.1699273765625 0.6328839015625001 0.1640513390625 0.6287470125 0.1601124421875 0.6080216968750001 0.159920671875 0.5871930671875 0.163846365625 0.573004221875 0.17721874375 0.5795637921875 0.2851899765625 0.5895748765625 0.28738142031249997 0.6178911312500001 0.284930815625 0.630715059375 0.28027765 0.6423804421875 0.26618892031249997 0.6323876390625001 0.1699273765625
0 0.5858090093749999 0 0.5810251796875 0.0045172984375 0.5905006515625 0.09160660937500001 0.5922382109375001 0.09584010937500001 0.612963525 0.096031878125 0.6339990390625 0.0937911078125 0.6465330765624999 0.0768592 0.63929265 0 0.5858090093749999 0
0 0.3041292328125 0.8139770421874999 0.3155263046875 0.8224975406249999 0.341794803125 0.818245978125 0.3582177234375 0.8131509124999999 0.34481173906249996 0.7039679249999999 0.34357044375 0.6938583875 0.33498646718749997 0.688413134375 0.3145094109375 0.6902432703125 0.29144695625 0.6958115031250001 0.2867932421875 0.7025400765625001 0.3041292328125 0.8139770421874999
3 0.42812231250000005 1 0.4231694453125 0.9751821156249999 0.42095618437500004 0.97203321875 0.41479184687500004 0.9515820796875 0.41030338437499997 0.9497387390625001 0.3959487796875 0.9518433265624999 0.380332575 0.9585496656249999 0.3849201296875 1 0.42812231250000005 1
3 0.419141225 0.367143209375 0.4178577921875 0.326937134375 0.4087981140625 0.3225764828125 0.3907203859375 0.32411201875 0.3807714921875 0.32738597812500003 0.3797177859375 0.373352059375 0.3877638671875 0.3744165140625 0.4159973703125 0.3712919390625 0.419141225 0.367143209375
3 0.9459027703125 0.5066777859375 0.9253015843749999 0.50749696875 0.8670767109374999 0.524223903125 0.8653394046875 0.52991025625 0.8673252234375 0.5361656625 0.8757850703125 0.5405999625 0.89605524375 0.537084903125 0.9084448437500001 0.5338533265625001 0.9157255859375001 0.53364349375 0.9548593890625 0.525075753125 0.9459027703125 0.5066777859375
3 0.5433837203125 0.134334853125 0.5363306765625 0.141358028125 0.5228241640625 0.1454108734375 0.5162882 0.1516864265625 0.516164321875 0.1605953265625 0.5068360765625 0.168924053125 0.5096504390625001 0.2215985578125 0.51217440625 0.24215461562499999 0.5383809671875001 0.24235750312499998 0.5624156421875 0.23974848125 0.56696604375 0.237137371875 0.5715575671875001 0.22494339531250002 0.5703782093750001 0.21037941093749998 0.5646487046875001 0.20834638593750002 0.5650414031250001 0.19666796250000002 0.568143878125 0.1921822453125 0.5659098015625 0.1839049328125 0.56818475 0.17267952656250002 0.5637165937499999 0.1561249015625 0.5685149984375 0.1456158484375 0.561420325 0.142382184375 0.5609238078125001 0.13833837031250001 0.555628628125 0.1348837578125 0.5433837203125 0.134334853125
2 0.0625345953125 0.5720415796875 0.0496071015625 0.57089235625 0.0055004359375 0.57537876875 0.0077516546875 0.593713471875 0.0550680375 0.5856147593750001 0.058728971875 0.580718409375 0.06543044218750001 0.5757907921875 0.0625345953125 0.5720415796875
2 0.21116131249999998 0.2551698296875 0.1994334828125 0.25387330625 0.1865681796875 0.2581894859375 0.182266546875 0.28266220625 0.18849256875 0.28873904375000004 0.20776996250000002 0.287056209375 0.2169121390625 0.2821709765625 0.21116131249999998 0.2551698296875
2 0.6464596031250001 0.153172190625 0.6491075687500001 0.15710438437500002 0.6574556328125001 0.15455889843749998 0.659036875 0.14980332968750001 0.6689293984375 0.142202696875 0.6646076703125 0.120230346875 0.645410709375 0.12258743593749999 0.62818133125 0.1277438828125 0.6362725859375 0.1495574875 0.6464596031250001 0.153172190625
2 0.6547164984375 0.180743253125 0.6621822078124999 0.18864531874999999 0.6688018953125 0.1896570890625 0.67777505625 0.18338571875 0.685736778125 0.1732853078125 0.6813967703125 0.15557252500000002 0.6630088234375 0.15570161875 0.644712946875 0.160989015625 0.6547164984375 0.180743253125
2 0.6683620703125001 0.24779313906249997 0.651794571875 0.2495232765625 0.6405963453125 0.2508982453125 0.6419207796874999 0.27050176718749996 0.6461134281249999 0.278197525 0.65317451875 0.282804234375 0.660584715625 0.2770288640625 0.66775593125 0.27371559375 0.6709001359375 0.26846402187499996 0.67082611875 0.250227440625 0.6683620703125001 0.24779313906249997
1 0.5548868031249999 0.1215385953125 0.572778059375 0.11295584218750002 0.57233553125 0.06526734375 0.5697243484375 0.0616347296875 0.5444041656249999 0.0626149953125 0.5327464843749999 0.0734733078125 0.531625825 0.11283909375000001 0.5351380906250001 0.119402015625 0.5548868031249999 0.1215385953125
1 0.619979725 0.10503154374999998 0.60434986875 0.1011728546875 0.587653740625 0.1062638265625 0.5853564578125 0.153680540625 0.5977868203125001 0.1579320796875 0.61413361875 0.154404471875 0.6211759812500001 0.1456333234375 0.619979725 0.10503154374999998
1 0.52129595625 0.2755816109375 0.5217184031250001 0.2569799765625 0.523226078125 0.25162524999999997 0.5132229781250001 0.24950843906250003 0.49075295781249995 0.251659221875 0.4845196109375 0.258202375 0.485347578125 0.27817095 0.4828104140625 0.2927749140625 0.4893199765625 0.3017066625 0.5033683671875 0.301502209375 0.5198990796875 0.29947249375 0.523355834375 0.2923579796875 0.52129595625 0.2755816109375
1 0.0883499953125 0.21014384375 0.0199844640625 0.2440820125 0.0171713109375 0.2520297859375 0.0376741984375 0.2647170703125 0.0508950703125 0.26218146875000004 0.132334340625 0.2245093875 0.1310837 0.21432373437500002 0.1137988078125 0.20580274531249998 0.10131338281249999 0.2055111953125 0.0883499953125 0.21014384375
1 0.1330864859375 0.1556916828125 0.1467302578125 0.152191871875 0.15776284375 0.14505944375 0.15452634375000002 0.136334003125 0.090333153125 0.10285908749999999 0.0754206890625 0.10925152499999999 0.065748865625 0.1186496265625 0.11138847031250002 0.1464961796875 0.1330864859375 0.1556916828125
1 0.900623884375 0.3892637859375 0.8906025062499999 0.3914065390625 0.8285251609375001 0.4060228515625 0.8185222859374999 0.4127247515625 0.8186328625 0.42244219843749997 0.8276247515625 0.4295486828125 0.8408088390625 0.42671350312499995 0.907078609375 0.4109742359375 0.9153713859374999 0.403570028125 0.9091008046875 0.39217617968749996 0.900623884375 0.3892637859375
1 0.9026688640625 0.54258040625 0.9033862578124999 0.5528315328125 0.9156327015624999 0.55558518125 0.9848629859375 0.5419151640625001 0.992420315625 0.53733810625 0.9898089078125001 0.5248867796875001 0.9793829109375001 0.523734175 0.908405746875 0.536402303125 0.9026688640625 0.54258040625
1 0.6434216671875 0.719160928125 0.650298615625 0.713451034375 0.6525785187500001 0.7055687359375 0.6498937703125 0.7013369640625 0.565584709375 0.6891858234375 0.5531733015625 0.7071308546874999 0.5656036624999999 0.71138239375 0.6333267218749999 0.7207045265625001 0.6434216671875 0.719160928125
1 0.498948046875 0.698458321875 0.499261371875 0.6877424015625 0.49145816406250004 0.6816839078125 0.469340321875 0.6828742875 0.461721846875 0.6871654875 0.4458034640625 0.7388464171875 0.459565028125 0.7447834578125 0.4886742453125 0.7430397140625 0.498948046875 0.698458321875
1 0.30099089375 0.5766359125 0.30676451562499996 0.5661647640624999 0.30325864375 0.528766559375 0.29836998124999997 0.5199096453125 0.2788162296875 0.519869984375 0.2640218765625 0.5232118531250001 0.2629521828125 0.532190221875 0.266661128125 0.5756648890625 0.27317300625 0.58005151875 0.30099089375 0.5766359125
1 0.35041181093749996 0.638598378125 0.35279162343750003 0.6447126421875 0.3724191765625 0.64535338125 0.3896669171875 0.63987985625 0.391585121875 0.6289668828125 0.392801740625 0.5946496703124999 0.3874888234375 0.5867600562499999 0.3686914421875 0.5884579453125001 0.355243653125 0.5894989859375 0.3494883703125 0.5956969046875 0.351093246875 0.59549985 0.35041181093749996 0.638598378125
1 0.4394070375 0.9211484015625 0.446805459375 0.9681359671875001 0.455955234375 0.9718936328125001 0.467263184375 0.97111533125 0.48369931718750003 0.9678769484374999 0.4878866265625 0.9621766234375 0.48351367968750003 0.9221392546875 0.48069105156249997 0.912418521875 0.469936396875 0.9088579093750001 0.44818757031249995 0.9130536781249999 0.4394070375 0.9211484015625
1 0.3659500765625 0.8712892875 0.3716329140625 0.9175722890625 0.37958372812499996 0.9248329406250001 0.3935295734375 0.9234256750000001 0.41024235625000005 0.9180178343750001 0.4145034671875 0.9129185874999999 0.406441271875 0.8782153203125 0.4051128171875 0.8673959171875 0.3931406359375 0.8627645171875 0.3770549546875 0.8644345203125001 0.3659500765625 0.8712892875
1 0.37817807812500004 0.7807074593750001 0.37841805 0.7870844640625 0.39105423125 0.788278565625 0.4067525609375 0.7878764015625 0.41575450312499995 0.7815849140625 0.420014709375 0.7410976687499999 0.41966403124999996 0.733819046875 0.41115992187500006 0.7308973125 0.39920630625000003 0.73083968125 0.38887613593750003 0.735158765625 0.38258589062500004 0.7414223703125 0.37817807812500004 0.7807074593750001
1 0.8758050765625001 0.87976825625 0.86027291875 0.88594634375 0.8511971734375001 0.891636753125 0.860605484375 0.90634519375 0.8781674546874999 0.9255437499999999 0.8867270312500001 0.9333397937499999 0.8985330390625 0.9321952687499999 0.911740853125 0.9247772234375 0.915854359375 0.9184758203125 0.9074238265625001 0.9073081640625 0.8894559375 0.884803678125 0.8844382328125 0.879318378125 0.8758050765625001 0.87976825625
1 0.737881796875 0.10343438593750001 0.7479854671874999 0.10846358281249999 0.7647046453125 0.10829165781250001 0.7737086390625 0.1043647078125 0.79150725625 0.06299324687499999 0.792473865625 0.05723176875 0.7853084015625 0.05340925 0.7729870015625 0.0530411953125 0.7598695140625 0.0552787984375 0.737237159375 0.09818423281250001 0.737881796875 0.10343438593750001