0 0.7085410484375 0.67163965625 0.695389290625 0.668876028125 0.6683156546875 0.6759550328125 0.6554282609375 0.6839017093749999 0.684928296875 0.7893615625 0.706004209375 0.7977528328125 0.7387594703125 0.7897764031250001 0.7459652390625 0.7827271515625001 0.7459100703125 0.7761113734375 0.721293953125 0.6790524718750001 0.7085410484375 0.67163965625
0 0.7303444781249999 0.861732846875 0.7533893296875 0.94879745 0.7615316437499999 0.952772715625 0.8105712437499999 0.9414510328125001 0.7912549828125 0.8609275765625 0.77337333125 0.8472417484375001 0.7511008578125 0.8527980359375 0.7303444781249999 0.861732846875
0 0.25182460624999997 0.3382379890625 0.2293608484375 0.34342415625 0.224483734375 0.35682575625 0.25676541875000003 0.46481795468750003 0.2646498765625 0.46713415156250004 0.2840923640625 0.46452571093749995 0.3015243546875 0.4589970484375 0.31084965468750003 0.453083709375 0.30392611718749996 0.4230945734375 0.27593043281249996 0.333667078125 0.25182460624999997 0.3382379890625
3 0.6058153374999999 0.748735728125 0.6255953015625 0.8192685531249999 0.63533106875 0.8235797734375 0.6370562078125 0.8310521718749999 0.645613675 0.835307478125 0.6610034734375 0.8363456921875001 0.6721832296875 0.83933970625 0.6868105453125 0.832027384375 0.688189025 0.8228546250000001 0.6931242453124999 0.8164681203124999 0.6842792531249999 0.8109674140625 0.6838825484375 0.7966294234375 0.6764160390625 0.78195595625 0.6690496171875 0.762668153125 0.672490803125 0.7599060234375 0.668199790625 0.74384354375 0.65570434375 0.7326267140625 0.6319163062500001 0.738118615625 0.6058153374999999 0.748735728125
3 0.52265625 0.84453125 0.065625 0.0609375
3 0.25859375 0.15 0.059375 0.071875
3 0.8859375 0.340625 0.0953125 0.05
2 0.77265625 0.79765625 0.0375 0.040625
2 0.7765625 0.7609375 0.046875 0.0421875
2 0.80859375 0.74765625 0.0375 0.040625
2 0.73671875 0.67578125 0.0359375 0.0390625
2 0.2953125 0.8296875 0.04375 0.0421875
2 0.03671875 0.58984375 0.059375 0.0328125
1 0.58671875 0.71796875 0.0515625 0.0609375
1 0.76171875 0.71484375 0.0546875 0.0640625
1 0.7296875 0.825 0.059375 0.065625
1 0.69765625 0.87734375 0.0625 0.0703125
1 0.19140625 0.90390625 0.1328125 0.096875
1 0.26875 0.9765625 0.1125 0.046875
1 0.31640625 0.6359375 0.071875 0.075
1 0.36171875 0.496875 0.06875 0.0703125
1 0.49296875 0.36875 0.1046875 0.0796875
1 0.39453125 0.37421875 0.0921875 0.0734375
1 0.57734375 0.2265625 0.1015625 0.0765625
1 0.3375 0.2078125 0.05625 0.0703125
1 0.12734375 0.10546875 0.1171875 0.084375
1 0.30078125 0.06796875 0.0640625 0.078125
1 0.9296875 0.36484375 0.090625 0.04375