0 0.1873690640625 0.37641583125 0.1883985640625 0.39471805937500004 0.199036734375 0.41119006562499993 0.30541843750000003 0.4136303625 0.308163771875 0.4020389515625 0.30850693906250004 0.3751956828125 0.3064479375 0.3648244203125 0.3006141015625 0.3575035296875 0.2923780984375 0.3514027859375 0.20315473593750003 0.352622934375 0.1949187328125 0.352012859375 0.18942806406249998 0.358723678125 0.1873690640625 0.37641583125
3 0.1945173359375 0.41473264531250004 0.1921777796875 0.42008020156250003 0.177137778125 0.41473264531250004 0.1631004453125 0.41295012656249996 0.1470577796875 0.41354430000000003 0.1360284453125 0.40879091718750005 0.1266702234375 0.41532681875 0.11965155624999999 0.42483358281249994 0.122325334375 0.44265876875 0.125333334375 0.4545422265625 0.13302044531249999 0.4587014359375 0.1417102234375 0.45988978124999996 0.149397334375 0.469396546875 0.2195840015625 0.47355575625 0.2232604453125 0.45038301562500005 0.22392889062500002 0.4283986203125 0.2219235578125 0.42186271875000003 0.2128995578125 0.41532681875 0.1945173359375 0.41473264531250004
3 0.567609465625 0.1531106375 0.5743909406250001 0.15853581875 0.58015519375 0.157330221875 0.5852413000000001 0.15130224375 0.584224078125 0.13743789374999998 0.5821896359375 0.1187511640625 0.58320685625 0.111517590625 0.578459825 0.07293853125000001 0.5598107671875 0.07776091406249999 0.5594716953125001 0.0988588359375 0.567609465625 0.1531106375
3 0.6686925671874999 0.4520983390625 0.6357632890625 0.506002371875 0.65076078125 0.5326645812499999 0.68075576875 0.4810790015625 0.683364028125 0.4706459625 0.6722789234375 0.452677953125 0.6686925671874999 0.4520983390625
2 0.28100850781250003 0.3504924453125 0.302121315625 0.35260703125 0.3062844046875 0.34784921406249997 0.3107448578125 0.34732056875 0.311339584375 0.3399195203125 0.3080685859375 0.33727629062500003 0.30717649687500004 0.33146118125 0.3012292265625 0.32458878125 0.28427950625 0.3224741953125 0.279819053125 0.326703365625 0.27952168906249997 0.3409768140625 0.28100850781250003 0.3504924453125
2 0.3303708484375 0.4794821234375 0.33096557656250003 0.47366701562499997 0.328289303125 0.47049513750000005 0.3253156703125 0.4641513828125 0.3193684 0.45939356875000004 0.307771221875 0.45675033593750003 0.30003977187499997 0.45675033593750003 0.298255590625 0.46626596875 0.29885031875 0.48053941718750004 0.3030134078125 0.488469109375 0.314610584375 0.4874118171875 0.32472094218750003 0.4868831703125 0.3273972140625 0.4810680625 0.3303708484375 0.4794821234375
2 0.511198759375 0.788551278125 0.5074599390625 0.750483284375 0.5050806890625 0.7408152234375 0.49896261875 0.73416843125 0.49352433281249997 0.7444407453124999 0.4938642265625 0.7553173156249999 0.49556369062499994 0.7945938156250001 0.49896261875 0.8000320999999999 0.5094992953124999 0.7976150843750001 0.511198759375 0.788551278125
2 0.8721461343750001 0.7424205859375 0.8527297421875 0.7418547171875 0.8482735218749999 0.7452499328125 0.84509050625 0.7514744953125 0.8399976812500001 0.752040365625 0.8399976812500001 0.76052840625 0.8447722046875 0.7599625359375 0.8473186171875 0.7690164453125 0.8527297421875 0.7724116609375 0.8715095312500001 0.7746751390625 0.8766023562499999 0.7673188375 0.87692065625 0.76675296875 0.8759657531249999 0.746947540625 0.8721461343750001 0.7424205859375
2 0.4119883296875 0.0981598765625 0.41168495156249996 0.060406078125 0.40713427031249994 0.052855318750000005 0.4013700734375 0.052315978124999996 0.3983362875 0.0598667375 0.39651601406250003 0.092766478125 0.3980329078125 0.10301393750000001 0.40804440625 0.105171296875 0.4119883296875 0.0981598765625
1 0.4625 0.34140625 0.0359375 0.1046875
1 0.49765625 0.47890625 0.03359375 0.0890625
1 0.259375 0.4859375 0.0515625 0.05
1 0.071875 0.41875 0.0609375 0.04921875
1 0.1984375 0.89921875 0.06640625 0.11640625
1 0.1375 0.90234375 0.04375 0.11953125
1 0.49140625 0.88671875 0.034375 0.10390625
1 0.58984375 0.79296875 0.03046875 0.1125
1 0.915625 0.2421875 0.0515625 0.1
1 0.54375 0.61328125 0.03984375 0.0921875
1 0.52890625 0.77578125 0.03203125 0.1046875
1 0.4515625 0.1953125 0.02734375 0.08828125
1 0.53984375 0.08046875 0.028125 0.0875
1 0.59296875 0.07734375 0.0296875 0.09453125
1 0.95546875 0.44921875 0.05625 0.05625
1 0.94140625 0.6859375 0.0671875 0.04375
1 0.93359375 0.73359375 0.059375 0.03828125
1 0.71640625 0.4875 0.0421875 0.0765625
1 0.128125 0.2140625 0.04921875 0.0671875
1 0.47265625 0.65 0.0265625 0.09921875