0 0.73609275 0.67413208125 0.6262793796875 0.6686414125 0.6180433765625 0.6716917828125 0.612895875 0.68511341875 0.6135822078125 0.70524586875 0.6173570421875 0.7247682453125 0.73060208125 0.7284286921875001 0.7395244187500001 0.719277578125 0.737808584375 0.6863335671875 0.73609275 0.67413208125
0 0.19080073125000002 0.37397553437500003 0.20315473593750003 0.3928878375 0.3078206046875 0.3965482828125 0.31090910625 0.38678709375000003 0.31193860625 0.3593337515625 0.3078206046875 0.347742340625 0.29683926718750003 0.33432070625 0.1986935671875 0.33371063125 0.192516565625 0.337371078125 0.19080073125000002 0.3495725640625 0.19080073125000002 0.37397553437500003
0 0.1283443765625 0.3501826375 0.12868754375 0.32272929375000003 0.11324503906250001 0.3074774375 0.027796509375 0.30564721562499997 0.0260806765625 0.3154084046875 0.0236785078125 0.34408189375 0.037062012500000005 0.362994196875 0.1228537078125 0.36543449375 0.125255875 0.361163975 0.1283443765625 0.3501826375
3 0.23026491093749998 0.4026490265625 0.20830223750000001 0.39898858125 0.1945755671875 0.39471805937500004 0.18050572812500001 0.3965482828125 0.17776039375 0.3922777625 0.1719265578125 0.3916676890625 0.168494890625 0.39776843125 0.1606020546875 0.4026490265625 0.15751355312499998 0.4136303625 0.1623178890625 0.42156132812499997 0.1623178890625 0.43315274062500003 0.16986755781250001 0.443524003125 0.1801625609375 0.448404596875 0.1890848984375 0.4532851921875 0.2343829140625 0.4551154140625 0.2563455859375 0.45816578437500005 0.260120421875 0.4349829625 0.26080675625 0.40935984375 0.24776641718749998 0.39776843125 0.23266707812499998 0.39715835625 0.23026491093749998 0.4026490265625
1 0.230608078125 0.3221192203125 0.278651428125 0.32394944375 0.2834557625 0.30991773437500003 0.2813967625 0.29405580468750003 0.275562928125 0.2879550609375 0.2374714140625 0.2849046890625 0.22957857812500002 0.28856513437500003 0.22683324374999997 0.30686736406250004 0.230608078125 0.3221192203125
3 0.2096749046875 0.54723663125 0.20658640312499998 0.571029528125 0.2100180703125 0.575300046875 0.254629753125 0.585671309375 0.2577182546875 0.552117225 0.21207707187499997 0.5405258140625 0.2096749046875 0.54723663125
3 0.5720590265625 0.145807753125 0.5768633624999999 0.150688346875 0.5857857 0.148858125 0.5895605328125 0.1384868625 0.5875015328125001 0.108593221875 0.5875015328125001 0.106152925 0.5830403640624999 0.0652779484375 0.5648525249999999 0.07198876562499999 0.563823025 0.0963917359375 0.5720590265625 0.145807753125
1 0.760800759375 0.35445315625 0.753937421875 0.34408189375 0.7481035875 0.3434718203125 0.7124142421874999 0.4032591 0.7189344109375 0.41851095625 0.726827246875 0.42888221875 0.7632029265625 0.36604456875 0.760800759375 0.35445315625
3 0.908019309375 0.628986584375 0.9056171421875 0.634477253125 0.8973811375 0.6350873265625 0.8836544671875 0.638747771875 0.8819386328125001 0.6466787390625 0.8822818 0.6637608187499999 0.8860566343749999 0.6698615609374999 0.9334136515625 0.6698615609374999 0.9413064875 0.6643708937499999 0.9378748187499999 0.628986584375 0.908019309375 0.628986584375
1 0.9838591687499999 0.76991374375 0.9739073312500001 0.74856114375 0.964641828125 0.7357495828125 0.9608669921875 0.7320891375 0.9512583234375 0.7357495828125 0.9454244875000001 0.7461208453125 0.947140321875 0.7632029265625 0.9742504984375 0.8419025078125 0.9862613343750001 0.8345816171875 0.9993016718750001 0.8242103546875 0.9838591687499999 0.76991374375
1 0.6530463875 0.48012845937500004 0.6400060515625 0.47219749375 0.6352017156249999 0.47219749375 0.6273088796875 0.495990390625 0.6310837140625 0.506971728125 0.6763817296875 0.549066853125 0.6798133984375 0.5386955906249999 0.6877062328125 0.51368254375 0.6530463875 0.48012845937500004
1 0.4862673328125 0.697924978125 0.4807766640625 0.6893839374999999 0.453323321875 0.687553715625 0.43582181562500005 0.68450334375 0.4286153125 0.6930443828125 0.42930164687500005 0.7150070578125 0.4334196484375 0.7229380234375 0.44851898593749995 0.723548096875 0.48111983125 0.7290387671875 0.484551496875 0.7247682453125 0.4862673328125 0.697924978125
1 0.5875015328125001 0.614954875 0.54632151875 0.6082440578125 0.5401445171875 0.61007428125 0.5370560156249999 0.6222757671875 0.5370560156249999 0.6369175499999999 0.540487684375 0.6478988875 0.5871583671875 0.655829853125 0.59333536875 0.6478988875 0.5943648687499999 0.6259362125 0.5875015328125001 0.614954875
1 0.1125587046875 0.16410998125 0.10638170312499999 0.1799719125 0.10466586874999999 0.188512953125 0.109470203125 0.198884215625 0.1448163828125 0.22328718749999998 0.152022884375 0.220846890625 0.1588862203125 0.199494290625 0.1551113859375 0.1872928046875 0.1159903734375 0.16594020468749998 0.1125587046875 0.16410998125
1 0.172956059375 0.8534939187499999 0.20075256718749998 0.93341365 0.2062432359375 0.93829424375 0.2227152421875 0.9181617937500001 0.22168574218749998 0.9035200109374999 0.1962914 0.8229902062500001 0.188055396875 0.8211599828124999 0.17467189375 0.8382420625 0.172956059375 0.8534939187499999
2 0.261149921875 0.74856114375 0.23541241406250002 0.7503913671875 0.230608078125 0.7577122562499999 0.2343829140625 0.776624559375 0.2590909203125 0.7815051546875 0.26389525625 0.77906485625 0.26458159062500003 0.7564921078125 0.261149921875 0.74856114375
2 0.1794762265625 0.9724584046875 0.15854305468750002 0.94927558125 0.1516797171875 0.94988565625 0.1458458828125 0.9639173640625 0.1465322171875 0.973678553125 0.160945221875 0.9999117468750001 0.1726128921875 1 0.181535228125 0.9797792953125001 0.1794762265625 0.9724584046875
2 0.22463210312499998 0.3040218546875 0.22590121093749999 0.29950947031249997 0.22082477812499998 0.295561134375 0.21416196250000002 0.2820239828125 0.19322168281250002 0.28258803125 0.191635296875 0.3040218546875 0.1963944515625 0.3220713890625 0.21828656249999998 0.31248257343749997 0.22082477812499998 0.304585903125 0.22463210312499998 0.3040218546875
2 0.21701745625000002 0.2854082703125 0.2239975484375 0.28371612812499997 0.2300258125 0.27807564687499997 0.2262184875 0.269614928125 0.223680271875 0.262846353125 0.21923839374999998 0.2572058734375 0.20115360624999998 0.2543856328125 0.197663559375 0.2718711203125 0.1970290046875 0.2820239828125 0.21701745625000002 0.2854082703125
1 0.1459474125 0.3948335765625 0.138650040625 0.3818604734375 0.092010325 0.37791213749999997 0.0872511703125 0.3908852421875 0.088203 0.40724263125000004 0.097721309375 0.41739549531250003 0.1383327640625 0.423035975 0.1446783046875 0.4140112078125 0.1459474125 0.3948335765625
1 0.3083932265625 0.45123837343749995 0.290625715625 0.45123837343749995 0.2747618671875 0.44898218125 0.266512665625 0.45011027812500004 0.2646090015625 0.46646766875 0.264291725 0.4783126765625 0.2693681578125 0.4850812515625 0.30807595 0.49072173125 0.3144214890625 0.48395315625 0.31537331874999996 0.4625193328125 0.3083932265625 0.45123837343749995
1 0.8423703859374999 0.6345539625 0.8226992125000001 0.6368101562499999 0.7998552703125 0.633989915625 0.7928751765625 0.6385022984375001 0.788116021875 0.6480911140625001 0.7906542375 0.6678327937499999 0.798903440625 0.67460136875 0.8423703859374999 0.6734732718750001 0.847129540625 0.6689608890625001 0.8487159265625 0.6509113546874999 0.8423703859374999 0.6345539625
1 0.7037203453124999 0.59507060625 0.6643779984375 0.5696884468750001 0.6567633515625 0.5696884468750001 0.6516869203125 0.5815334546875001 0.652321475 0.5961987015625 0.6583497375 0.60522346875 0.6945193125 0.627221340625 0.699913021875 0.6255291953125 0.704037621875 0.61199204375 0.7037203453124999 0.59507060625
1 0.4644935015625 0.0958881546875 0.4679835484375 0.0857352921875 0.46766627187500004 0.07445433125 0.4625898390625 0.012973103125 0.457830684375 0.0033842875000000003 0.45180242187499997 0.0033842875000000003 0.44545688125 0.006204528125 0.4410150046875 0.0197416796875 0.445774159375 0.08911957968749999 0.450850590625 0.09701625 0.4644935015625 0.0958881546875
1 0.59552889375 0.117321978125 0.605999034375 0.11562983281250001 0.607902696875 0.10209268125 0.60346081875 0.0406114546875 0.601874434375 0.030458590624999997 0.5952116171874999 0.028202398437499998 0.5879142468749999 0.032714781250000005 0.5841069234375 0.04681598125 0.5898179078125 0.1105534015625 0.59552889375 0.117321978125
1 0.1510130796875 0.9338006875 0.158149803125 0.920605678125 0.15986261875000002 0.912485671875 0.13417041093749998 0.8424506203125001 0.1281755625 0.8424506203125001 0.1153294609375 0.85767563125 0.1153294609375 0.8723931437499999 0.1418780734375 0.9398906921875 0.1510130796875 0.9338006875
1 0.132743065625 0.3613402671875 0.13502681875 0.369460271875 0.17584887968750001 0.38011778125 0.1832710734375 0.3755502765625 0.1875531078125 0.359817765625 0.1844129484375 0.34763775625000004 0.18013091406249998 0.342562753125 0.1427344796875 0.3379952484375 0.135883225 0.3379952484375 0.1324575984375 0.34763775625000004 0.132743065625 0.3613402671875
2 0.5349688312499999 0.9409056937500001 0.5312577359375 0.9358306890625 0.52669023125 0.9282181828124999 0.522122728125 0.9343081874999999 0.5195535078125 0.94344319375 0.5204099140625 0.9916557312500001 0.5278321078125 0.99368573125 0.5369671140625 0.9901332296875 0.5349688312499999 0.9409056937500001
1 0.96999356875 0.16498897968749998 0.964402828125 0.1535590203125 0.9574144 0.149086428125 0.9199564359375 0.17443111875 0.9168815296874999 0.1823823953125 0.9205155109375 0.19679408437499998 0.9272243984375 0.211205771875 0.9705526421874999 0.179897621875 0.96999356875 0.16498897968749998
2 0.160841846875 0.32878240625 0.18522031562500002 0.3247971640625 0.192505834375 0.31383774999999997 0.1880224390625 0.30287833750000004 0.17961606875 0.295406009375 0.1588803609375 0.29739863125 0.15691887499999999 0.30238018125 0.1566386640625 0.3148340609375 0.160841846875 0.32878240625