0 0.1874997796875 0.36346734999999997 0.1869782203125 0.37830275156250004 0.1877605578125 0.3949925796875 0.1997563703125 0.4149276515625 0.3043285703125 0.4149276515625 0.3074579125 0.40611913125 0.3087618046875 0.3968470046875 0.30824024843750003 0.37320308125 0.3032854546875 0.3625401375 0.2933758703125 0.35280440468749996 0.208101284375 0.35373161875000003 0.192976128125 0.35326801093750004 0.19036834375 0.35651325625 0.1874997796875 0.36346734999999997
3 0.14747278125000002 0.411720403125 0.14563265625 0.41732839843749997 0.1330146640625 0.4149917328125 0.1295972921875 0.41031840312499995 0.1140876765625 0.40611240625 0.09778943749999999 0.4084490703125 0.0914804421875 0.402841075 0.0856971953125 0.40143907656250005 0.081754071875 0.4084490703125 0.0751822015625 0.4098510703125 0.072553453125 0.418263065625 0.072027703125 0.42714239374999996 0.07597082656250001 0.43228305625 0.0762337015625 0.43742371875 0.07754807500000001 0.4434990484375 0.0820169484375 0.4486397125 0.093057690625 0.451443709375 0.0972636875 0.45892103906250004 0.102258309375 0.46265970312500004 0.17139438906249999 0.47294103125 0.1740231390625 0.45191104375 0.1763890125 0.4294790578125 0.1737602640625 0.4163937328125 0.16508539375 0.413589734375 0.14747278125000002 0.411720403125
3 0.5671978453125 0.156960409375 0.5752242296875 0.158862959375 0.5805751531250001 0.15743604687499999 0.5848558921875 0.1522040328125 0.583518159375 0.1327028921875 0.5819128828125 0.1174824890625 0.58298306875 0.1108235625 0.5781672375 0.0732481921875 0.5602416453125 0.0770532921875 0.559171459375 0.101310809375 0.5671978453125 0.156960409375
3 0.5644048500000001 0.8925306781250001 0.5580093265625 0.892056934375 0.5500149234375 0.8925306781250001 0.5457512421875 0.8972681015624999 0.5444188421875 0.9043742375000001 0.5494819625 0.99391155 0.5715998109375 0.9901216109375 0.566536690625 0.8986893281249999 0.5644048500000001 0.8925306781250001
2 0.3125 0.4734375 0.03203125 0.03125
2 0.29609375 0.33828125 0.03203125 0.0328125
2 0.4078125 0.2421875 0.01796875 0.05078125
2 0.4546875 0.3734375 0.01953125 0.0546875
2 0.43203125 0.45703125 0.01953125 0.05390625
2 0.48671875 0.52421875 0.01875 0.05234375
2 0.85859375 0.75703125 0.0375 0.03125
1 0.453125 0.57734375 0.0296875 0.0921875
1 0.51796875 0.665625 0.0265625 0.09375
1 0.5015625 0.81328125 0.028125 0.109375
1 0.57421875 0.75546875 0.028125 0.10078125
1 0.58515625 0.9140625 0.02421875 0.0984375
1 0.934375 0.73359375 0.06015625 0.04140625
1 0.94296875 0.68359375 0.0671875 0.0484375
1 0.86796875 0.66796875 0.0578125 0.0390625
1 0.92890625 0.57890625 0.05859375 0.040625
1 0.8734375 0.71640625 0.05859375 0.04375
1 0.8125 0.4453125 0.0546875 0.03984375
1 0.59453125 0.58828125 0.0421875 0.0921875
1 0.440625 0.03984375 0.025 0.0796875
1 0.47265625 0.071875 0.025 0.08125
1 0.540625 0.0796875 0.025 0.08828125
1 0.59140625 0.08046875 0.02421875 0.0890625
1 0.69453125 0.49296875 0.05 0.07734375
1 0.89765625 0.03671875 0.0484375 0.04296875
1 0.9390625 0.17578125 0.0515625 0.06171875
1 0.890625 0.12421875 0.0453125 0.1
1 0.8234375 0.08671875 0.04609375 0.08515625
1 0.2 0.90234375 0.05078125 0.115625
1 0.13828125 0.90625 0.0390625 0.11796875
1 0.10078125 0.803125 0.02890625 0.10078125
1 0.25546875 0.48671875 0.0515625 0.04296875