0 0.4570008828125 0.6877046375 0.45944147500000004 0.6920434671875 0.4743901015625 0.699636421875 0.48476261875000004 0.7023481890625 0.4881184328125 0.6925858218750001 0.49879602343749996 0.60418215 0.5103888359375001 0.5168631859375 0.5088634671875 0.49245726406249996 0.48415247031249997 0.4826948953125 0.48079665625 0.49408432500000005 0.4579161046875 0.6557057625 0.4570008828125 0.6877046375
0 0.41256802812500004 0.243256190625 0.40338668593750004 0.24062354843749997 0.39835175624999997 0.25589287656250004 0.389170415625 0.305386559375 0.3743618 0.38331278593749996 0.376138834375 0.40068822812500005 0.3814699359375 0.409112684375 0.3909474484375 0.41543102656249997 0.3992402734375 0.41595755624999997 0.404275203125 0.40858615625 0.4128642 0.3569863578125 0.4270804703125 0.2759009609375 0.42619195468750004 0.2564194046875 0.4220455421875 0.2458888328125 0.41256802812500004 0.243256190625
0 0.3927244828125 0.212928146875 0.3921321390625 0.23662193125000003 0.398055584375 0.24241374375000002 0.4178991296875 0.24451985937499998 0.4347809515625 0.1163628109375 0.4309307109375 0.092669025 0.413160371875 0.09056291093749999 0.408421615625 0.10130409375 0.398055584375 0.17554461875 0.3927244828125 0.212928146875
3 0.126418453125 0.1741646078125 0.1320549453125 0.16939297343749998 0.13661781875 0.1584182171875 0.13661781875 0.14935211406249999 0.12829728437500001 0.134560053125 0.12024515312499999 0.12549395000000002 0.114877065625 0.1240624609375 0.1038724875 0.116427846875 0.0931363125 0.13646870625000002 0.0968939734375 0.1474434625 0.1009200390625 0.1483977890625 0.10306727499999999 0.1584182171875 0.126418453125 0.1741646078125
3 0.2819255421875 0.288599403125 0.2908540859375 0.294371390625 0.30762892656249996 0.30351037187499996 0.3122284796875 0.29196639687500003 0.3141224125 0.2813844171875 0.3060055546875 0.264549453125 0.297618134375 0.2587774640625 0.2938302671875 0.2587774640625 0.27813767500000003 0.2481954875 0.26866800625 0.2727264359375 0.27083250312499996 0.2813844171875 0.2819255421875 0.288599403125
3 0.8543697874999999 0.7269364515625 0.85410288125 0.7501870296875001 0.8575726734375 0.7634730750000001 0.86531298125 0.764422078125 0.8781245234374999 0.76537108125 0.92269801875 0.7758101171875 0.9363102828125 0.7672690875 0.9344419328125 0.7221914359375 0.888533903125 0.7098543937499999 0.8850641093749999 0.7131759062499999 0.8690496812499999 0.7103288953125 0.86157628125 0.7117524000000001 0.8557043234374999 0.7160229140625 0.8543697874999999 0.7269364515625
2 0.7432044390625 0.783247728125 0.73187855625 0.78526121875 0.725989096875 0.7872747078125 0.7239504390625 0.7977448578125 0.7194200859375 0.7977448578125 0.7191935671875 0.8045907250000001 0.724856509375 0.8062015171875 0.7262156156249999 0.8122419890625 0.7305194515625 0.815060875 0.7540772875 0.818282459375 0.7545303234375 0.8057988187499999 0.7531712171875 0.7860666140625 0.7432044390625 0.783247728125
2 0.818181784375 0.815060875 0.81772875 0.8227121374999999 0.822259103125 0.8247256281249999 0.8254303500000001 0.835195778125 0.837662303125 0.845665928125 0.850120775 0.8533171906250001 0.853292021875 0.8432497390625 0.8553306812500001 0.8223094390625001 0.8498942578124999 0.8146581765625 0.8353971265625001 0.809020403125 0.8283750796874999 0.8094231015625001 0.8233916906250001 0.8146581765625 0.818181784375 0.815060875
2 0.835170609375 0.867008925 0.8304137390624999 0.8674116234374999 0.8297341859375 0.8734520937499999 0.8344910562500001 0.876673678125 0.8358501625000001 0.883116846875 0.8408335515625 0.8863384312499999 0.8496677390625 0.8956004875 0.8625792453125 0.9028490515625001 0.8671096 0.8911708078125 0.8684687046875 0.8730493953125 0.865523975 0.866203528125 0.8496677390625 0.8601630578125 0.8437782796875 0.85774686875 0.8378888218749999 0.8593576625000001 0.835170609375 0.867008925
2 0.1744425421875 0.180614625 0.175173446875 0.195340996875 0.1807770484375 0.20183792656250002 0.19344605937499998 0.20530295468749998 0.2022169140625 0.20400356875 0.20465326250000002 0.1988060265625 0.20270418281249997 0.1905765828125 0.200267834375 0.18494591093749999 0.1958824078125 0.1736845671875 0.1846752046875 0.16805389531249998 0.1817515875 0.165888253125 0.1783407 0.16935328125 0.1744425421875 0.180614625
2 0.15373358125 0.140333665625 0.155682659375 0.1533275234375 0.16664622812500002 0.1619900953125 0.17663525625 0.163722609375 0.181995221875 0.16328948125 0.183213396875 0.1563594234375 0.17955887343750002 0.146397465625 0.1763916203125 0.13773489375 0.17151892500000002 0.13210422187499998 0.16177353125 0.126906678125 0.15836264375 0.1273398078125 0.1547081203125 0.13210422187499998 0.15373358125 0.140333665625
2 0.13205008125 0.20183792656250002 0.13546096875 0.217863684375 0.153489946875 0.2247937421875 0.16177353125 0.223927484375 0.163478975 0.2152649125 0.1590935484375 0.206602340625 0.1547081203125 0.19664038281250001 0.141795475 0.186678425 0.1381409515625 0.1858121671875 0.135217334375 0.193175353125 0.13205008125 0.20183792656250002
2 0.26337402656250003 0.2094670609375 0.268139015625 0.2102371609375 0.27008833125 0.2052315140625 0.26683947343750003 0.19907071875 0.264890159375 0.18982952343749998 0.2596919875 0.1813584296875 0.2479961015625 0.174427534375 0.2438808828125 0.1740424859375 0.2414983875 0.1817434796875 0.23911589218749998 0.1879042765625 0.24019884375 0.20176606718749998 0.2434477015625 0.2067717125 0.2583924453125 0.2117773609375 0.26337402656250003 0.2094670609375
2 0.33030048437500004 0.2518225328125 0.330517075 0.2445065875 0.32098709375 0.22871954843750003 0.31189029375 0.22371390156249998 0.3049593984375 0.22140360312500001 0.3023603125 0.230644796875 0.3010607703125 0.24027104062500002 0.30171054062499997 0.25528798125 0.31492256093750004 0.259138478125 0.3227198171875 0.2575982796875 0.327051628125 0.25451788125 0.33030048437500004 0.2518225328125
3 0.5073150734375 0.397469871875 0.51431059375 0.39945970937499997 0.519067546875 0.3944851171875 0.5235446796875001 0.3288205078125 0.5073150734375 0.324343375 0.5017186578125 0.384535934375 0.5022783000000001 0.3934901984375 0.5073150734375 0.397469871875
2 0.5682383343749999 0.1343639875 0.569502209375 0.13885776562500002 0.571018859375 0.1487440796875 0.5750632609374999 0.14694656718750002 0.5783493359375 0.14425030156250002 0.5823937375 0.1312183421875 0.5861853625 0.11324322656250001 0.5846687125 0.10380629062499999 0.5765799109375 0.098863134375 0.573293834375 0.10155940156250001 0.5682383343749999 0.1267245625 0.5682383343749999 0.1343639875
2 0.47903797499999995 0.440856265625 0.4826281953125 0.4499742859375 0.4828846390625 0.45909230624999997 0.48698774843750003 0.4618277125 0.48826997031249997 0.45362149374999994 0.4928859671875 0.4486065828125 0.49724552031249997 0.4317382453125 0.49852774218749996 0.41669351250000003 0.4969890765625 0.4075754921875 0.48775708125 0.40438418593750003 0.4828846390625 0.4071195921875 0.480576640625 0.4185171171875 0.47903797499999995 0.440856265625
2 0.33681291406249997 0.2643663625 0.3373213109375 0.2738564375 0.35435260468749996 0.28108697031249996 0.360707565625 0.27747170312499997 0.3655373359375 0.276115978125 0.367316725 0.2697892625 0.3635037484375 0.2652701796875 0.3640121453125 0.2589434625 0.359182375 0.248549571875 0.3439304703125 0.241770946875 0.33960909687499996 0.24403048906249997 0.33681291406249997 0.2557801046875 0.33681291406249997 0.2643663625
1 0.7518045796874999 0.710227221875 0.7529419546875 0.722864715625 0.7569227656249999 0.7284252140625 0.7995743109375 0.74712870625 0.8061142140625 0.74763420625 0.8095263375 0.7344912109374999 0.8103793687499999 0.71528221875 0.8001429984374999 0.710227221875 0.7637470125 0.6925347281249999 0.756354078125 0.691018228125 0.7520889234375 0.6955677265625 0.7518045796874999 0.710227221875
1 0.667070175 0.7314582125 0.6673545187500001 0.74763420625 0.6713353296875 0.756227703125 0.7290570890625 0.78099719375 0.7341752734375 0.7420737078124999 0.724507590625 0.7365132109375 0.6821403875 0.7157877187499999 0.6738944234375001 0.7112382203125 0.66962926875 0.7188207171875 0.667070175 0.7314582125
1 0.7193894046875 0.6682707375 0.7105747515624999 0.6627102390624999 0.6855525124999999 0.65361124375 0.6727570484375 0.6485562453125 0.6656484578125 0.6561387421875 0.6636580515625 0.6743367359375 0.6656484578125 0.6839412312500001 0.6724727046875 0.68697423125 0.6946515078125 0.6955677265625 0.71427121875 0.7046667234374999 0.7182520296875 0.6980952265625 0.7193894046875 0.6682707375
1 0.370460325 0.9884951109375001 0.37755856250000003 0.9872932921875 0.3853328203125 0.9446287625 0.393445090625 0.8971569609375001 0.3893889546875 0.8839369640625 0.3768825390625 0.8803315125 0.3718123703125 0.8851387828125 0.36809424687500003 0.9007624140624999 0.3576158984375 0.9632569375 0.3582919203125 0.9782796593749999 0.370460325 0.9884951109375001
1 0.3590285046875 0.48827614375 0.35342329375000003 0.4798847171875 0.3327725171875 0.4767379328125 0.31684191875 0.4756890046875 0.30887661875 0.4767379328125 0.304156440625 0.49194739375 0.3047464625 0.5071568546874999 0.309466640625 0.5139748890625 0.34958815 0.51921953125 0.35489835 0.5176461375 0.35873349375 0.506632390625 0.3590285046875 0.48827614375
1 0.5376449078125 0.099336128125 0.5451307640625 0.1007620046875 0.5488736921874999 0.092206740625 0.55903306875 0.036122228125 0.5579636609375 0.0213881609375 0.5515472124999999 0.0156846515625 0.5437940046875 0.015209359375 0.529624346875 0.08792910781249999 0.5309611078125 0.0936326171875 0.5376449078125 0.099336128125
1 0.6929578546874999 0.10912316875000001 0.6748135546875 0.061081521875 0.6667065265625001 0.062454140625 0.66052974375 0.06657199531249999 0.6597576453125 0.0823571078125 0.6782879953125 0.1345166109375 0.685622925 0.1393207734375 0.6952741484375 0.1276535171875 0.6929578546874999 0.10912316875000001
1 0.25762708125 0.2646595765625 0.257924228125 0.25039648593749997 0.24603831875 0.24035949687499997 0.2279123078125 0.23085076875000002 0.21840358124999998 0.22609640625 0.21186633124999998 0.23032250625 0.20889485312499997 0.243529071875 0.21186633124999998 0.2514530109375 0.21751213749999998 0.2620182640625 0.24871264843750002 0.27945093125 0.2534670125 0.2741683046875 0.25762708125 0.2646595765625
1 0.8156578453125001 0.31313860625 0.8297074546875001 0.3339528421875 0.831788878125 0.33904076562499996 0.8341304796875001 0.344128690625 0.8377729703125001 0.3436661515625 0.84037475 0.34320361250000003 0.844537596875 0.34644138281250003 0.853904003125 0.3321026875 0.853643825 0.32192683906249997 0.84531813125 0.3038878359375 0.8346508359374999 0.2839986765625 0.8203410484375 0.2654971359375 0.8109746437500001 0.2756729828125 0.8036896609375 0.29232437187500004 0.8086330421874999 0.3029627578125 0.809413575 0.30943829843750004 0.8122755328125001 0.3136011453125 0.8156578453125001 0.31313860625
1 0.4965235296875 0.158122978125 0.494894515625 0.1476972875 0.4903332765625 0.143063646875 0.4825140078125 0.140746828125 0.47925597968750006 0.14827649375000002 0.46883028906249996 0.1928752828125 0.466875471875 0.2061969984375 0.47111090781250003 0.2183603046875 0.480559190625 0.2206771234375 0.48479462812499996 0.21314745781250002 0.4965235296875 0.158122978125
1 0.46032445468749994 0.294683821875 0.4538975859375 0.2937316921875 0.44907743437500003 0.3080136234375 0.4386337734375 0.3432423828125 0.435688125 0.356572184375 0.43702705625 0.367997728125 0.4445250703125 0.376090821875 0.45148751093749995 0.37513869375 0.45711102031250006 0.3575243125 0.46942918593750005 0.3161067171875 0.470768115625 0.3089657515625 0.4680902546875 0.301348721875 0.46032445468749994 0.294683821875
1 0.166146021875 0.29580699843749997 0.16688226718750002 0.30627804375 0.2002587203125 0.3302741859375 0.20958449375 0.3302741859375 0.2152290421875 0.312822446875 0.21547445625 0.30322398906250003 0.2088482484375 0.2966795859375 0.17890760625 0.2779189640625 0.1742447203125 0.277046378125 0.170318078125 0.2831544875 0.166146021875 0.29580699843749997
1 0.9863180484375 0.8710499203125 0.9616829078125001 0.84725960625 0.9382643171874999 0.8283354921875 0.9300526031249999 0.8256320468749999 0.925490540625 0.8413120265625 0.9242739890625 0.8537478734375 0.926707090625 0.8591547625 0.972327721875 0.9040319468750001 0.981147709375 0.9024098796875 0.9860139109375 0.8872705890624999 0.9863180484375 0.8710499203125