0 0.18979124218750001 0.3629598609375 0.1906712625 0.3806906578125 0.1988847953125 0.39737846875 0.3083007640625 0.40207191406250004 0.3103541484375 0.3843411171875 0.31152750937499996 0.3629598609375 0.305074021875 0.3488795203125 0.295100446875 0.33949262812500003 0.20768500625000003 0.341057109375 0.1947780296875 0.3405356171875 0.190377921875 0.34679354375 0.18979124218750001 0.3629598609375
0 0 0.35553100625 0.005494125 0.36285650625 0.09010366875 0.37994934375 0.0942242625 0.3789726109375 0.0991689765625 0.3482055046875 0.0988942703125 0.3389265359375 0.0835107171875 0.3237871671875 0 0.3081594296875 0 0.35553100625
3 0.232343321875 0.40336585625000004 0.2314827921875 0.4089752421875 0.207101084375 0.40642552031249995 0.1973484015625 0.40183602343749997 0.180998315625 0.40438574374999997 0.169524571875 0.3987763578125 0.1675166671875 0.40642552031249995 0.16350085625 0.40642552031249995 0.158337671875 0.4130547953125 0.158050828125 0.42325367968750005 0.16177979375 0.4314127859375 0.16350085625 0.4411017265625 0.16837719843750001 0.44620116875000004 0.1738272265625 0.44875088906249994 0.180424628125 0.44722105624999997 0.181572003125 0.45487021875 0.1867351875 0.46047960625 0.256151340625 0.4640492140625 0.2598803078125 0.44620116875000004 0.2607408390625 0.415094571875 0.25787240312500004 0.40999513125 0.24783287812500002 0.4048956875 0.232343321875 0.40336585625000004
3 0.570744378125 0.15051173125 0.5754154312499999 0.155182784375 0.5818381296874999 0.1531067609375 0.5879688890625 0.149992725 0.5876769484375 0.1307895046875 0.5856333609375 0.1131433015625 0.586509184375 0.10691523124999999 0.5818381296874999 0.0685087875 0.564321678125 0.0731798421875 0.564321678125 0.0965351109375 0.570744378125 0.15051173125
3 0.946875 0.61953125 0.0578125 0.03828125
2 0.92578125 0.72421875 0.0390625 0.0328125
2 0.5890625 0.72109375 0.03359375 0.03125
2 0.5296875 0.96484375 0.0171875 0.06328125
2 0.2484375 0.77109375 0.03359375 0.03359375
1 0.87890625 0.67421875 0.0671875 0.053125
1 0.9546875 0.68828125 0.05859375 0.04453125
1 0.865625 0.72421875 0.0578125 0.0453125
1 0.74765625 0.6265625 0.05859375 0.05
1 0.68828125 0.55859375 0.0546875 0.0609375
1 0.53125 0.6640625 0.053125 0.0484375
1 0.559375 0.44140625 0.05078125 0.07578125
1 0.54453125 0.075 0.02421875 0.08828125
1 0.59453125 0.07734375 0.025 0.0890625
1 0.19921875 0.8875 0.05 0.11640625
1 0.13984375 0.90859375 0.0484375 0.0953125
1 0.11015625 0.8078125 0.046875 0.096875
1 0.115625 0.41015625 0.05625 0.0453125
1 0.15859375 0.365625 0.05390625 0.04765625
2 0.1734375 0.31875 0.03359375 0.03671875
2 0.2078125 0.3078125 0.0328125 0.03984375
2 0.2140625 0.27578125 0.03359375 0.03046875
2 0.29765625 0.3265625 0.03046875 0.03046875
1 0.253125 0.3109375 0.05546875 0.03984375
1 0.28984375 0.4765625 0.05 0.04375
1 0.925 0.56796875 0.05703125 0.03984375
1 0.90078125 0.03984375 0.04921875 0.0421875