0 0.311756453125 0.6324490296875 0.3159125359375 0.6194956359375 0.314048834375 0.5908702156250001 0.31167772031249996 0.5807064093750001 0.3080647890625 0.5762216015625 0.1959784671875 0.5832097234375 0.186354778125 0.6045513375 0.1868015078125 0.6173439968750001 0.1882184796875 0.6331767578124999 0.189708696875 0.642858996875 0.1936271734375 0.6478454640625 0.214879440625 0.6460786578125 0.3006425453125 0.64410840625 0.311756453125 0.6324490296875
3 0.2173521 0.5189343703125 0.143850065625 0.5255997625 0.1382395046875 0.5298943296874999 0.1335991859375 0.537229 0.1199337046875 0.5418048515625 0.11741433125 0.5521394374999999 0.117323215625 0.557778253125 0.113510184375 0.5640593734375 0.11498253437499999 0.5732299046875 0.1175341078125 0.580313428125 0.1233948390625 0.5831827484375001 0.1270971140625 0.5902260874999999 0.14184182343750001 0.5835632265624999 0.1562970859375 0.585107759375 0.1674270953125 0.5821574390625 0.192006384375 0.5766881374999999 0.1933536484375 0.582276725 0.20937414375 0.5791556250000001 0.21816700625 0.575262259375 0.22394015937499998 0.5673756984375 0.2221836734375 0.5418205171875 0.2173521 0.5189343703125
3 0.6155571734375 0.8815566625000001 0.6169880453125 0.8659390265625 0.61713336875 0.8458466343750001 0.6129930124999999 0.8404672078125 0.6080767796875 0.8371236062499999 0.6016788656250001 0.8398579406250001 0.5986822015625 0.8429756828125001 0.591955140625 0.9009616312500001 0.593624290625 0.9245059375 0.612145521875 0.9293831765625 0.616436403125 0.8905652515625 0.6155571734375 0.8815566625000001
3 0.7189722796875 0.552530809375 0.7628820984375 0.5891633453125 0.7682414125 0.58094126875 0.771539303125 0.5702802625000001 0.7734798515625 0.56117320625 0.7718597796875 0.555203584375 0.7293248203125 0.517518671875 0.7189722796875 0.552530809375
2 0.58671875 0.01015625 0.0171875 0.0203125
2 0.56953125 0.03125 0.0203125 0.0625
2 0.53359375 0.1296875 0.0203125 0.0625
2 0.8828125 0.190625 0.0421875 0.0359375
2 0.49140625 0.4390625 0.021875 0.059375
2 0.3359375 0.51484375 0.0359375 0.0359375
2 0.30234375 0.66015625 0.034375 0.0328125
2 0.0359375 0.646875 0.0390625 0.0390625
1 0.478125 0.32421875 0.03125 0.1046875
1 0.5171875 0.48203125 0.034375 0.103125
1 0.47578125 0.57890625 0.028125 0.0953125
1 0.50390625 0.7234375 0.03125 0.09375
1 0.5375 0.56640625 0.0375 0.1046875
1 0.078125 0.58046875 0.0625 0.0515625
1 0.24453125 0.68046875 0.059375 0.0546875
1 0.4703125 0.84921875 0.028125 0.0984375
1 0.50703125 0.884375 0.03125 0.0890625
1 0.428125 0.89140625 0.028125 0.0875
1 0.6265625 0.9203125 0.028125 0.096875
1 0.57265625 0.92265625 0.03125 0.0953125
1 0.565625 0.1609375 0.0375 0.1125
1 0.50390625 0.125 0.034375 0.1140625
1 0.9625 0.2140625 0.0578125 0.0453125
1 0.965625 0.26484375 0.0546875 0.05625
1 0.90078125 0.23359375 0.0640625 0.0484375
1 0.96484375 0.37890625 0.0640625 0.0484375
1 0.89765625 0.2859375 0.0640625 0.0484375
1 0.878125 0.5265625 0.0546875 0.0421875
1 0.98359375 0.66015625 0.0328125 0.1015625
1 0.98046875 0.80546875 0.0390625 0.0671875
1 0.66640625 0.39140625 0.05 0.096875