0 0.31208043750000003 0.557477021875 0.31165175624999997 0.577291653125 0.41174898437499996 0.633306090625 0.4166788265625 0.623398775 0.42117998749999996 0.5993925875 0.42117998749999996 0.593295778125 0.42075130468750005 0.5841505640625 0.417536190625 0.5753864 0.3275129875 0.5277550765625 0.3212971 0.525468771875 0.317653303125 0.5384244921875 0.31208043750000003 0.557477021875
0 0.3067557421875 0.8561258437499999 0.30956299062500003 0.85521845 0.31185983125 0.851135178125 0.34605722656250004 0.6732860374999999 0.34580202187500003 0.66693428125 0.34350518281250003 0.6610362234375 0.3253856671875 0.65286968125 0.3195159640625 0.653777075 0.31619830625 0.6555918625 0.30752135625 0.68644324375 0.279959275 0.8261818562500001 0.28098009375 0.8343483968750001 0.2886362265625 0.8475056046875 0.3067557421875 0.8561258437499999
0 0.2907122875 1 0.3198957609375 0.882321978125 0.32026990781250003 0.8766682015624999 0.3195216140625 0.8713469984375 0.313722334375 0.86469549375 0.308484275 0.8610371671875001 0.3036203625 0.8577114140625 0.2993176703125 0.8567136890624999 0.29445375937499996 0.8567136890624999 0.2894027734375 0.858376565625 0.28603545 0.86403034375 0.283229346875 0.8786636515625 0.2495561078125 1 0.2907122875 1
0 0.5787117125 0 0.5579988734375 0.1117994171875 0.55325738125 0.15882615625000002 0.5592466359375 0.1645935859375 0.566733203125 0.166811828125 0.5737206671874999 0.1708046640625 0.5792108171875 0.1681427734375 0.6029182828125 0.021738775 0.6029182828125 0 0.5787117125 0
3 0.86953125 0.56328125 0.04453125 0.0671875
3 0.61640625 0.38828125 0.08515625 0.08359375
3 0.5515625 0.07265625 0.02421875 0.065625
3 0.25546875 0.49375 0.05234375 0.06171875
2 0.0203125 0.29453125 0.03203125 0.05
2 0.0703125 0.3421875 0.03203125 0.046875
1 0.0234375 0.2515625 0.04609375 0.06328125
1 0.08046875 0.3015625 0.0484375 0.06015625
2 0.18984375 0.48828125 0.03203125 0.04765625
1 0.2046875 0.421875 0.0515625 0.06015625
1 0.259375 0.41171875 0.05546875 0.06015625
1 0.32109375 0.27265625 0.0515625 0.05546875
1 0.396875 0.35703125 0.053125 0.04140625
3 0.45703125 0.40078125 0.0421875 0.05625
1 0.365625 0.44609375 0.05703125 0.06015625
1 0.3171875 0.475 0.0515625 0.05390625
2 0.4515625 0.5921875 0.03359375 0.03984375
2 0.490625 0.6296875 0.03359375 0.03984375
1 0.478125 0.5546875 0.05390625 0.0546875
1 0.5015625 0.51171875 0.053125 0.05390625
1 0.73046875 0.521875 0.053125 0.053125
1 0.89140625 0.771875 0.0625 0.07109375
1 0.9375 0.6515625 0.05625 0.0703125
2 0.7234375 0.7578125 0.034375 0.04375
1 0.621875 0.6171875 0.0546875 0.06171875
1 0.76171875 0.65390625 0.0578125 0.0609375
1 0.90625 0.459375 0.0515625 0.08125
2 0.659375 0.03359375 0.01953125 0.05234375
2 0.54453125 0.1296875 0.0171875 0.053125
1 0.50234375 0.125 0.02890625 0.078125
1 0.2328125 0.9453125 0.0328125 0.10859375
1 0.375 0.94453125 0.02578125 0.06796875
1 0.33515625 0.8609375 0.0234375 0.065625
1 0.31328125 0.96171875 0.02734375 0.071875
1 0.56875 0.43125 0.05234375 0.05546875
2 0.37890625 0.84609375 0.02421875 0.065625