2 0.30859375 0.8375 0.0453125 0.0421875
2 0.4953125 0.725 0.0421875 0.04375
1 0.05390625 0.6546875 0.06875 0.06875
1 0.2765625 0.53359375 0.0609375 0.0515625
1 0.0859375 0.51015625 0.06875 0.059375
1 0.03046875 0.5203125 0.0609375 0.071875
1 0.11875 0.4546875 0.065625 0.0578125
3 0.1859375 0.5125 0.11875 0.0953125
0 0.2109375 0.4390625 0.1375 0.096875
0 0.04296875 0.45234375 0.0859375 0.0890625
1 0.1984375 0.3765625 0.065625 0.0546875
2 0.24609375 0.38046875 0.040625 0.040625
2 0.1203125 0.4046875 0.0453125 0.046875
2 0.14921875 0.3515625 0.04375 0.0453125
2 0.15078125 0.3859375 0.04375 0.046875
2 0.63515625 0.95390625 0.034375 0.05625
1 0.61640625 0.6359375 0.075 0.065625
3 0.7078125 0.57421875 0.06875 0.0625
1 0.559375 0.4703125 0.0859375 0.115625
1 0.846875 0.59140625 0.0734375 0.065625
1 0.90859375 0.54375 0.06875 0.05625
1 0.865625 0.4859375 0.0765625 0.0625
1 0.80234375 0.515625 0.075 0.0640625
1 0.94921875 0.65078125 0.0765625 0.0703125
0 0.98515625 0.5890625 0.0296875 0.06875
1 0.43203125 0.07109375 0.05 0.1015625
1 0.44453125 0.03203125 0.0390625 0.0640625
3 0.4734375 0.10078125 0.05 0.0859375
1 0.48359375 0.05859375 0.0515625 0.0953125
2 0.3625 0.1671875 0.034375 0.0671875
1 0.36171875 0.075 0.05 0.0953125
1 0.45390625 0.2953125 0.0640625 0.0953125