1 0.7695154265624999 0.8893207000000001 0.7412697546875 0.867751440625 0.723326475 0.8603623375 0.7013272265625 0.8757807718749999 0.7235800734375 0.893209103125 0.744583428125 0.90663565625 0.750235671875 0.9065981359374999 0.760802059375 0.900299584375 0.7678394187500001 0.8928299718750001 0.7695154265624999 0.8893207000000001
1 0.917410621875 0.895591171875 0.8883129750000001 0.8720651937499999 0.873352134375 0.8630352 0.855968890625 0.8706588125 0.8449263 0.8842127796874999 0.86812325625 0.9064981203125001 0.8811316937499999 0.9103365140624999 0.8995511765625 0.9104702015624999 0.9133557031249999 0.9014198953125 0.917410621875 0.895591171875
1 0.9314388015624999 0.8294598687500001 0.9178195875 0.8273319406249999 0.903716921875 0.8348484562499999 0.9017210296875 0.8439910156250001 0.9301727109375 0.864193775 0.9510063000000001 0.8670416984375 0.966074815625 0.8572151124999999 0.9314388015624999 0.8294598687500001
0 0.896412515625 0.797270540625 0.8851867109375 0.7880451109375 0.8665260296874999 0.7842442359375 0.854340571875 0.7919186671875 0.8477007296875 0.801433334375 0.8863771687499999 0.8281379109375001 0.903930178125 0.83109293125 0.922691290625 0.8184262531250001 0.896412515625 0.797270540625
1 0.93262725625 0.7870476187500001 0.9170059515625001 0.779472459375 0.9073205328125 0.7781716249999999 0.8955470921875 0.7831130578125001 0.889319265625 0.78989473125 0.8965615843749999 0.7980374359375 0.9288973703125001 0.8188116593749999 0.9412246484375 0.8142931515624999 0.9516989062500001 0.8050943109375 0.93262725625 0.7870476187500001
1 0.8389366234375 0.8291354046875 0.8230451249999999 0.8274491656249999 0.8040283140625 0.8412267078125 0.8291921671875 0.86392559375 0.8469294390625001 0.8726811953125001 0.8591997796875 0.8702960828125 0.8703841921875 0.8598980375 0.8389366234375 0.8291354046875
1 0.804500415625 0.785423871875 0.791705234375 0.777829953125 0.7761688125 0.7755441109375 0.7581602968750001 0.78965624375 0.793179334375 0.8242345984374999 0.8131185046875 0.8224811421875 0.8275834968750001 0.8119759999999999 0.804500415625 0.785423871875
1 0.8383952812500001 0.7414293734374999 0.8264096343749999 0.733147515625 0.810304878125 0.7352168 0.7937166718750001 0.7469305265624999 0.8180492453125 0.77748443125 0.8386695765625 0.784087875 0.8600011125 0.772513303125 0.8383952812500001 0.7414293734374999
1 0.9066994578124999 0.71674488125 0.89455024375 0.71247418125 0.876052078125 0.7216409671874999 0.87200440625 0.7250806609375 0.8756752546875 0.729407646875 0.9004622859375001 0.7598732140625 0.9114541359375 0.7630424296875 0.9317276890624999 0.750877634375 0.9066994578124999 0.71674488125
3 0.8812467156249999 0.772628228125 0.9022304234374999 0.75926423125 0.8992055421874999 0.7582604640625 0.887107065625 0.7372665781250001 0.8764775406249999 0.731108734375 0.8617930953125 0.7307796109375 0.8484999640625001 0.7376081859375 0.8440402765625 0.7437808796875001 0.8621957625000001 0.7643932718750001 0.8744795515625 0.7742089234375 0.8812467156249999 0.772628228125
2 0.8422680375 0.6958424390625 0.8277399093750001 0.6938911875 0.8242181296875 0.6903311000000001 0.8164923609375 0.6918328375 0.8135875546875001 0.7011520703125 0.8231797937499999 0.7165314296874999 0.8292295562499999 0.718538965625 0.839880828125 0.71752973125 0.854537328125 0.71043614375 0.8422680375 0.6958424390625
2 0.8083618234375001 0.69367854375 0.7989890421875 0.6891334484375 0.7841555265625 0.6880374296875 0.77435623125 0.6910033828125 0.7801844390625 0.716134284375 0.8008192671875 0.717959678125 0.8180037515624999 0.7093135359375 0.8083618234375001 0.69367854375
2 0.8482919546875 0.6564696328124999 0.8349211890625 0.6556198671875 0.82781344375 0.6530221109375 0.81736093125 0.6550538734375 0.8160182562499999 0.665130621875 0.8270659968749999 0.683145259375 0.8442784265625001 0.681921828125 0.8619670578124999 0.6734429828125 0.8482919546875 0.6564696328124999
2 0.803082303125 0.6374019640624999 0.7906846390625 0.6318531015625 0.77746294375 0.6317702328125 0.77153325625 0.6400856984375001 0.7802020828125 0.6604197859375 0.7905976578125 0.660521415625 0.8030170671875 0.6589031999999999 0.814542059375 0.65268360625 0.803082303125 0.6374019640624999
2 0.7699804734375 0.602981525 0.7512628515625 0.6013140453125 0.739404528125 0.6009661625 0.73669848125 0.6113079234375001 0.7464397890625001 0.62745418125 0.7527380015625 0.630739875 0.7659172546875 0.6281780890625 0.780779765625 0.6197180015625 0.7699804734375 0.602981525
1 0.746283471875 0.6290763109374999 0.7331259625000001 0.6244710203125 0.709117375 0.6368312484375 0.7352108375 0.669165196875 0.755639659375 0.6723570890625 0.7755508859375 0.6631809234375 0.746283471875 0.6290763109374999
1 0.6641282265624999 0.61161903125 0.6475835109375 0.6089986 0.6336444140624999 0.6125039578125 0.625541821875 0.621772375 0.6537864453125 0.6603204515625001 0.668470890625 0.6606495734375 0.688027040625 0.652073009375 0.6641282265624999 0.61161903125
1 0.7462989203125 0.7237821249999999 0.7270854515625 0.702579509375 0.71600146875 0.6965100015625 0.689621215625 0.7088006546875001 0.7013718625 0.728005115625 0.7219559515625 0.7465536937499999 0.73442505 0.745191109375 0.7491384921875001 0.735964128125 0.7462989203125 0.7237821249999999
3 0.7050883984375 0.5675776296875 0.6622980015625 0.5827928015625 0.6988294796875001 0.6178730390625 0.7306704640625 0.602133309375 0.7050883984375 0.5675776296875
0 0.2735477328125 0.7374148593750001 0.26446688906250004 0.7198137671875 0.24606915312500002 0.7125130015625001 0.0564011046875 0.801908315625 0.057693040625000004 0.8085547484375001 0.087337278125 0.83489268125 0.2673623484375 0.7468411921875 0.2735477328125 0.7374148593750001
0 0.268560246875 0.5516196015625 0.24978568750000002 0.5520855171875 0.096561184375 0.605745515625 0.058514118749999997 0.621099840625 0.065081475 0.6354754328125 0.0739853046875 0.6448869171875 0.09099897343749999 0.6426409578125 0.27964317968749997 0.5746679234375 0.268560246875 0.5516196015625
1 0.1599811625 0.6772498140625001 0.1482222171875 0.6774131953125 0.05894883125 0.7106836328125 0.061909525 0.71620981875 0.0684416890625 0.725551728125 0.0738309875 0.7290140984375 0.114292159375 0.7163740078124999 0.165831115625 0.6952136359375001 0.1599811625 0.6772498140625001
2 0.1416497109375 0.631468996875 0.13469828281250001 0.6272491109375 0.11549721093750001 0.6352260750000001 0.0881086640625 0.6471821390625 0.081461575 0.659085834375 0.10371547343750001 0.6595353484375 0.15054629218749999 0.6432695078124999 0.1416497109375 0.631468996875
2 0.332440978125 0.52116266875 0.287591553125 0.533064003125 0.2725230359375 0.5428905890625 0.28946527031249997 0.5475560765624999 0.338702946875 0.5363934968749999 0.332440978125 0.52116266875
2 0.38027179375000003 0.524599259375 0.3383478703125 0.5369930984375 0.3228745859375 0.5471636515625 0.34153526875 0.550964525 0.3886497296875 0.5410105296875 0.38027179375000003 0.524599259375
2 0.459654803125 0.47441567031250004 0.41575673281250003 0.48878498906249995 0.40612720468749997 0.502329575 0.424546684375 0.5024632609374999 0.46839506562500005 0.4878383109375 0.459654803125 0.47441567031250004
3 0.398618790625 0.548623209375 0.2652848171875 0.5832953046875 0.2760975578125 0.6122325453124999 0.40988598749999994 0.5774721125 0.398618790625 0.548623209375
1 0.561736721875 0.5774025984375 0.5741064421875001 0.5755287499999999 0.5765785359375 0.5591307750000001 0.5127071515625 0.55324105 0.49322243749999994 0.5549061671875 0.48173263750000006 0.5661594453125 0.484380696875 0.57492989375 0.5585555234374999 0.5780209609375 0.561736721875 0.5774025984375
1 0.6739649109375 0.4632664484375 0.669911040625 0.4521163546875 0.6604813187499999 0.44970465312499996 0.5911264078125 0.47140989843750003 0.5848985812499999 0.47819157187499994 0.5903727609375 0.48694325781250003 0.6011658546875001 0.48908994687499996 0.6689089453125 0.4663715546875 0.6739649109375 0.4632664484375
2 0.7006391062499999 0.5204248484375 0.6893429171875 0.50113205 0.6712930078125 0.4956207109375 0.6600092171874999 0.505507490625 0.6709927703125 0.5280445484375 0.7006391062499999 0.5204248484375
2 0.7080015000000001 0.5388905546875 0.6952912 0.5365859515625 0.6810612109374999 0.5361684921875 0.6762391984375 0.5453298125 0.6874287609375 0.5665003734375 0.7017156875 0.5647844375 0.720973696875 0.5546740812500001 0.7080015000000001 0.5388905546875
0 0.9370343968749999 0.48216769375 0.9249990562500001 0.4736302015625 0.781098696875 0.5146008484375 0.7710861453125 0.5213223265625 0.7794920249999999 0.54515630625 0.8097843296875 0.5408598234374999 0.9350095109375 0.50086635625 0.9370343968749999 0.48216769375
1 0.8843392218749999 0.36878508125 0.8243788375 0.3878683421875 0.8189108578125 0.3937064453125 0.82246783125 0.40230021718750003 0.8310310781249999 0.40753325 0.892319640625 0.38315129375 0.8843392218749999 0.36878508125
1 0.65637385 0.1568261421875 0.6702425640625 0.143253415625 0.6504462625 0.131183978125 0.6188910171875001 0.1192779203125 0.6013804484375 0.118967559375 0.5885345281250001 0.1280968234375 0.5833004984375 0.1399911390625 0.643833315625 0.1651001734375 0.65637385 0.1568261421875
1 0.3625232703125 0.3532225828125 0.37375012343749997 0.34546919531250003 0.367644471875 0.328616240625 0.349205340625 0.3016920015625 0.3362817859375 0.303142921875 0.3119823078125 0.311580334375 0.32458492968749997 0.33274151406249997 0.34086565 0.3558406515625 0.3625232703125 0.3532225828125
1 0.30533321406249997 0.24097897812500002 0.27995715625 0.2050568 0.2562829484375 0.2070056921875 0.2408096640625 0.2171762453125 0.2705449828125 0.26339328281249996 0.29012907656250003 0.262239428125 0.30690879375 0.25393725625 0.30533321406249997 0.24097897812500002
1 0.3262236453125 0.3581561890625 0.29839103749999996 0.3168751171875 0.2697602453125 0.322440378125 0.259243546875 0.32899456250000003 0.28358231875 0.37413825625 0.3041177671875 0.375452384375 0.3215010109375 0.367828771875 0.3262236453125 0.3581561890625
1 0.2768555921875 0.29585855625 0.2513874 0.2570360890625 0.24009741093749998 0.25233307968749996 0.21540041406250002 0.258725434375 0.2104790203125 0.2673754890625 0.241393446875 0.307526934375 0.2494597984375 0.31020364843750003 0.2699103640625 0.3062284609375 0.276287259375 0.3002136828125 0.2768555921875 0.29585855625
1 0.22737566562499997 0.320332765625 0.1874258875 0.3307511234375 0.1833140296875 0.3387132390625 0.2143278359375 0.3793759484375 0.2268673203125 0.3880807328125 0.245194671875 0.3853141296875 0.26651171093750003 0.378517609375 0.22737566562499997 0.320332765625
1 0.21729482656250002 0.28302924375 0.2000565515625 0.24287233125 0.190052296875 0.23022596874999998 0.1668749890625 0.2347311796875 0.1523178671875 0.2423360328125 0.17774256875 0.2954926578125 0.1982355765625 0.29416212812500003 0.2150080453125 0.2882489828125 0.21729482656250002 0.28302924375
1 0.1027779515625 0.20341740000000003 0.09621679375 0.2036315953125 0.07900436562499999 0.2048550265625 0.06995766406250001 0.209266434375 0.06792658124999999 0.21337530937500002 0.08196191093750001 0.2613176609375 0.09200240781249999 0.2620188953125 0.10992498906249999 0.25959625937499997 0.118574171875 0.25313979531249997 0.1084229453125 0.20576890312499999 0.1027779515625 0.20341740000000003
1 0.11774613437499999 0.093595684375 0.0892023234375 0.07049263125 0.041278328125 0.08113456718749999 0.045460571875 0.0832398203125 0.06963062812500001 0.100826065625 0.0839382515625 0.10892186718750001 0.094354521875 0.1188352359375 0.10384842968750001 0.116724515625 0.117993534375 0.111852659375 0.12760856874999998 0.1030861265625 0.11774613437499999 0.093595684375
3 0.1406592546875 0.3424945453125 0.0850954234375 0.34294871875 0.0731480171875 0.40522677968750004 0.0774358421875 0.42243308749999997 0.1081681046875 0.42282632031249995 0.125991309375 0.4198924203125 0.1406592546875 0.3424945453125
2 0.022592753125 0.13543721875 0.0167624453125 0.14426394843749998 0.035059751562500005 0.1680322671875 0.0476561765625 0.17460365625000002 0.060566284375 0.16095197187500002 0.051926451562499996 0.1310617796875 0.022592753125 0.13543721875
2 0.13197183125 0.2783910875 0.10415057187500001 0.2832684125 0.096211546875 0.2885256734375 0.11626249531249999 0.316463059375 0.12887341562500002 0.31825639843750003 0.1405764703125 0.303247596875 0.13197183125 0.2783910875
2 0.173629659375 0.32043358906249997 0.1425702640625 0.32806266875 0.1386716609375 0.33226926093750003 0.15929094531250002 0.355851521875 0.1741244609375 0.356947540625 0.1837042984375 0.34314732187499997 0.173629659375 0.32043358906249997
2 0.1977065359375 0.352098359375 0.1636647 0.3613683296875 0.16953639843749999 0.3721650734375 0.1892333203125 0.383723246875 0.1957302921875 0.38803147031249996 0.20748923593750002 0.38786808906250003 0.21404419375 0.373064103125 0.1977065359375 0.352098359375
2 0.2074789359375 0.32473087968750003 0.2056331625 0.31766151875 0.20475324218750002 0.3082820890625 0.17385121406249998 0.2973102234375 0.1605725796875 0.29936074687500003 0.1455816984375 0.3168656734375 0.18033263906250002 0.323375315625 0.1991496390625 0.32555405937500004 0.2074789359375 0.32473087968750003
2 0.23336133750000002 0.2104000390625 0.223874678125 0.21012173281250002 0.2011518265625 0.2145386078125 0.19270865312500002 0.2196285734375 0.2010296515625 0.2381732359375 0.2110980921875 0.24629717968749998 0.222388084375 0.251000190625 0.235000053125 0.2358147125 0.23336133750000002 0.2104000390625
2 0.31698448125 0.259672175 0.2827790796875 0.2729533015625 0.2999687140625 0.2958757640625 0.32417501249999997 0.301516878125 0.3379588421875 0.282654834375 0.31698448125 0.259672175