0 0.31894721875 0.5295691359375 0.3124160640625 0.5275475593750001 0.30935997187500003 0.5411029234375 0.30464476406249996 0.5610488625000001 0.3052735859375 0.5815026828125001 0.4114850125 0.6338509234374999 0.41603154375000007 0.6233692609375 0.4193743109375 0.59837355625 0.41904485625000004 0.5920871984375 0.4181087703125 0.5826808203125 0.41432090156249995 0.573817875 0.31894721875 0.5295691359375
0 0.3141914875 0.6619916046875 0.306914028125 0.694270915625 0.2860529125 0.8398429875 0.2875465140625 0.8482082765625 0.296149765625 0.8613609203125 0.3152939609375 0.86927026875 0.31813876093750004 0.8681830046875 0.32028579687500003 0.8638486999999999 0.3459275 0.6786227828125 0.3453211921875 0.672087340625 0.342634796875 0.6661299984375 0.323515115625 0.658688453125 0.31751340625 0.6599411625 0.3141914875 0.6619916046875
0 0.31009801875 1 0.3302548265625 0.8955709562499999 0.3303349984375 0.889721190625 0.32927608125 0.8842749781249999 0.3229385046875 0.8777299828125 0.3173412 0.8742409015625 0.31214755625 0.871074521875 0.3076582390625 0.8702782265625 0.30264430781249996 0.8705409953125001 0.2975273890625 0.8725284453125 0.2943617203125 0.878539915625 0.292259809375 0.8937797671875 0.2686980078125 1 0.31009801875 1
0 0.5456706625 0 0.5340650218749999 0.08822969375 0.531718475 0.13697463906250001 0.5382041140625 0.14259781093749999 0.5460414609375001 0.1444805609375 0.553460203125 0.1482200421875 0.558975846875 0.14517879218750002 0.574737071875 0 0.5456706625 0
3 0.8796875 0.5375 0.05 0.071875
3 0.61015625 0.3703125 0.0921875 0.0921875
3 0.52578125 0.0484375 0.028125 0.06875
3 0.24296875 0.4984375 0.05625 0.065625
2 0.003125 0.30390625 0.00625 0.0515625
2 0.04296875 0.35234375 0.0375 0.05
1 0.0078125 0.26015625 0.015625 0.0671875
1 0.0515625 0.31015625 0.053125 0.065625
2 0.175 0.496875 0.0359375 0.0515625
1 0.18671875 0.4265625 0.05625 0.065625
1 0.2421875 0.41328125 0.059375 0.065625
1 0.29921875 0.26640625 0.05625 0.0609375
1 0.38125 0.35 0.05625 0.046875
3 0.44609375 0.39140625 0.046875 0.059375
1 0.35390625 0.44375 0.0625 0.065625
1 0.30546875 0.47578125 0.05625 0.059375
2 0.45078125 0.5890625 0.0359375 0.0421875
2 0.4921875 0.6265625 0.0359375 0.0421875
1 0.475 0.54921875 0.059375 0.059375
1 0.49765625 0.503125 0.0578125 0.059375
1 0.734375 0.5015625 0.0578125 0.0578125
1 0.9140625 0.75078125 0.06875 0.0765625
1 0.9546875 0.62421875 0.0625 0.075
2 0.7390625 0.74453125 0.0375 0.046875
1 0.62734375 0.60625 0.059375 0.065625
1 0.77421875 0.63671875 0.0625 0.065625
1 0.91171875 0.42734375 0.0578125 0.0875
2 0.634375 0.0140625 0.021875 0.028125
2 0.52109375 0.1078125 0.0203125 0.0578125
1 0.47734375 0.1046875 0.034375 0.0828125
1 0.2421875 0.953125 0.040625 0.09375
1 0.390625 0.95625 0.0296875 0.071875
1 0.34453125 0.87265625 0.028125 0.0703125
1 0.3265625 0.96953125 0.03125 0.0609375
1 0.5625 0.4171875 0.05625 0.059375
2 0.3890625 0.8546875 0.028125 0.0703125