0 0.1756195609375 0.43343673125000004 0.167106959375 0.4357176765625 0.16360202968749998 0.442408303125 0.16628121093749998 0.4578991421875 0.171928315625 0.4767776265625 0.1878926765625 0.4913230234375 0.291795871875 0.46609655781250003 0.2900712078125 0.4508728171875 0.28367931562500004 0.42591955312499996 0.2761353734375 0.41643798125 0.2641978296875 0.40813367031250003 0.1756195609375 0.43343673125000004
3 0.1179226703125 0.5133732359375001 0.113555709375 0.5203826828125 0.115716040625 0.530898534375 0.11990651562500002 0.53795075 0.1239363 0.545629953125 0.1342014125 0.55572593125 0.144467609375 0.5535590453125 0.152498853125 0.558998196875 0.22339810781249997 0.5475919171875 0.2217062265625 0.5241040359375 0.21542895624999997 0.5006769453125 0.21320979687500002 0.4948483125 0.19948303750000002 0.49268706562500003 0.1844707578125 0.4955417296875 0.1840905484375 0.5014829296875 0.164391015625 0.5003381484375 0.1512334828125 0.5015279703125 0.13632306249999998 0.508442865625 0.1290364421875 0.5045559890625 0.1224503203125 0.505736803125 0.12115009375 0.51192451875 0.1179226703125 0.5133732359375001
3 0.45702462343750005 0.097139621875 0.48023219531250005 0.15013288281249998 0.48832981562500005 0.1500968875 0.4932661125 0.146107015625 0.494374290625 0.13567474375 0.4843847546875 0.10847885625 0.483344746875 0.10235625781249999 0.4678864671875 0.0659569421875 0.45102343749999996 0.0747428875 0.45702462343750005 0.097139621875
2 0.09140625 0.44765625 0.0453125 0.0453125
2 0.146875 0.41171875 0.0421875 0.05
2 0.26171875 0.39375 0.0375 0.0375
2 0.33203125 0.13359375 0.028125 0.053125
2 0.43984375 0.55078125 0.0390625 0.0640625
2 0.90234375 0.659375 0.04375 0.040625
2 0.67265625 0.4109375 0.0390625 0.053125
2 0.6953125 0.45546875 0.0421875 0.053125
1 0.28671875 0.54375 0.0625 0.0546875
1 0.0796875 0.528125 0.06875 0.0609375
1 0.2140625 0.39140625 0.065625 0.0546875
2 0.45625 0.37734375 0.03125 0.05625
1 0.4328125 0.38203125 0.0515625 0.0953125
1 0.4734375 0.3515625 0.05625 0.096875
1 0.375 0.2671875 0.0484375 0.0890625
1 0.390625 0.15546875 0.0484375 0.090625
1 0.53671875 0.5953125 0.0515625 0.1015625
1 0.434375 0.08203125 0.046875 0.0890625
1 0.48515625 0.06953125 0.046875 0.09375
1 0.80859375 0.33046875 0.0625 0.05625
1 0.9046875 0.57109375 0.06875 0.0578125
1 0.9765625 0.61640625 0.046875 0.0546875
1 0.97109375 0.5671875 0.0578125 0.065625
1 0.64609375 0.8484375 0.0640625 0.1234375
1 0.6578125 0.72265625 0.05625 0.1046875
1 0.31328125 0.95078125 0.0796875 0.0984375
1 0.940625 0.46953125 0.06875 0.0578125
1 0.94921875 0.5234375 0.0703125 0.0546875
1 0.921875 0.615625 0.06875 0.0609375
1 0.375 0.1890625 0.046875 0.0859375