0 0.048281809375 0.1807734375 0.0239885109375 0.20397959999999998 0.0226252046875 0.2195622578125 0.23457793906250002 0.2937363703125 0.259116190625 0.265210915625 0.2500255671875 0.255740603125 0.048281809375 0.1807734375
1 0.0293364171875 0.3154371421875 0.13124394374999998 0.3410832265625 0.1467897734375 0.333458503125 0.149040228125 0.3203330921875 0.14282737968749998 0.31576186562499997 0.04299976875 0.291537034375 0.0293364171875 0.3154371421875
1 0.884375 0.04765625 0.06875 0.0375
1 0.9 0.11328125 0.071875 0.059375
1 0.971875 0.084375 0.05625 0.053125
1 0.9046875 0.16640625 0.059375 0.053125
1 0.853125 0.1765625 0.075 0.0671875
1 0.790625 0.153125 0.0765625 0.0625
1 0.79140625 0.259375 0.0640625 0.0609375
1 0.7265625 0.25390625 0.0703125 0.05625
1 0.6625 0.3375 0.06875 0.0578125
1 0.71796875 0.3671875 0.0671875 0.0578125
1 0.88671875 0.25078125 0.06875 0.0578125
2 0.7515625 0.39296875 0.0484375 0.0375
2 0.78828125 0.353125 0.0546875 0.0375
2 0.83203125 0.32578125 0.05 0.0359375
2 0.8109375 0.3 0.04375 0.0375
2 0.7671875 0.3171875 0.04375 0.0375
2 0.97109375 0.13828125 0.0453125 0.034375
3 0.85390625 0.240625 0.0609375 0.0484375
0 0.05077754375 0.37460824531250003 0.03170425625 0.374281984375 0.0175564171875 0.3886164453125 0.015435328125 0.39648547968750003 0.023406389062499998 0.4036265421875 0.227408303125 0.4571831484375 0.23849491406249998 0.45600520624999996 0.24692450312499997 0.452446909375 0.25328754375 0.44521748437499997 0.2581122765625 0.43919590937499997 0.2592389046875 0.4317768453125 0.24712683124999998 0.4283007953125 0.23930333125 0.4249314578125 0.05077754375 0.37460824531250003
0 1 0.44420959375 0.8809292515625 0.4187195 0.862241434375 0.41813805937500004 0.8513427234375 0.4195549890625 0.8467544734375 0.429162109375 0.8442087984375 0.436840871875 0.8463122125 0.4449263765625 0.985037709375 0.47102256562499994 1 0.471755584375 1 0.44420959375
3 0.2953125 0.4140625 0.1515625 0.0515625
3 0.07265625 0.55703125 0.109375 0.0921875
3 0.6640625 0.45546875 0.0625 0.0515625
2 0.3015625 0.45078125 0.06875 0.025
2 0.27109375 0.465625 0.0671875 0.025
2 0.34375 0.47890625 0.0703125 0.028125
2 0.20859375 0.66015625 0.05 0.040625
2 0.184375 0.696875 0.046875 0.040625
2 0.20234375 0.72265625 0.0671875 0.0390625
2 0.1625 0.6671875 0.053125 0.0421875
2 0.25390625 0.80546875 0.04375 0.040625
2 0.10859375 0.84296875 0.0484375 0.04375
2 0.34765625 0.73984375 0.046875 0.0390625
2 0.6875 0.51328125 0.04375 0.034375
2 0.69453125 0.4703125 0.04375 0.034375
1 0.2515625 0.67265625 0.078125 0.078125
1 0.32109375 0.675 0.065625 0.065625
1 0.3171875 0.79296875 0.0703125 0.0703125
1 0.22578125 0.86015625 0.0734375 0.065625
1 0.21640625 0.77421875 0.06875 0.0734375
1 0.13515625 0.74453125 0.0546875 0.0671875
1 0.61953125 0.43515625 0.0640625 0.0625
1 0.4484375 0.46875 0.10625 0.0359375
1 0.7 0.85625 0.0890625 0.0609375