1 0.11015625 0.8140625 0.06328125 0.10390625
2 0.2484375 0.76640625 0.04296875 0.04375
2 0.159375 0.5984375 0.0453125 0.0609375
1 0.02890625 0.540625 0.0546875 0.06875
1 0.5421875 0.66015625 0.0625 0.0625
1 0.54296875 0.3671875 0.05390625 0.096875
1 0.49765625 0.23984375 0.040625 0.09765625
1 0.29375 0.47109375 0.06171875 0.0546875
1 0.0578125 0.39921875 0.06171875 0.0609375
1 0.1 0.390625 0.0015625 0.00390625
1 0.121875 0.41015625 0.06328125 0.065625
3 0.21171875 0.4265625 0.10703125 0.0765625
0 0.075 0.3359375 0.11015625 0.07265625
0 0.253125 0.36796875 0.128125 0.0765625
1 0.1609375 0.359375 0.06015625 0.05625
1 0.25234375 0.30546875 0.0578125 0.04765625
2 0.171875 0.31328125 0.040625 0.0375
2 0.20703125 0.30078125 0.034375 0.04609375
2 0.2140625 0.27109375 0.03828125 0.04375
2 0.29765625 0.32109375 0.03359375 0.053125
1 0.5453125 0.071875 0.02890625 0.09453125
1 0.59609375 0.07578125 0.0265625 0.09765625
3 0.5765625 0.11171875 0.028125 0.08828125
1 0.628125 0.49453125 0.06328125 0.08359375
1 0.7125 0.5484375 0.059375 0.06875
1 0.7390625 0.62890625 0.071875 0.07578125
1 0.81796875 0.66640625 0.06875 0.05234375
1 0.9046875 0.596875 0.078125 0.05546875
1 0.95390625 0.56953125 0.0765625 0.05703125
1 0.9484375 0.6796875 0.06875 0.071875
2 0.83984375 0.71640625 0.04765625 0.04140625
3 0.8125 0.609375 0.06015625 0.05
2 0.678125 0.66015625 0.05234375 0.0546875
2 0.5296875 0.9609375 0.02890625 0.06875
1 0.94375 0.18046875 0.0578125 0.0640625