0 0.818191253125 0.6285100531250001 0.8184911453125 0.6116426828125 0.8161552249999999 0.5950523484375 0.801483540625 0.57660183125 0.692173075 0.581777378125 0.6899324890625 0.5999009671875 0.6921555125000001 0.6238688531250001 0.696927878125 0.6354680234375001 0.7108885484374999 0.6471537046875 0.7958203609375001 0.6382270125 0.8152590578125001 0.6372361640624999 0.818191253125 0.6285100531250001
0 0.9788405703124999 0.6481164609375 0.99314610625 0.6466128890625 0.9940828046875 0.6375756453125 0.9938748281249999 0.6236306359375 0.9922692609375 0.605363125 0.98665456875 0.5998078312499999 0.9779711828125001 0.5889883234375 0.8856277828125 0.5959006328124999 0.88412718125 0.605555821875 0.8843145578125 0.62229636875 0.8854929796875 0.639491425 0.8924097062499999 0.6454685437500001 0.9037758468750001 0.654888734375 0.9788405703124999 0.6481164609375
0 0.1840566703125 0.34387091718749996 0.27902372343750004 0.3365391296875 0.2899383328125 0.33539195781250003 0.3059228515625 0.33424185 0.31059113125 0.3247423703125 0.31131436875 0.3145976703125 0.308741171875 0.2957906171875 0.30577881093750003 0.28179384218750003 0.3017431328125 0.2774486328125 0.2958433453125 0.278068725 0.1866421640625 0.2890163 0.1773286875 0.2968842859375 0.17795067343749998 0.308477390625 0.1802839703125 0.3278395890625 0.1840566703125 0.34387091718749996
3 0.8445843015625 0.5438227328125 0.8397930015625 0.540631584375 0.838640734375 0.5296684875000001 0.832290090625 0.5229465 0.8237535421875 0.5180377140625 0.8173639671874999 0.5165980078125 0.8102964890625 0.5115348187500001 0.7388094046875 0.5153536796875 0.7366518609375 0.5372210359375 0.7385407374999999 0.564913821875 0.7421653625 0.5698941546875 0.7469566609375 0.573085303125 0.75698174375 0.575198540625 0.7703131156249999 0.57485299375 0.7709396734375 0.5695089484375 0.7957651968749999 0.571122234375 0.806965534375 0.5731119484375 0.823199640625 0.5692943968749999 0.8360141953125 0.575337003125 0.8371381046874999 0.5662459484375 0.843198459375 0.5645533390625 0.8457914390625 0.5553078796875 0.8445843015625 0.5438227328125
3 0.6828125 0.39921875 0.0546875 0.046875
3 0.02109375 0.38984375 0.0421875 0.0484375
2 0.403125 0.03203125 0.0234375 0.0484375
2 0.71328125 0.1953125 0.0375 0.0375
2 0.83984375 0.6578125 0.0375 0.040625
2 0.80625 0.67265625 0.0375 0.040625
2 0.80390625 0.70625 0.0375 0.034375
2 0.7109375 0.66171875 0.0359375 0.034375
1 0.8890625 0.5578125 0.0625 0.053125
1 0.56796875 0.9078125 0.040625 0.1
1 0.75703125 0.67265625 0.0609375 0.0484375
1 0.9515625 0.55625 0.065625 0.0625
1 0.85 0.60859375 0.0609375 0.0484375
1 0.70234375 0.50625 0.05625 0.0484375
1 0.45859375 0.278125 0.0640625 0.05
1 0.3734375 0.3671875 0.0640625 0.059375
1 0.24453125 0.4 0.0640625 0.0609375
1 0.04375 0.45390625 0.0671875 0.05
1 0.259375 0.61953125 0.0578125 0.1046875
1 0.06171875 0.878125 0.0546875 0.065625
1 0.815625 0.05234375 0.059375 0.1046875
1 0.859375 0.1109375 0.0671875 0.0953125
3 0.4434083125 0.8681144249999999 0.43765178593750004 0.8681508453125 0.43112302343750003 0.869974275 0.4272237 0.875501640625 0.429549990625 0.8945900343750001 0.4329059296875 0.911295746875 0.4327248 0.918706771875 0.441610403125 0.9575758750000001 0.46036533906250005 0.9533301937499999 0.45970174375 0.9317925890625001 0.4434083125 0.8681144249999999
1 0.42734375 0.95078125 0.034375 0.0953125
1 0.48046875 0.946875 0.034375 0.0921875
1 0.28203125 0.4796875 0.06875 0.0734375
1 0.10078125 0.3765625 0.0671875 0.0515625