0 0.7947151031249999 0.6851450640625 0.7995226125 0.6805229109375001 0.8025649749999999 0.6680240656249999 0.8048036921874999 0.6467240999999999 0.80373353125 0.6404586906249999 0.7959636046874999 0.6211832390625001 0.6882466359375 0.6098617296875 0.6827830921875 0.6262080546875 0.68017125625 0.6510580140625 0.685571253125 0.6654696734375001 0.6936589468750001 0.6734981453125 0.7780620453125 0.6818565234375 0.7947151031249999 0.6851450640625
3 0.8800717390624999 0.6082659546875 0.8785853828124999 0.6011519171875 0.8773911265625 0.58860173125 0.869381096875 0.5877598421875 0.8643914703125001 0.5847504796874999 0.8599701546875 0.5763339921874999 0.7860477718750001 0.5596186796875 0.780855465625 0.57447953125 0.775977125 0.602295034375 0.7782583265625 0.61247453125 0.78778849375 0.617452084375 0.8042755234375001 0.62266385 0.8066044124999999 0.6164477984375 0.8250606656249999 0.626836403125 0.8296687671875 0.6228478546875 0.84042498125 0.6294452296874999 0.8557535250000001 0.6270804328125 0.8655777859375 0.6345738296875 0.87160070625 0.627752065625 0.87665789375 0.6248046890625 0.8813335531250001 0.6148594015625 0.8800717390624999 0.6082659546875
3 0.45993190312500004 0.20502323125 0.44089413593750004 0.28902163281250004 0.44270541718749995 0.297690815625 0.4473764796875 0.3018155390625 0.45364572968749994 0.3036857234375 0.4602297703125 0.30256084687499996 0.4809504765625 0.218739328125 0.45993190312500004 0.20502323125
3 0.3957400859375 0.84224786875 0.38935449218749996 0.838713553125 0.38231408437500003 0.8414093734374999 0.3778402765625 0.847238115625 0.37689011250000004 0.8654624953125 0.376674896875 0.8797556921874999 0.37578196875000003 0.8882513328125 0.3765466921875 0.9238349359375 0.395501990625 0.9241093203125 0.3983799671875 0.8997886015625 0.3957400859375 0.84224786875
2 0.16640625 0.2046875 0.040625 0.0328125
2 0.5703125 0.734375 0.025 0.0578125
2 0.525 0.76796875 0.0234375 0.0546875
2 0.5515625 0.9359375 0.0203125 0.053125
2 0.5234375 0.95078125 0.0234375 0.0546875
2 0.68515625 0.55 0.034375 0.034375
2 0.6890625 0.6890625 0.034375 0.0328125
1 0.74375 0.5421875 0.0578125 0.046875
1 0.53984375 0.19296875 0.040625 0.115625
1 0.525 0.46015625 0.0390625 0.103125
1 0.4546875 0.45234375 0.0421875 0.103125
1 0.4953125 0.62890625 0.034375 0.0921875
1 0.5609375 0.634375 0.0375 0.09375
1 0.909375 0.13046875 0.0515625 0.1203125
1 0.93515625 0.23046875 0.0375 0.1015625
1 0.8453125 0.1296875 0.0640625 0.1234375
1 0.0875 0.21953125 0.0640625 0.046875
1 0.07421875 0.2671875 0.075 0.059375
1 0.1546875 0.528125 0.059375 0.0453125
1 0.28671875 0.52734375 0.059375 0.0640625
1 0.06484375 0.81171875 0.0484375 0.10625
1 0.49140625 0.9453125 0.028125 0.08125
1 0.415625 0.9234375 0.0359375 0.0890625
1 0.36328125 0.9171875 0.0328125 0.090625