0 0.589027640625 0.7524656078125 0.5826254015625 0.73607996875 0.56951165 0.7277823999999999 0.5424025109375 0.7208374453124999 0.526606084375 0.7204318046875 0.5002581140625 0.833603446875 0.5176587671874999 0.8513415171875 0.5362880921875 0.8560143140625 0.55030698125 0.8588139124999999 0.5602735328125 0.85765744375 0.567102125 0.834292746875 0.5897968171875 0.7517149578125 0.589027640625 0.7524656078125
0 0.54756345625 1 0.5510727671875 0.972553415625 0.5396379453125 0.951630134375 0.524108821875 0.9481069515625 0.4942137796875 0.9451992640625001 0.487940475 1 0.54756345625 1
3 0.4478463078125 0.7565138 0.43201096562499997 0.8312922296874999 0.4355104390625 0.8378321812499999 0.4401850703125 0.8458664390624999 0.44181996718749994 0.8554450546875 0.45195835625 0.8646484671874999 0.458571275 0.86936895625 0.46442533125 0.873001540625 0.4756477046875 0.874239428125 0.48449804375000005 0.86864975 0.4927326734375 0.8673179359375001 0.48926346406250004 0.8528249734375001 0.49510860156250003 0.8349306546875 0.4964179984375 0.8202438359374999 0.49731537656249997 0.7992546296875 0.504470290625 0.799992359375 0.5074231234375 0.7830921890625 0.504049353125 0.7721630734375 0.4977312875 0.766342165625 0.47078106093749994 0.7591208734375 0.4478463078125 0.7565138
3 0.910947046875 0.5083228328125 0.8941945875 0.502271025 0.8762468453125001 0.49652414218749996 0.8680867609374999 0.49996445312500004 0.8643676453125 0.50553251875 0.8653239515625 0.512353359375 0.9238380718749999 0.5370975703124999 0.9494494421875 0.543334915625 0.9566853046875 0.5246421609375 0.9203760390625 0.5105367234375 0.910947046875 0.5083228328125
3 0.47265625 0.02109375 0.0546875 0.0421875
2 0.359375 0.0109375 0.04375 0.021875
2 0.2671875 0.38125 0.0421875 0.0421875
2 0.57734375 0.884375 0.0453125 0.04375
2 0.59921875 0.853125 0.0453125 0.04375
2 0.63359375 0.8546875 0.0421875 0.04375
2 0.60546875 0.753125 0.04375 0.0421875
2 0.1203125 0.678125 0.0453125 0.0453125
1 0.4671875 0.92109375 0.0625 0.0703125
1 0.525 0.88671875 0.059375 0.06875
1 0.609375 0.80390625 0.0578125 0.06875
1 0.45703125 0.97421875 0.0671875 0.0515625
1 0.44375 0.7171875 0.0578125 0.0640625
1 0.34375 0.0640625 0.0640625 0.0734375
1 0.40078125 0.0546875 0.0765625 0.0859375
1 0.51953125 0.04296875 0.059375 0.06875
1 0.42109375 0.22578125 0.0765625 0.078125
1 0.48671875 0.31640625 0.0875 0.0765625
1 0.58515625 0.47578125 0.096875 0.0734375
1 0.02734375 0.69921875 0.0546875 0.0828125
1 0.0484375 0.8140625 0.096875 0.078125
1 0.93984375 0.56328125 0.0984375 0.05
1 0.95078125 0.5078125 0.0984375 0.05