0 0.18785068124999998 0.37958749687500004 0.188978915625 0.3946305953125 0.2013894703125 0.4121808765625 0.3029303796875 0.4151894953125 0.3068791921875 0.41167943906250004 0.30941771406249996 0.39613490625000003 0.3091356578125 0.3725673859375 0.30518684375 0.3625386546875 0.2947506953125 0.3520084859375 0.2135179671875 0.3530113578125 0.19349184375 0.35250992187499997 0.189260971875 0.36203721718750004 0.18785068124999998 0.37958749687500004
3 0.212273740625 0.41631846875 0.1958446921875 0.4149276515625 0.194801578125 0.41910010781249996 0.17028839375 0.41353683124999996 0.1674198296875 0.4149276515625 0.158031803125 0.41260961875 0.1462967671875 0.4158548640625 0.1332578390625 0.40750995 0.129606940625 0.4167820765625 0.12334825468749999 0.42002732031249995 0.1212620265625 0.42744502031250003 0.1220443609375 0.4353263296875 0.124652146875 0.438571571875 0.12569526250000002 0.45016173125 0.130389275 0.45433418750000004 0.1421243109375 0.45665221875000006 0.145253653125 0.4626791015625 0.15099078125 0.46963319531250003 0.219575540625 0.473805653125 0.22322644062500002 0.45433418750000004 0.22426955468749998 0.430226659375 0.22374799687500002 0.429763053125 0.2227048828125 0.4218817453125 0.212273740625 0.41631846875
3 0.56771490625 0.158089753125 0.5721481421875 0.160871390625 0.5789283843749999 0.161334996875 0.5854478484375 0.1548445078125 0.5846655125 0.1349094375 0.5833616187499999 0.119146821875 0.5838831765625 0.110338303125 0.5789283843749999 0.0755678296875 0.55989155 0.07927667968749999 0.55989155 0.10338420781249999 0.56771490625 0.158089753125
3 0.98046875 0.61640625 0.0390625 0.0453125
2 0.8421875 0.75703125 0.03828125 0.0328125
2 0.43125 0.57734375 0.01796875 0.0578125
2 0.4796875 0.29609375 0.01875 0.05546875
2 0.42734375 0.02734375 0.01640625 0.053125
2 0.1984375 0.3203125 0.0328125 0.0359375
2 0.12734375 0.3421875 0.03515625 0.03828125
2 0.29609375 0.3375 0.03125 0.03046875
2 0.73125 0.48046875 0.03125 0.040625
2 0.71171875 0.42890625 0.03046875 0.04765625
1 0.0875 0.41875 0.05703125 0.04609375
1 0.03515625 0.3671875 0.05625 0.04296875
1 0.25078125 0.32265625 0.05390625 0.03984375
1 0.28671875 0.4875 0.05078125 0.04140625
1 0.2 0.9 0.05078125 0.11796875
1 0.10546875 0.828125 0.03515625 0.1
1 0.5375 0.75 0.03203125 0.11171875
1 0.6046875 0.68671875 0.0359375 0.09765625
1 0.93359375 0.7375 0.06015625 0.0421875
1 0.9421875 0.68671875 0.06796875 0.04921875
1 0.928125 0.584375 0.059375 0.0421875
1 0.86796875 0.67109375 0.0578125 0.03984375
1 0.890625 0.425 0.05234375 0.04609375
1 0.5 0.5046875 0.025 0.09453125
1 0.45703125 0.30234375 0.028125 0.0890625
1 0.49921875 0.2859375 0.0296875 0.090625
1 0.43046875 0.17578125 0.02578125 0.084375
1 0.47734375 0.08671875 0.02578125 0.08515625
1 0.4515625 0.1171875 0.025 0.08203125
1 0.5921875 0.0828125 0.025 0.0875