0 0.1876771078125 0.3736666890625 0.18794831875 0.39439916406250003 0.20015275312499997 0.41031013125 0.3045684859375 0.41513163750000004 0.308365421875 0.3977742171875 0.30863663125 0.3717380859375 0.3023988078125 0.359684321875 0.29290646875 0.3519699140625 0.2150692859375 0.3529342140625 0.191745253125 0.3529342140625 0.189304365625 0.35534496875 0.1876771078125 0.3736666890625
3 0.194766771875 0.4136466515625 0.1931185328125 0.4190186859375 0.173339678125 0.41511175156249996 0.16015377656250002 0.4121815515625 0.1450449296875 0.41560011875 0.1340566765625 0.40729788281249996 0.1313096140625 0.413158284375 0.1258154875 0.414623384375 0.1200466546875 0.423902353125 0.12142018750000001 0.4351347890625 0.12389254375 0.4458788578125 0.1310349078125 0.45662292656250003 0.142847278125 0.45613455937499997 0.1444955171875 0.4649251625 0.21811680625 0.47273903125 0.2216879890625 0.45515782656250003 0.2236109328125 0.4258558203125 0.22086387031250002 0.42097215312499997 0.2101503234375 0.416088484375 0.194766771875 0.4136466515625
3 0.560168390625 0.101316528125 0.5676143921875 0.1578297671875 0.574774009375 0.15884802343749999 0.57992893125 0.1573206390625 0.584797471875 0.15070197031250002 0.58393831875 0.1344098671875 0.5825063953125 0.1181177609375 0.5833655484375 0.108953453125 0.57878339375 0.0717870875 0.578210625 0.071277959375 0.55988200625 0.07636924218749999 0.560168390625 0.101316528125
2 0.315625 0.471875 0.03125 0.03203125
2 0.2953125 0.3359375 0.0296875 0.0296875
2 0.496875 0.6984375 0.01796875 0.0546875
2 0.85859375 0.75859375 0.03671875 0.02890625
2 0.4046875 0.04140625 0.015625 0.05
2 0.9828125 0.7390625 0.034375 0.034375
3 0.699050525 0.45174291093749996 0.6924458703124999 0.43567544687500004 0.6847983765625 0.428877675 0.6517751046875 0.47955198125000004 0.6649844125000001 0.50797903125 0.6973124578125 0.45854068281249993 0.699050525 0.45174291093749996
1 0.07734375 0.42109375 0.05625 0.04296875
1 0.20546875 0.3296875 0.05546875 0.04453125
1 0.1046875 0.8234375 0.03203125 0.09765625
1 0.19921875 0.89921875 0.0515625 0.11953125
1 0.13828125 0.903125 0.0390625 0.11953125
1 0.48515625 0.81640625 0.02734375 0.10078125
1 0.60234375 0.7140625 0.034375 0.096875
1 0.52109375 0.678125 0.02734375 0.09921875
1 0.46875 0.571875 0.025 0.09609375
1 0.53671875 0.5421875 0.03125 0.09765625
1 0.49140625 0.409375 0.0265625 0.09140625
1 0.4546875 0.278125 0.03046875 0.096875
1 0.45 0.14140625 0.02421875 0.08671875
1 0.40859375 0.16953125 0.02421875 0.08125
1 0.4921875 0.21796875 0.03046875 0.084375
1 0.59140625 0.08125 0.025 0.0890625
1 0.540625 0.0796875 0.025 0.0859375
1 0.93359375 0.73515625 0.06015625 0.03984375
1 0.9421875 0.68515625 0.06875 0.046875
1 0.86796875 0.66953125 0.059375 0.0421875
1 0.87265625 0.7171875 0.0578125 0.0421875
1 0.92890625 0.58046875 0.05859375 0.0390625
1 0.9234375 0.26328125 0.0453125 0.0984375
1 0.75 0.46328125 0.04921875 0.06015625