0 0.1903657 0.3514652625 0.1900601375 0.3753670734375 0.20136596406249999 0.3927502078125 0.3070907359375 0.3981824375 0.311063053125 0.39003409375000003 0.311063053125 0.357440715625 0.3061740484375 0.34331691875 0.296396034375 0.3351685734375 0.2114495421875 0.33299568125 0.196476959375 0.3319092359375 0.1918935140625 0.33897113437500004 0.1903657 0.3514652625
0 0.0238339078125 0.3444033640625 0.027500662500000002 0.3520084859375 0.0366675515625 0.36341616875 0.1237529828125 0.3650458359375 0.127114175 0.35961360625 0.1286419890625 0.3416872484375 0.1286419890625 0.3248473375 0.1231418578125 0.3177854390625 0.11336384375 0.3090938703125 0.0348341734375 0.3074642015625 0.026583975 0.308550646875 0.024750596875 0.325390559375 0.0238339078125 0.3444033640625
0 0.7017298796875 0.6889509515625 0.7017298796875 0.7008038703125 0.7033966953124999 0.7166077625 0.7061747234375 0.7274729390625 0.7125641890625001 0.7274729390625 0.8170180437499999 0.7264851953125 0.8309081828125 0.718089378125 0.8300747749999999 0.6948774109375 0.8284079578125001 0.6726531859375 0.7306213703125 0.672159315625 0.716453428125 0.6731470578125001 0.7045079078125001 0.6761102875 0.7017298796875 0.6889509515625
3 0.2315944515625 0.39696635625 0.23214784375000003 0.40434491250000004 0.2152693953125 0.4009015859375 0.205861734375 0.3989339703125 0.1972841625 0.3959825484375 0.18178919375 0.39795016250000004 0.1701679671875 0.39057160625 0.1674010078125 0.3984420671875 0.160483609375 0.40286920156250006 0.15827004375 0.4097558546875 0.15937682656250002 0.4176263140625 0.1626971765625 0.42205344843750003 0.1643573515625 0.43435104375 0.1696145734375 0.439761984375 0.18012901875 0.4427134078125 0.18261928125 0.44664863749999995 0.18759980625 0.453535290625 0.2567737765625 0.4564867140625 0.25981743125 0.4373024671875 0.26120091093750003 0.41123156562499996 0.25566699375 0.402377296875 0.247919509375 0.3989339703125 0.2315944515625 0.39696635625
3 0.4078125 0.58515625 0.04765625 0.03984375
3 0.5719625953125 0.14745460625 0.5788745296875 0.15001458125 0.5854984671875 0.14796660156250002 0.5886664374999999 0.14079866875 0.588378440625 0.12441482343750002 0.586362459375 0.10905496875000001 0.5875144484375 0.1013750421875 0.58261849375 0.0650233859375 0.5644746656249999 0.0686073515625 0.563898671875 0.09113513906250001 0.5719625953125 0.14745460625
3 0.975 0.64921875 0.05 0.040625
2 0.24765625 0.76484375 0.03359375 0.03359375
2 0.1640625 0.97421875 0.03671875 0.0515625
2 0.17421875 0.3125 0.03359375 0.03359375
2 0.2078125 0.30078125 0.0328125 0.034375
2 0.21328125 0.26875 0.0328125 0.0296875
2 0.296875 0.32109375 0.03125 0.03359375
2 0.52890625 0.96171875 0.01796875 0.06484375
1 0.89765625 0.65 0.05859375 0.0421875
1 0.94609375 0.58515625 0.0609375 0.04609375
1 0.86640625 0.58515625 0.0578125 0.04140625
1 0.778125 0.63515625 0.0546875 0.04375
1 0.734375 0.56171875 0.06171875 0.04765625
1 0.70703125 0.453125 0.02734375 0.1
1 0.90234375 0.0375 0.0484375 0.04296875
1 0.46796875 0.1828125 0.03515625 0.096875
1 0.0859375 0.53984375 0.05546875 0.05
1 0.05703125 0.396875 0.05859375 0.05390625
1 0.11640625 0.4015625 0.0578125 0.046875
1 0.159375 0.35703125 0.05390625 0.040625
1 0.25390625 0.3046875 0.05546875 0.03984375
1 0.28984375 0.46953125 0.05078125 0.0421875
1 0.1984375 0.88046875 0.05078125 0.1171875
1 0.10234375 0.8296875 0.0546875 0.08515625
1 0.59609375 0.0734375 0.025 0.0875
1 0.54609375 0.07109375 0.025 0.08671875