1 0.15234375 0.09921875 0.115625 0.0375
1 0.05859375 0.20390625 0.115625 0.0671875
1 0.203125 0.51875 0.14375 0.046875
1 0.2453125 0.596875 0.128125 0.046875
1 0.36875 0.5359375 0.115625 0.046875
1 0.06796875 0.6125 0.1140625 0.03125
3 0.0546875 0.57890625 0.109375 0.034375
1 0.4265625 0.64140625 0.090625 0.053125
1 0.44765625 0.46328125 0.10625 0.04375
1 0.49375 0.265625 0.05 0.059375
3 0.540625 0.1375 0.0875 0.11875
0 0.6015625 0.25390625 0.0734375 0.1390625
1 0.78046875 0.1265625 0.065625 0.059375
2 0.6515625 0.30546875 0.040625 0.0375
2 0.5078125 0.32265625 0.04375 0.0390625
2 0.5671875 0.44375 0.0625 0.0265625
2 0.51796875 0.49921875 0.059375 0.025
2 0.79140625 0.421875 0.0640625 0.025
2 0.68515625 0.46640625 0.0625 0.028125
1 0.69453125 0.49375 0.103125 0.03125
1 0.809375 0.48515625 0.0953125 0.028125
1 0.9578125 0.490625 0.084375 0.03125
1 0.05703125 0.13984375 0.1125 0.040625
1 0.50859375 0.7546875 0.078125 0.0640625
1 0.534375 0.88984375 0.059375 0.0671875
1 0.378125 0.91328125 0.0546875 0.0671875
1 0.39453125 0.971875 0.0515625 0.05625
1 0.33515625 0.96875 0.0515625 0.0625
1 0.30078125 0.9125 0.053125 0.06875
1 0.2828125 0.978125 0.065625 0.04375
1 0.24765625 0.9171875 0.05 0.0625
1 0.2296875 0.97421875 0.04375 0.0515625
2 0.2046875 0.90234375 0.0375 0.04375
3 0.884375 0.5984375 0.090625 0.0328125
1 0.92265625 0.56328125 0.1015625 0.034375
1 0.9234375 0.6171875 0.1 0.034375
1 0.9640625 0.58359375 0.071875 0.0296875
1 0.96484375 0.6375 0.0703125 0.03125
1 0.95546875 0.6671875 0.0828125 0.03125
2 0.9875 0.5578125 0.025 0.0234375
1 0.915625 0.865625 0.096875 0.053125
1 0.871875 0.93671875 0.109375 0.053125
1 0.82890625 0.978125 0.053125 0.04375
1 0.9703125 0.9453125 0.053125 0.053125