0 0.1900489125 0.35929855625 0.1913180203125 0.37621999375000004 0.20115360624999998 0.39314143281249997 0.30744139531250003 0.40103810468749995 0.3109314421875 0.38468071406250004 0.31156599687500003 0.3609906984375 0.30744139531250003 0.349709740625 0.29538486875 0.337300684375 0.2068645921875 0.33673663593750003 0.1963944515625 0.33504449375 0.191635296875 0.340684971875 0.1900489125 0.35929855625
1 0.019129550000000002 0.348840546875 0.0313029 0.36687514062500004 0.1197046078125 0.3694515109375 0.12289286562499999 0.35605438437500003 0.12434207500000001 0.3292601328125 0.116806190625 0.31998519999999997 0.1072414171875 0.3132866359375 0.0344911578125 0.311225540625 0.023767015625 0.3107102671875 0.020288915625 0.321531021875 0.019129550000000002 0.348840546875
3 0.571139134375 0.1475673328125 0.5764944 0.1513755234375 0.5858661171875 0.1489954046875 0.5888115125 0.1404269796875 0.5861338796875 0.109961465625 0.5872049328125 0.10472520468749999 0.5823851921875 0.0652152421875 0.5636417625 0.067595359375 0.5633739984374999 0.09092051875 0.571139134375 0.1475673328125
3 0.23183780937499998 0.4070361546875 0.20879802656250002 0.40140420624999995 0.19785413125 0.397820240625 0.1814382859375 0.4008922109375 0.16991839375 0.39474826875 0.16732641875 0.4034521875 0.1618544703125 0.404988171875 0.15839850312499998 0.41113211562499996 0.1601264875 0.4223960078125 0.16214246875 0.42853994999999995 0.16531043750000002 0.4377558640625 0.1693424 0.44236381874999997 0.174238353125 0.45157973125 0.1797103015625 0.44645978125 0.18719823124999999 0.45567569375000005 0.25602958125 0.45925965937499996 0.2591975515625 0.44389980625 0.260925534375 0.41062011875 0.249117646875 0.40191620156249996 0.23327779531249998 0.3998682203125 0.23183780937499998 0.4070361546875
1 0.11640625 0.4046875 0.05546875 0.0453125
1 0.159375 0.359375 0.05546875 0.03828125
1 0.253125 0.30625 0.0546875 0.03828125
2 0.17421875 0.31484375 0.03359375 0.03359375
2 0.2078125 0.303125 0.0328125 0.03671875
2 0.21328125 0.271875 0.0328125 0.0296875
2 0.2984375 0.321875 0.03125 0.03046875
2 0.31796875 0.64921875 0.03125 0.03828125
2 0.2484375 0.76796875 0.034375 0.03515625
2 0.52890625 0.96171875 0.01796875 0.06328125
2 0.7859375 0.69375 0.0359375 0.0328125
2 0.9 0.71796875 0.0375 0.03125
1 0.290625 0.47265625 0.05 0.04296875
3 0.8484375 0.61328125 0.05390625 0.0375
1 0.5453125 0.07265625 0.025 0.0859375
1 0.5953125 0.07421875 0.0234375 0.08828125
1 0.48359375 0.1890625 0.02421875 0.084375
1 0.67890625 0.6875 0.0546875 0.04453125
1 0.7953125 0.6515625 0.06484375 0.053125
1 0.871875 0.6734375 0.05859375 0.04453125
1 0.934375 0.60703125 0.06640625 0.0484375
1 0.78359375 0.56484375 0.05390625 0.0359375
1 0.19921875 0.88203125 0.05 0.115625
1 0.6046875 0.478125 0.053125 0.0828125
1 0.2078125 0.596875 0.05546875 0.04765625
1 0.1078125 0.81328125 0.05 0.09921875