0 0.277661540625 0.9901618640625 0.287519346875 0.9940563062500001 0.3392728296875 0.7969001828125 0.3392728296875 0.7832696359375 0.331879475 0.7745071421875 0.32339080781249996 0.7681786734375 0.3135330015625 0.7667182578125 0.3055919921875 0.7745071421875 0.2951865296875 0.8124779515625 0.252743196875 0.96728201875 0.257945928125 0.974584096875 0.267803734375 0.9833465921875 0.277661540625 0.9901618640625
3 0.41796875 0.9578125 0.04609375 0.084375
3 0.71484375 0.66328125 0.0640625 0.06484375
2 0.12578125 0.43046875 0.0328125 0.046875
2 0.24765625 0.4875 0.0328125 0.0421875
2 0.25 0.20078125 0.03125 0.04296875
2 0.4 0.3875 0.0296875 0.0375
2 0.54140625 0.66875 0.03203125 0.0453125
2 0.453125 0.62265625 0.03125 0.04375
2 0.76796875 0.81953125 0.0359375 0.0421875
2 0.875 0.49453125 0.0328125 0.0421875
2 0.7578125 0.44453125 0.03203125 0.03828125
2 0.190625 0.371875 0.03125 0.04375
1 0.4953125 0.13515625 0.02890625 0.07578125
1 0.53046875 0.21796875 0.02578125 0.0765625
1 0.696875 0.60625 0.05703125 0.05625
1 0.809375 0.57890625 0.05390625 0.059375
1 0.82890625 0.521875 0.05390625 0.065625
1 0.95703125 0.61796875 0.0609375 0.0796875
1 0.91328125 0.64609375 0.05859375 0.0734375
1 0.8125 0.79375 0.06171875 0.06015625
1 0.57265625 0.94921875 0.0625 0.09296875
1 0.4703125 0.89921875 0.034375 0.10703125
1 0.3796875 0.52109375 0.05546875 0.0671875
1 0.51796875 0.52890625 0.05390625 0.0578125
1 0.83046875 0.3078125 0.05 0.08046875
1 0.54921875 0.146875 0.028125 0.07890625
1 0.325 0.0484375 0.0453125 0.05390625
1 0.20390625 0.22890625 0.05078125 0.06015625
1 0.0984375 0.3515625 0.0484375 0.0515625