0 0.39794945312499996 0.18820605625 0.38082116093749996 0.18290674843750002 0.370167234375 0.18279719375 0.3589333796875 0.187410759375 0.33015793437499996 0.2885537359375 0.3298436609375 0.2969052203125 0.3538329359375 0.304245534375 0.375648078125 0.30612504218750003 0.38352393125 0.2999005828125 0.412854990625 0.20002440937500002 0.4130726109375 0.19246011093749998 0.39794945312499996 0.18820605625
0 0.723224228125 0.0411659921875 0.7040661953125 0.052397610937500005 0.6899312265625 0.138558065625 0.692854284375 0.1437112984375 0.7191869828125 0.1493417125 0.7317493921875 0.1512837078125 0.7497961953125001 0.137518484375 0.7621433515625 0.054334734375000006 0.759316953125 0.048394312499999995 0.74755179375 0.045751151562499995 0.723224228125 0.0411659921875
0 0.7055571359374999 0.2128986953125 0.68616068125 0.2093646265625 0.669900134375 0.2081364046875 0.652245534375 0.218261840625 0.63437940625 0.3247856859375 0.645413246875 0.32959791875 0.672939975 0.33374609843749997 0.684183065625 0.3312849671875 0.6985158828125 0.32036750625 0.711689265625 0.22978638281250002 0.7144306203124999 0.218598153125 0.7055571359374999 0.2128986953125
3 0.31410774375 0.628462184375 0.30949346875 0.6331842609375 0.30624946249999996 0.6486518593749999 0.30421565156249997 0.6816450046875 0.34135718593750003 0.6858276531249999 0.34581223125 0.6550205953125 0.344441965625 0.644275071875 0.34473911562500004 0.6363786015625 0.33544245 0.6299484765625001 0.31410774375 0.628462184375
3 0.85519716875 0.62463628125 0.8491666562500001 0.629939984375 0.8488695046875 0.6378364546874999 0.8541459218749999 0.644150715625 0.8748182046874999 0.6455556734375001 0.8908535046875 0.64639128125 0.8980944937500001 0.6476581234375 0.9377716375 0.6476189859375 0.9348483296874999 0.6276165359375 0.9103385765625 0.6246071171875001 0.85519716875 0.62463628125
3 0.61769168125 0.1735546609375 0.60839655625 0.17611338125 0.59914211875 0.1783407328125 0.6036776046875 0.18528856093749999 0.5988163734375 0.1907462515625 0.591005953125 0.1958418296875 0.5784955515625 0.263596996875 0.5861836625 0.26925009375000003 0.6072143890625 0.27351416875 0.6297096 0.2756035015625 0.6395134390625 0.26402538125 0.6433173062499999 0.24767417187500002 0.6368697765625 0.24654615 0.6446806953124999 0.2219414453125 0.6508641328125 0.21059152656250002 0.648728934375 0.19384745625 0.6572512546875 0.18783019375 0.6526343953125 0.18154510468750001 0.64763113125 0.17353074375 0.6378480109375 0.1703113359375 0.6289190687499999 0.16988772968750002 0.6254409484375001 0.1738334203125 0.61769168125 0.1735546609375
2 0.7312964953125001 0.2175694609375 0.740566534375 0.21709053906250003 0.741036 0.21326704218749998 0.748956684375 0.2097115859375 0.753024671875 0.20471279375 0.7539052796875 0.1834746578125 0.7345829984375001 0.18142560937500002 0.7193675859375 0.18343852968750002 0.7214986671875 0.208280734375 0.72746348125 0.21127711875 0.7312964953125001 0.2175694609375
2 0.7766489546875001 0.22798946562500003 0.76591219375 0.2263477296875 0.75799103125 0.2486619625 0.7624694421875 0.2543866921875 0.7618434859375001 0.2594846859375 0.767358515625 0.261455559375 0.7758854734375 0.257651115625 0.7824371203125 0.25586813125 0.7887737140625 0.2511478875 0.7934873375 0.2362020953125 0.7907103828125 0.23068627656250001 0.7766489546875001 0.22798946562500003
2 0.7335643828125 0.245986175 0.7388055578125 0.25018741875 0.7436360671875 0.2530445296875 0.7472737109375001 0.2515506078125 0.7489166015625 0.2475477625 0.7604358078125 0.24281700625 0.7629590687500001 0.226955415625 0.76305699375 0.221469159375 0.7483892921875 0.2190213359375 0.7368506453125 0.21922170937500002 0.7272676296875 0.22224963125000002 0.7289882859375 0.23636831093750002 0.7335643828125 0.245986175
2 0.7128910687500001 0.30651630625 0.7026432140625001 0.30558145625 0.695328325 0.32764670156250003 0.6998067359375 0.33337143281250003 0.7020556609375 0.3384989890625 0.7083725765625 0.33862775156249997 0.71220583125 0.33554070625 0.7198526578125 0.3342156203125 0.7261501328125 0.329814003125 0.7278323859375 0.3161131453125 0.729299346875 0.3088544171875 0.7128910687500001 0.30651630625
2 0.277710940625 0.2029515375 0.2660354875 0.199577403125 0.2573911625 0.2043377203125 0.246634240625 0.226303765625 0.24827689375 0.231680309375 0.27080647343750003 0.23574030625 0.2801938796875 0.234305509375 0.2822675953125 0.20803901875 0.277710940625 0.2029515375
2 0.306499378125 0.948430559375 0.3065581796875 0.9432629296874999 0.29820739218750003 0.9409438703124999 0.2908147390625 0.9448875875 0.2822095375 0.94932928125 0.2824826734375 0.9752370734375001 0.2833973234375 0.9771594484374999 0.309894940625 0.980412946875 0.311250925 0.9800630828125 0.3117403125 0.9620111937500001 0.31207296875 0.9546131890625 0.306499378125 0.948430559375
2 0 0.482919828125 0.037345343749999996 0.48640288125 0.048713496875 0.4869229234375 0.05538620625 0.48336326874999996 0.0638594078125 0.48206819999999995 0.063329940625 0.47791616093749995 0.055686468749999996 0.4766857296875 0.0475488421875 0.47101566406249995 0.0051301968750000005 0.46522344843749996 0.000416390625 0.46602746093749997 0 0.46941869062499997 0 0.482919828125
1 0.5548015484375 0.2689222578125 0.5473050921875 0.27365296250000004 0.5380564671875 0.3131350375 0.5435664328125 0.3194627296875 0.5595414515625 0.32248380625 0.5727614875 0.3223410375 0.5762642546875 0.3142943921875 0.583312771875 0.28761046874999996 0.585256540625 0.276900025 0.575112040625 0.2724756640625 0.5548015484375 0.2689222578125
1 0.499875928125 0.08134133437499999 0.48086704999999996 0.12351016875000001 0.48968739843750003 0.12847834062500002 0.5134149484375 0.1349236875 0.521936496875 0.1320848359375 0.5358193953125 0.10094211093750001 0.537976778125 0.088491909375 0.5356490265625 0.08184855156250001 0.5082907999999999 0.07425101875 0.499875928125 0.08134133437499999
1 0.6611625796875 0.16048195625 0.6709870515625 0.152151928125 0.6764550781249999 0.1280995203125 0.68021444375 0.1077224859375 0.6738715109375 0.103058503125 0.6547142796875 0.10035309375000001 0.64288235 0.10455146875000002 0.6284867734375 0.1398696078125 0.6285292359375 0.1497643390625 0.643372225 0.1568847859375 0.6611625796875 0.16048195625
1 0.7529314671875 0.25792984375 0.73881450625 0.255136909375 0.7239073031250001 0.25365973125 0.7193794437500001 0.259814525 0.7114976953125 0.298404840625 0.7185239359375 0.307744284375 0.732598171875 0.310885171875 0.7454124703125 0.3089265984375 0.7500257765625 0.302075903125 0.7566900484375 0.2682808578125 0.758655046875 0.2625177796875 0.7529314671875 0.25792984375
1 0.3829279015625 0.9604336421875 0.38853688124999997 0.914752159375 0.388201496875 0.903281709375 0.38097471562499996 0.8958633609375 0.3646646609375 0.8961465921875 0.3500329859375 0.896962453125 0.3480778625 0.9081516640625 0.34274538125 0.95158124375 0.3554219328125 0.9619545921875 0.371573990625 0.9629581640625 0.3829279015625 0.9604336421875
1 0.25357283750000004 0.967735925 0.269507765625 0.9657738828125 0.2741483953125 0.95164890625 0.2832718953125 0.9152158171875 0.282008384375 0.9065703624999999 0.274781603125 0.8991520140624999 0.25626003750000004 0.8985106046875 0.24334624374999997 0.8995373953125 0.24036436718749998 0.909620884375 0.23214888125000002 0.9575947328125001 0.23826990625 0.9645507609375 0.25357283750000004 0.967735925
1 0.33733680312500003 0.8820149859375 0.3341579109375 0.8747671046875001 0.310068075 0.8721357953125001 0.29814153593750004 0.87459000625 0.296956540625 0.884241025 0.2895901796875 0.9300332796875 0.299640596875 0.9381248765624999 0.316325778125 0.9395204578125 0.3308784546875 0.9393479984375 0.33733680312500003 0.8820149859375
1 0.2955104375 0.76743673125 0.29844775625 0.75160745625 0.3040686390625 0.742248690625 0.30368065624999996 0.7332686734375 0.2886249328125 0.7263956031250001 0.2697881875 0.7260366984375 0.26364405625 0.7356103546874999 0.2438440875 0.77951593125 0.254781353125 0.7875581406250001 0.2816016765625 0.791688671875 0.2955104375 0.76743673125
1 0.8915359953124999 0.60076083125 0.8909523343749999 0.6100263984375001 0.8946409171875 0.6160816375 0.908247790625 0.6180635921875 0.9739863203124999 0.6195992078125 0.979933553125 0.6162833015625 0.9797078953125 0.60909705 0.9751536390625001 0.6010680734375 0.967079871875 0.5991430156249999 0.897596171875 0.5965250703125 0.8915359953124999 0.60076083125
1 0.8827642390625 0.66317696875 0.8926822984375 0.6681296453125001 0.9230014296875 0.6693624375 0.9665698921875 0.6709770796875001 0.9724607671875001 0.6636081218750001 0.9691486656249999 0.6544866984375 0.9572544296875 0.6520925453124999 0.8929086484375001 0.6482380109375 0.8818235 0.6527905046875 0.8827642390625 0.66317696875
1 0.14044874375 0.137514353125 0.09979030156249999 0.14866481874999998 0.0956068140625 0.15408112031250001 0.10998914062500001 0.1706719703125 0.12435190781250001 0.17309438125 0.2113858828125 0.15676650625 0.21477261875 0.1482873921875 0.202003840625 0.1328829890625 0.1929200625 0.1304498703125 0.181246540625 0.13000487031250002 0.14044874375 0.137514353125
1 0.6814946796875 0.15354170625000002 0.669839984375 0.195926571875 0.6776287703125 0.204130653125 0.696772525 0.20582232500000003 0.70705179375 0.19851895 0.7140646109375 0.17005961249999998 0.7183478421875 0.1590550328125 0.7113558078125 0.1539137625 0.6907180562499999 0.150061996875 0.6814946796875 0.15354170625000002
1 0.3952370890625 0.81813003125 0.3972694234375 0.801577990625 0.3830462515625 0.7932427515625 0.36193030312499996 0.7932855796875 0.3563124734375 0.8008318640625 0.3508530640625 0.8452951859375 0.3581837 0.8524546875000001 0.377905153125 0.8542172906250001 0.3895588703125 0.8500476609375 0.3952370890625 0.81813003125
1 0.3701820359375 0.5688449515625 0.3782380546875 0.55085475625 0.3838886140625 0.52599943125 0.38132877187499997 0.515100484375 0.35590422187500004 0.510518790625 0.347473340625 0.5156883984375 0.34206600625 0.5226891984375001 0.333259178125 0.5573766328125 0.33365625312499997 0.5647251375 0.35387227656250003 0.5693972781250001 0.3701820359375 0.5688449515625
1 0.3880760328125 0.7564557140625 0.4086452453125 0.758251321875 0.415068015625 0.7429804890625 0.42219716875 0.7219565875 0.42775916093750005 0.7084050000000001 0.4182692390625 0.7010349984375 0.397788321875 0.6985202578124999 0.385274584375 0.6999036640625 0.38434745000000003 0.7074545640625 0.3708396765625 0.74338973125 0.3730243890625 0.75205269375 0.3880760328125 0.7564557140625