0 0.33256156406250004 0.6670190734375 0.33454585937500003 0.6532091203125 0.329303875 0.6299365640625 0.3236618359375 0.6156912734375 0.21547984687500002 0.6392767187499999 0.20833103749999998 0.6579260515625001 0.2121625125 0.6776372828125 0.2184295109375 0.69879284375 0.228944009375 0.69930603125 0.2352795671875 0.696796025 0.323296990625 0.6803264203125 0.33256156406250004 0.6670190734375
3 0.2233653671875 0.5718059515625 0.1512784203125 0.59538408125 0.1487948421875 0.6028817906249999 0.141332403125 0.6068832359375 0.1368575625 0.6096662265624999 0.1354752453125 0.62651571875 0.1326333234375 0.6321699171875 0.13465081875 0.640705878125 0.140001140625 0.6479562796875 0.1454315609375 0.650089328125 0.150304090625 0.6548817125 0.15513727500000002 0.6539422359375 0.16096679375 0.647069584375 0.17765715625 0.6444630296875 0.1938566125 0.6374878374999999 0.20913983281249998 0.6313284640625 0.2113699921875 0.6372721953125 0.2280472390625 0.632755021875 0.238444815625 0.619892646875 0.23225976875 0.5917596374999999 0.2233653671875 0.5718059515625
3 0.660415346875 0.8573846515625 0.657434303125 0.8301309937499999 0.6541942984375 0.8194213687499999 0.645877725 0.8153682390625001 0.6380003171874999 0.821022875 0.6409037453125 0.8776710203125001 0.6462994625 0.903939884375 0.664264125 0.9025096203125 0.6623143734375 0.8626852265625 0.660415346875 0.8573846515625
2 0.1875 0.725 0.040625 0.0421875
2 0.240625 0.7296875 0.040625 0.0421875
2 0.32890625 0.69453125 0.0375 0.0375
2 0.35703125 0.30546875 0.040625 0.059375
2 0.44140625 0.0203125 0.0265625 0.0390625
2 0.796875 0.1640625 0.04375 0.040625
2 0.88203125 0.46953125 0.0390625 0.040625
2 0.77734375 0.52734375 0.0375 0.0375
2 0.540625 0.9109375 0.025 0.0546875
1 0.51640625 0.89375 0.040625 0.0875
1 0.5609375 0.90078125 0.040625 0.090625
1 0.625 0.903125 0.04375 0.0921875
1 0.6765625 0.8921875 0.0421875 0.0953125
1 0.53203125 0.734375 0.040625 0.090625
1 0.10078125 0.653125 0.0640625 0.053125
1 0.084375 0.7109375 0.0625 0.05
1 0.2921875 0.54375 0.05625 0.0484375
1 0.2859375 0.71875 0.0625 0.05
1 0.50546875 0.36328125 0.0453125 0.1
1 0.515625 0.16875 0.0421875 0.1109375
1 0.8921875 0.1625 0.065625 0.0515625
1 0.91015625 0.2109375 0.0796875 0.0625
1 0.9171875 0.32109375 0.0671875 0.0546875
1 0.65859375 0.4265625 0.0609375 0.0953125
1 0.52109375 0.53125 0.0515625 0.1109375
1 0.98671875 0.7234375 0.0265625 0.071875
1 0.1203125 0.14453125 0.0765625 0.1296875
1 0.05 0.259375 0.0609375 0.115625
1 0.8375 0.24296875 0.06875 0.0578125