0 0.5949270125 0.27933740625 0.5960168375 0.2997939453125 0.6024157453125001 0.3129353703125 0.6110210046875 0.3152964296875 0.721666284375 0.3000111609375 0.7223212671875 0.28749816875 0.7211377765625 0.25397135312499997 0.7112972171874999 0.245490525 0.597016846875 0.25922546875 0.5949270125 0.27933740625
0 0.317180628125 0.668588728125 0.3203206953125 0.6564811046875 0.3168455625 0.628759840625 0.3128548140625 0.619144434375 0.2072566265625 0.6321197859375001 0.19643053593749998 0.6523732625 0.19859344375000001 0.677095409375 0.201411334375 0.6893045640625 0.20798694062499998 0.6924659796875 0.30725703437499996 0.6831581875 0.317180628125 0.668588728125
0 0.034923614062500004 0.7262905890625 0.0375252125 0.7360275296875 0.12383753125000001 0.7266078296875 0.1381136421875 0.7097892203125 0.135333084375 0.6820071890625 0.1312341890625 0.6711556765625 0.1284246703125 0.6670419875 0.0418191375 0.677110128125 0.029951184375000002 0.6974547546875 0.034923614062500004 0.7262905890625
3 0.255300378125 0.561278571875 0.23334435468749998 0.5663133953124999 0.18766465000000002 0.57217820625 0.1790677625 0.5779126109375 0.1690817265625 0.5837685515625 0.162360640625 0.5949439046875 0.16338802187499998 0.6066869265625 0.15922894375000002 0.61514699375 0.16332783906249998 0.62599850625 0.171748028125 0.6302441109375 0.175761628125 0.6361208109375001 0.1816114390625 0.634986234375 0.18401122812499998 0.6304167875 0.198412225 0.63102521875 0.21192520781250002 0.62548349375 0.233827159375 0.6198306140625001 0.23674482343749997 0.6251804125 0.25197139218750003 0.6232254765625 0.264140928125 0.6103278750000001 0.2611753015625 0.5844303890625 0.255300378125 0.561278571875
1 0.2951979046875 0.7253169953125 0.29587573906250003 0.709065296875 0.2897700453125 0.6952754359375 0.241312040625 0.7013833140625 0.23884369843750003 0.7171688765625001 0.24324417812500002 0.7354674171875 0.251556221875 0.7384769140625 0.2898347484375 0.7320140546875 0.2951979046875 0.7253169953125
3 0.1949402734375 0.45134428125000003 0.2001746953125 0.47517491874999995 0.2032005046875 0.48176082343750004 0.24836233437500002 0.46597677187500003 0.24226275 0.432257275 0.1980346375 0.44671406874999997 0.1949402734375 0.45134428125000003
3 0.6214162671875 0.886103046875 0.6208504296874999 0.8556361140625001 0.616111034375 0.8454634234375 0.6069193453125 0.8443992390625 0.60248990625 0.8497690390624999 0.5985348984375001 0.9005605953125 0.6017396671874999 0.9251915890625 0.62074069375 0.9303798421874999 0.6216325578124999 0.8885752609375 0.6214162671875 0.886103046875
1 0.7631287359375001 0.6339328156249999 0.768978546875 0.6327982390625 0.7750050578125001 0.6216836531250001 0.7764086875 0.609727946875 0.7340267484375 0.5492890921875 0.7269583765625 0.5604948296875001 0.721711734375 0.5765234609375 0.7631287359375001 0.6339328156249999
3 0.8705299078125 0.2975746171875 0.871696653125 0.314910503125 0.8741360359374999 0.3227932828125 0.8883519640624999 0.32528625624999996 0.8967409328124999 0.3251751 0.8996585984375001 0.3305248984375 0.9298725921875001 0.327881515625 0.9302092484375001 0.2917305671875 0.9217349875 0.2868669078125 0.873809340625 0.291059859375 0.8705299078125 0.2975746171875
1 0.9271309562500001 0.2085467734375 0.9339540765625 0.21853716093750003 0.9440025562500001 0.2213947390625 0.94749828125 0.217352196875 0.9557395109375 0.20355270937499997 0.9639182984374999 0.1810397046875 0.970845534375 0.1449324671875 0.9687240765625 0.1206840875 0.9606176046874999 0.11531333125000001 0.9478136765625 0.10896011718750001 0.9273533578125001 0.1910893515625 0.9271309562500001 0.2085467734375
1 0.6273654375 0.4901144640625 0.6374618796875 0.5135197296875 0.6423239015625 0.5130943578125 0.6548178734375 0.50390508125 0.6869198921875 0.4668433765625 0.6767153046875001 0.4422020015625 0.6723231953125001 0.4319989265625 0.6302122875 0.4786552765625 0.6273654375 0.4901144640625
1 0.40756857343749997 0.2857645953125 0.408820615625 0.30807529375 0.41687066718750004 0.3160899890625 0.4343119546875 0.3114501515625 0.4619327203125 0.30716529375 0.46673229843749997 0.298026403125 0.46261666406249996 0.2709839609375 0.4587652828125 0.266961421875 0.42625964375000003 0.2754103578125 0.4110330765625 0.27736529375 0.40756857343749997 0.2857645953125
1 0.5235380875 0.35533498125 0.52483583125 0.3701682703125 0.529042871875 0.38225588906249997 0.5354562609375 0.38356314375 0.5765359359375 0.373118509375 0.5825083734375001 0.3613858703125 0.57951989375 0.33922708749999997 0.5725657796875 0.33173929687500003 0.5260376515625 0.3439061765625 0.5235380875 0.35533498125
1 0.1632499921875 0.8091039328124999 0.12964230937500001 0.8369555999999999 0.125699521875 0.847887884375 0.128192978125 0.8563887187500001 0.1358500375 0.8719112062500001 0.1391606921875 0.8697532078125001 0.1768589015625 0.8446575875000001 0.17959760625 0.83196229375 0.17075931718749998 0.8109380890625 0.1632499921875 0.8091039328124999
1 0.1804954171875 0.098243715625 0.162041228125 0.0793063625 0.1569172125 0.08473693125000001 0.1358704640625 0.168163040625 0.1389587171875 0.1834624625 0.1540169578125 0.199583 0.162189634375 0.19699963125 0.1807513 0.11316815312499999 0.1804954171875 0.098243715625
2 0.202704140625 0.260093003125 0.2082150359375 0.26708427343749996 0.2344238 0.2666596578125 0.237193728125 0.2583211234375 0.23449846562499999 0.23551390625000002 0.2294201515625 0.23346706250000002 0.2048480484375 0.24059911875 0.202704140625 0.260093003125
2 0.1127949859375 0.0724047296875 0.1319247484375 0.0470652859375 0.1333595984375 0.0394663390625 0.128484340625 0.0305934890625 0.1055860703125 0.032596828125 0.0984770234375 0.048746014062499995 0.09864761093749999 0.058695640625 0.1057951671875 0.0723943515625 0.1127949859375 0.0724047296875
2 0.2069805 0.7447417062499999 0.2282222109375 0.7434590984375 0.2337651921875 0.72915496875 0.238552625 0.724705528125 0.236868334375 0.720246490625 0.2329653 0.7200121625 0.22969670312499998 0.712236940625 0.206691840625 0.70446101875 0.20347532343750002 0.723168 0.2069805 0.7447417062499999
2 0.2395545796875 0.762044815625 0.241523353125 0.75496298125 0.2446264953125 0.746054503125 0.23802591718750002 0.7408739859375 0.23081203125 0.7397777234375 0.2108835328125 0.7449760359375001 0.2124255859375 0.75520550625 0.217507328125 0.7726106875000001 0.23555929999999997 0.7681523484375 0.2395545796875 0.762044815625
1 0.090138865625 0.6444105796875 0.096105009375 0.6571319921875001 0.142954790625 0.6490025734375 0.1491899390625 0.6352136875000001 0.146205821875 0.615897590625 0.13898419687500002 0.6073166125 0.09838504218750001 0.616626571875 0.089652321875 0.627754971875 0.090138865625 0.6444105796875
1 0.2615562515625 0.540164628125 0.2629271953125 0.5521364671875 0.26630352031250004 0.5685392546875 0.2747517578125 0.568951728125 0.290606115625 0.5652614546875 0.3085869671875 0.563688334375 0.3146510078125 0.551641815625 0.3117880046875 0.5300119265625 0.304766353125 0.5237166515625 0.2660937171875 0.5328580609375 0.2615562515625 0.540164628125
1 0.7774412328125 0.3015620125 0.776622303125 0.3217866296875 0.7822884875 0.3310794890625 0.789752340625 0.33503288124999997 0.8126206109374999 0.33015316875 0.8327279531249999 0.330697203125 0.8376998828125 0.3135640375 0.8344946656250001 0.29541888437499997 0.8292784203125001 0.291268853125 0.7851895671875 0.2939745296875 0.7774412328125 0.3015620125
1 0.64379660625 0.3863808984375 0.64445425625 0.401294140625 0.6506415015625 0.412844609375 0.6583475796875 0.412170415625 0.6959126265625 0.382972934375 0.6947339140625 0.365802084375 0.6893599515625 0.3524530640625 0.6837514984374999 0.3512163421875 0.6490973609374999 0.3767043546875 0.64379660625 0.3863808984375
1 0.501144871875 1 0.5034798140625 0.9940333921875 0.5031679375 0.9312985656249999 0.5024891593749999 0.9198419671875 0.498057328125 0.9098653171875 0.48415061562500006 0.9099303984375 0.47971313593750003 0.918379815625 0.4810460046875 0.9890865062499999 0.4857118140625 1 0.501144871875 1
1 0.642887053125 0.9639870640625 0.6435926078125 0.95356095 0.64263855625 0.8908823078125 0.6395122 0.877336646875 0.6287663609374999 0.8765493875000001 0.6235867203125001 0.8839121390625 0.6234563984375 0.9489888484375 0.6285592671875 0.9629373859375001 0.63634420625 0.9668626859374999 0.642887053125 0.9639870640625
1 0.0975979046875 0.1827848265625 0.11739119375 0.10955899531249999 0.1149381125 0.1014844359375 0.10654618281249999 0.088748725 0.0967617140625 0.08338787187499999 0.07587682968750001 0.1541188375 0.0771812875 0.1690288453125 0.09153107499999999 0.1833156046875 0.0975979046875 0.1827848265625
1 0.1923004484375 0.6796210921875 0.19439876250000002 0.6670037484375 0.18867089374999998 0.6514445953125 0.18075474687499998 0.6474745046875 0.140387128125 0.6618857578124999 0.1387956546875 0.6703141687499999 0.139721253125 0.6842211765624999 0.1440426578125 0.6936864984375 0.150976178125 0.69307989375 0.1884168109375 0.6851416 0.1923004484375 0.6796210921875
2 0.47816952031250004 0 0.47544611249999996 0.00023826718749999997 0.478657146875 0.046349837500000005 0.4820668796875 0.055376846874999996 0.48722899999999997 0.061142101562499995 0.491176628125 0.0530256265625 0.49448247343749996 0.0475556671875 0.49225815624999997 0 0.47816952031250004 0
1 1 0.7783083421875 0.9561234390625 0.752069609375 0.95061134375 0.7672637921875001 0.9482110796875001 0.782185728125 0.9520276531249999 0.7899687515625 0.9921817624999999 0.8123284390625001 0.99885768125 0.8071785968749999 1 0.8042090671875 1 0.7783083421875
2 0.1999204390625 0.724646353125 0.203486303125 0.71314664375 0.1951419390625 0.702688940625 0.1701175265625 0.7008100234375 0.16710015625000002 0.7153129500000001 0.1684875578125 0.7279049093750001 0.1709141265625 0.732777946875 0.1920754265625 0.7329607078125 0.1999204390625 0.724646353125