1 0.1850578171875 0.18883780156250002 0.17761868281249998 0.0876616140625 0.15311727656250002 0.094568721875 0.1573926765625 0.1910506578125 0.1850578171875 0.18883780156250002
1 0.2835052984375 0 0.23766735312499998 0.0828860515625 0.25652539218750003 0.11930241718750001 0.3061849765625 0.0281942765625 0.295428471875 0 0.2835052984375 0
2 0.34375 0.196875 0.0390625 0.0390625
1 0.290625 0.48125 0.059375 0.0515625
1 0.078125 0.5140625 0.0671875 0.0625
1 0.0953125 0.5640625 0.0640625 0.0609375
1 0.2234375 0.63828125 0.0625 0.053125
1 0.08359375 0.72421875 0.06875 0.0734375
1 0.02265625 0.51171875 0.0453125 0.0703125
1 0.02890625 0.578125 0.04375 0.046875
1 0.14765625 0.6140625 0.040625 0.0421875
1 0.1765625 0.63515625 0.040625 0.0421875
1 0.271875 0.6296875 0.040625 0.0421875
0 0.23203125 0.57890625 0.13125 0.0890625
3 0.17578125 0.50703125 0.1125 0.084375
1 0.41953125 0.85 0.0421875 0.09375
1 0.453125 0.69765625 0.04375 0.09375
2 0.61171875 0.04296875 0.028125 0.0625
2 0.5265625 0.453125 0.03125 0.05625
1 0.65546875 0.5484375 0.0625 0.1
1 0.73203125 0.60390625 0.065625 0.084375
1 0.47109375 0.92578125 0.0390625 0.0875
1 0.4828125 0.96640625 0.034375 0.0671875
1 0.52109375 0.93359375 0.040625 0.0875
1 0.534375 0.97109375 0.034375 0.0578125
3 0.5078125 0.89140625 0.040625 0.0890625
1 0.88125 0.896875 0.0625 0.0703125
1 0.7456721843749999 0.9501038296875001 0.7850321953125 0.898543575 0.789354128125 0.8815782296875 0.781740171875 0.8625082640624999 0.7736365109375 0.8575338859375 0.7332465421875 0.913048928125 0.7456721843749999 0.9501038296875001
2 0.909375 0.66484375 0.0421875 0.05
2 0.8859375 0.30625 0.0453125 0.0375
1 0.96875 0.34375 0.0625 0.05625
1 0.90625 0.346875 0.0671875 0.05625
1 0.88671875 0.3984375 0.065625 0.053125
1 0.9671875 0.39375 0.065625 0.0625
1 0.94375 0.4390625 0.065625 0.05
1 0.8828125 0.471875 0.0671875 0.05625
1 0.940625 0.49375 0.065625 0.053125
1 0.98359375 0.5171875 0.0328125 0.040625
3 0.98828125 0.47109375 0.0234375 0.0484375