0 0.26471108593750003 0.9911126015624999 0.275856815625 0.9960662578124999 0.2844304546875 1 0.2887172734375 0.9987336125 0.33672964843750003 0.8114091390624999 0.33780135312500004 0.799596571875 0.335872284375 0.7912134578125001 0.3275129875 0.7847355984375 0.3223688046875 0.7797819390625 0.31786764375 0.7782577374999999 0.31208043750000003 0.7778766874999999 0.3050071859375 0.7866408515625001 0.297933934375 0.8123998718750001 0.2550657421875 0.968630615625 0.253351015625 0.9739653234375 0.253779696875 0.9796810828125 0.26471108593750003 0.9911126015624999
0 0.45684851406250004 0.9984971890625 0.478961440625 0.79964396875 0.479189409375 0.7858645515625 0.47599785156249996 0.7733009640625 0.45935616562500003 0.766005978125 0.44681790781249997 0.762358484375 0.442486509375 0.7935323921874999 0.42082951875 0.9726648328125 0.422425296875 0.9900917437500001 0.432683871875 0.9990078375 0.45684851406250004 0.9984971890625
0 0.4101704234375 0.3652156421875 0.413656290625 0.360671103125 0.43364193125000006 0.21937726875000002 0.43201519375 0.2069830734375 0.42922649843749994 0.19954655625 0.4234167203125 0.19541515625 0.4120295515625 0.1921100375 0.40621977343750004 0.193762596875 0.403431078125 0.2115276109375 0.3841426109375 0.3338170109375 0.38809326093749996 0.35901854375000003 0.399015646875 0.3643893609375 0.4101704234375 0.3652156421875
0 0.43968410156250004 0.07519145625 0.440148884375 0.0590790015625 0.433874321875 0.0483373640625 0.421557590625 0.0437928265625 0.414818246875 0.045032245312500004 0.4129591171875 0.060318420312499996 0.397853690625 0.166495365625 0.40017760312500006 0.1941757375 0.42411389374999997 0.193762596875 0.43968410156250004 0.07519145625
0 0.5398931953125 0.280914884375 0.5476342437499999 0.280594840625 0.55357505 0.2722737125 0.5719375390625 0.12207735 0.569777246875 0.108315484375 0.562216221875 0.102874746875 0.552674928125 0.1009544875 0.5492544640625 0.1047950078125 0.5454739515625 0.1289774859375 0.5294517796875 0.2323515015625 0.5271114625 0.255394625 0.5272914859375 0.2736370984375 0.5398931953125 0.280914884375
3 0.85703125 0.75 0.0859375 0.07734375
3 0.47890625 0.63671875 0.028125 0.08515625
3 0.48515625 0.196875 0.03515625 0.1234375
3 0.15390625 0.16953125 0.04375 0.0515625
3 0.290625 0.27421875 0.04453125 0.0546875
2 0.45546875 0.72265625 0.0203125 0.0625
2 0.5046875 0.5046875 0.01640625 0.05546875
2 0.5640625 0.07265625 0.0171875 0.05078125
2 0.35078125 0.25859375 0.0296875 0.0375
2 0.196875 0.1890625 0.0296875 0.03671875
2 0.22890625 0.20234375 0.02578125 0.046875
2 0.25390625 0.19140625 0.03046875 0.03984375
2 0.2125 0.084375 0.0296875 0.03671875
2 0.68671875 0.78359375 0.0359375 0.04609375
2 0.76640625 0.828125 0.03515625 0.05078125
1 0.6953125 0.74296875 0.0671875 0.06875
1 0.69140625 0.6765625 0.0546875 0.0546875
1 0.9125 0.82421875 0.0671875 0.0671875
1 0.9234375 0.5046875 0.053125 0.08125
1 0.0796875 0.14140625 0.05078125 0.0703125
1 0.0359375 0.0625 0.04609375 0.0640625
1 0.13828125 0.26640625 0.05 0.06328125
1 0.46875 0.33203125 0.0453125 0.09140625
1 0.40390625 0.41484375 0.046875 0.0828125
1 0.18984375 0.30234375 0.04921875 0.0546875