0 0.62154105 0.7455815515625 0.6269548171875 0.7496236421875 0.6568903890625 0.7619203421875 0.7938539718750001 0.8181918203125 0.8138352546875 0.8133556546875 0.8221423140624999 0.80251305 0.8277092312500001 0.7943767203125 0.8259890375 0.7895577078125 0.645008878125 0.718252459375 0.6380417281249999 0.7176456234375 0.6316546765625 0.720888746875 0.625101071875 0.7318230421874999 0.6236477218750001 0.737021765625 0.6222410390625 0.741980415625 0.62154105 0.7455815515625
0 0.862355134375 0.7955073546875 0.8555181749999999 0.8000422281249999 0.850194328125 0.8044523765625 0.847459590625 0.8089469499999999 0.845879296875 0.813247078125 0.847964103125 0.8178407828125 0.8496510203125001 0.8225665703124999 0.8528454140624999 0.825281728125 0.8607416796875 0.8287014140625001 0.9381273437500001 0.8664517453125 0.9460383109375 0.8257533499999999 0.87892090625 0.7945389546875 0.8740564984375 0.79275571875 0.8690351875 0.791779675 0.862355134375 0.7955073546875
0 0.1715264921875 0.40717076875 0.1781580953125 0.40076634375 0.1830989875 0.392401328125 0.1847083984375 0.3819899234375 0.044094198437499996 0.3315768578125 0.0306934765625 0.3280394796875 0.024326092187500002 0.32670858125 0.0189686953125 0.3542700015625 0.11841021874999999 0.39264956875 0.149073421875 0.40117438437499997 0.159591875 0.4046177796875 0.1715264921875 0.40717076875
3 0.0796875 0.3921875 0.071875 0.0375
2 0.3046875 0.95390625 0.05625 0.04375
2 0.1375 0.4109375 0.059375 0.0296875
2 0.990625 0.1890625 0.01875 0.05
2 0.9328125 0.809375 0.0375 0.034375
2 0.928125 0.73828125 0.0734375 0.040625
2 0.81171875 0.759375 0.071875 0.0359375
2 0.82109375 0.7109375 0.0703125 0.040625
1 0.26640625 0.88125 0.06875 0.065625
1 0.3015625 0.9046875 0.0703125 0.065625
1 0.33984375 0.84921875 0.071875 0.06875
1 0.4125 0.815625 0.0609375 0.0671875
1 0.13515625 0.80703125 0.0671875 0.0578125
1 0.2390625 0.946875 0.0640625 0.034375
1 0.27890625 0.6390625 0.06875 0.0625
1 0.51328125 0.37421875 0.06875 0.0625
1 0.75234375 0.3234375 0.06875 0.06875
1 0.68515625 0.328125 0.0703125 0.0703125
1 0.68125 0.14140625 0.075 0.0703125
1 0.3734375 0.14765625 0.0921875 0.06875
1 0.12421875 0.45390625 0.0875 0.0453125