2 0.25 0.76171875 0.03828125 0.0390625
2 0.17578125 0.6203125 0.04375 0.05625
2 0.296875 0.31953125 0.03359375 0.0421875
2 0.2125 0.26875 0.0390625 0.03671875
2 0.1734375 0.3140625 0.0375 0.04140625
2 0.20703125 0.29921875 0.0390625 0.03828125
2 0.0109375 0.33671875 0.021875 0.0453125
0 0.07734375 0.33671875 0.1078125 0.06640625
0 0.2515625 0.36796875 0.12265625 0.0734375
3 0.209375 0.42421875 0.1109375 0.075
1 0.13203125 0.1953125 0.05703125 0.06484375
1 0.253125 0.30390625 0.05859375 0.04375
1 0.159375 0.3578125 0.0546875 0.04609375
1 0.05546875 0.39921875 0.0609375 0.05859375
1 0.11640625 0.40546875 0.0609375 0.0609375
1 0.29140625 0.46953125 0.0515625 0.0515625
1 0.36796875 0.6140625 0.0609375 0.0515625
1 0.10625 0.8234375 0.0609375 0.09375
1 0.1375 0.890625 0.0484375 0.10234375
1 0.47421875 0.0703125 0.0296875 0.084375
1 0.5453125 0.07109375 0.028125 0.090625
1 0.5953125 0.071875 0.02734375 0.09453125
1 0.56640625 0.03203125 0.02421875 0.06328125
1 0.61796875 0.034375 0.0265625 0.06875
3 0.5765625 0.1109375 0.03125 0.084375
1 0.50625 0.3390625 0.053125 0.103125
3 0.5859375 0.6015625 0.05546875 0.05
2 0.52890625 0.9609375 0.0234375 0.078125
1 0.709375 0.653125 0.0640625 0.05703125
1 0.746875 0.73203125 0.06484375 0.05625
1 0.72890625 0.5546875 0.0640625 0.07421875
1 0.80546875 0.565625 0.06875 0.05
1 0.85625 0.63046875 0.0609375 0.04765625
1 0.91875 0.58671875 0.0625 0.04921875
1 0.94453125 0.646875 0.065625 0.04765625
0 0.9203125 0.6984375 0.1421875 0.071875
1 0.9421875 0.17578125 0.0625 0.06875
1 0.9015625 0.03828125 0.0515625 0.04921875