1 0 0.6484159421875 0.0457117484375 0.643087153125 0.0797225953125 0.6380806203125 0.08303225 0.6325966000000001 0.079265284375 0.61797263125 0.06635257812499999 0.6144671703125 0 0.62357548125 0 0.6484159421875
1 0.1690033859375 0.6645408921875 0.16256215000000002 0.652888378125 0.1439759875 0.65191431875 0.074225546875 0.6660798875 0.07314696875 0.667437728125 0.0728808546875 0.67251550625 0.0808438609375 0.683964896875 0.0867831 0.6859734015625001 0.0963273453125 0.6864735937499999 0.163521790625 0.6730226921875 0.1690033859375 0.6645408921875
0 0 0.753865715625 0.1219595625 0.72600485 0.170508728125 0.7127078890625 0.173981009375 0.7041207843749999 0.161822296875 0.6862282859375 0.15549900156250002 0.6819366671875 0.1322440375 0.6835466625 0 0.711128396875 0 0.753865715625
1 0.686837121875 1 0.687395990625 0.9994751125000001 0.6652948578125 0.9598460390625 0.6589715625 0.95555441875 0.637548503125 0.9606549031249999 0.627634653125 0.9672071796875 0.6431467078125 0.9980047265625 0.6455212859375 1 0.686837121875 1
1 0.6005841546874999 0.9259043515625001 0.612817453125 0.9231509906250001 0.621697078125 0.9171102609374999 0.5976014140625 0.877093784375 0.587200353125 0.8737199515625 0.5666784625 0.8808477781249999 0.5634870796875 0.8840750078124999 0.5905227953125001 0.92565993125 0.6005841546874999 0.9259043515625001
1 0.5853099765625001 0.8521224921874999 0.6012074203125 0.8467324234375001 0.603497634375 0.8414778515625001 0.595106553125 0.81897395625 0.589094059375 0.79914058125 0.5780428265625 0.7985614109375 0.55407855625 0.8040944609375 0.5526599421875 0.811940575 0.563533096875 0.8351402968749999 0.568393425 0.848124325 0.5771987968750001 0.8531117703125 0.5853099765625001 0.8521224921874999
2 0.5554488203125 0.9125068421875 0.560664303125 0.9091028171875 0.57198165 0.9046042109375 0.5587887125 0.8872232578125001 0.541281459375 0.8752736750000001 0.517006721875 0.8867307984374999 0.5489629015624999 0.9113183078124999 0.5554488203125 0.9125068421875
2 0.5199010890625 0.9276162749999999 0.5326662843750001 0.9243250421875 0.5248218859375 0.901001178125 0.5116138296875 0.8935200078125 0.4860538671875 0.9006666734375001 0.500975221875 0.9235128046875 0.5143163359375 0.9284550859375 0.5199010890625 0.9276162749999999
1 0.6020467890625001 0.9268296265625 0.610749003125 0.92417408125 0.6227313031249999 0.9165987140625 0.6032597546875 0.8844621640625 0.590775790625 0.8727758390625 0.5780401625 0.8755028749999999 0.561507334375 0.8834055062499999 0.5874940390625001 0.9257840749999999 0.6020467890625001 0.9268296265625
1 0.557891871875 0.7601660359375 0.5702138765625 0.75572008125 0.5559137890625 0.7114081203125 0.5416715078125 0.7044384953125 0.5161706828125 0.710456765625 0.518637640625 0.721052375 0.5407092062500001 0.7612456453124999 0.557891871875 0.7601660359375
3 0.538418659375 0.7761179015625 0.5388769671875 0.767372840625 0.5227298593749999 0.729470171875 0.5128459109375 0.7258405671875 0.5063747734375 0.7243699343750001 0.4897092203125 0.7251937703125 0.47230479062499997 0.7305048625 0.4865608578125 0.7660454375 0.49480442968749994 0.7817526359375 0.5037872109375 0.7833548968749999 0.538418659375 0.7761179015625
3 0.706241809375 0.7552114171875 0.7287730140625001 0.7481888953125 0.723720825 0.7292544671875001 0.715225921875 0.718342946875 0.70003811875 0.710192275 0.6930055171875 0.7098237125 0.6730598765625 0.7155673703125001 0.7012628734375 0.7541018625 0.706241809375 0.7552114171875
1 0.819673071875 0.9455896484374999 0.8382004328124999 0.9380744203125 0.8081063921875 0.8971778359375 0.7942925171875 0.8916450296875 0.7753958875 0.8965950453125 0.7719679578124999 0.904335853125 0.7959752499999999 0.9364272390625 0.8081195109375001 0.9449841515624999 0.819673071875 0.9455896484374999
2 0.9187050890625 0.9686007312499999 0.9024686093750001 0.9516260203125 0.8896002562499999 0.9472742609375 0.8813119984375 0.9420310421875 0.8762591437499999 0.9423319812500001 0.87373238125 0.952100134375 0.8838522109375001 0.9704515234375 0.90073919375 0.9750138906249999 0.9187050890625 0.9686007312499999
2 0.4203149328125 0.6941182359375 0.41145109062499996 0.67102381875 0.40125700625 0.6637006046875 0.3737764359375 0.6690493734375 0.3990544984375 0.696115634375 0.4203149328125 0.6941182359375
1 0.4661017671875 0.6662503546874999 0.48659408906249996 0.6596867265624999 0.47026957031250005 0.6251692421875 0.45617546249999996 0.605760946875 0.41903237187500003 0.6128663140625 0.42409934531250004 0.6315186421875 0.44990897500000004 0.6676647140624999 0.4661017671875 0.6662503546874999
1 0.37517014375 0.5271198953125 0.3884820203125 0.5230086921875 0.39879471093749996 0.5184574343749999 0.3806382875 0.4804494609375 0.373266315625 0.467333803125 0.359201109375 0.466596678125 0.3369212359375 0.4688235203125 0.3576921265625 0.5242237984375 0.37517014375 0.5271198953125
1 0.43280488906250003 0.5326862671875 0.44973655937499996 0.526784653125 0.43421038593750005 0.47703383906249996 0.42578907031249996 0.47432950781249994 0.39590034375 0.4775719546875 0.41238682187500003 0.52822171875 0.43280488906250003 0.5326862671875
1 0.30065307343750003 0.382343596875 0.309694990625 0.3828174640625 0.32414458437500004 0.3762200234375 0.3050134046875 0.32797751875 0.2982617015625 0.322249078125 0.2720666859375 0.3222906234375 0.2600104640625 0.33127648593750003 0.282214753125 0.37854855 0.30065307343750003 0.382343596875
1 0.5305297734375001 0.3307443765625 0.5253149578125 0.314913034375 0.5094632 0.280986075 0.49758471875000004 0.2769690671875 0.48446503593749995 0.2774129890625 0.472187384375 0.281012646875 0.4895901484375 0.323789971875 0.4976566421875 0.333264671875 0.5305297734375001 0.3307443765625
2 0.6378269390625 0.5997228531250001 0.6496022625 0.59609686875 0.637901525 0.57907699375 0.6261117515625 0.57336739375 0.61673013125 0.5697641140624999 0.6076290765625 0.5704186421874999 0.604260284375 0.57703105625 0.611011321875 0.6019948625 0.6378269390625 0.5997228531250001
2 0.8236179828125 0.5146971109375 0.81218269375 0.511834825 0.7801072421875 0.518357153125 0.76759304375 0.5264703921875 0.7939799203125 0.5323792484375 0.8250063609374999 0.5266505625 0.8236179828125 0.5146971109375
1 0.9082450906249999 0.5338416546875 0.8775439015625001 0.5333641671875 0.8398984796875 0.5404432078125 0.834933996875 0.5486692375 0.8384943187499999 0.5576249046874999 0.8448915328125001 0.56050603125 0.85443578125 0.5610062234375001 0.9124108968750001 0.5504666406250001 0.9082450906249999 0.5338416546875
1 0.8246821078125001 0.5040036859375 0.8183443625000001 0.49037648125000005 0.759113590625 0.4960414078125 0.7417830828125 0.49994200468749994 0.746008025 0.5154385968749999 0.7574728796875 0.517736684375 0.823337415625 0.5104393046875 0.8246821078125001 0.5040036859375
1 0.8965752546875001 0.47778685000000004 0.8911974796875001 0.4746762765625 0.81824120625 0.482733490625 0.8210922203125 0.4956122140625 0.8297053953125 0.5042669453124999 0.9022480453125 0.49449081406250006 0.8965752546875001 0.47778685000000004
0 1 0.438889721875 0.9125177156250001 0.4523151203125 0.9098730140625 0.45472237812499994 0.909281646875 0.46600632812500004 0.9158115875 0.475966246875 0.922844190625 0.4763348109375 0.9557616734375 0.47296821875 1 0.46706343125 1 0.438889721875
2 1 0.48353805625 0.9992720796875 0.478925859375 0.9816905734375 0.4780044515625 0.9489649531250001 0.48732144218749995 0.9410604171875001 0.493979021875 0.9585236484375 0.4971572203125 0.9675359984374999 0.49819528437500005 1 0.49115770625 1 0.48353805625
2 1 0.3758414203125 0.9752227671875 0.3803569890625 1 0.39287782656250003 1 0.3758414203125
1 0.2490871140625 0.25112025625 0.26889969687500004 0.24791548749999998 0.27099805 0.23671051406250002 0.2468291328125 0.1788691671875 0.219038425 0.1805243265625 0.201604428125 0.18639961562500001 0.22862469375 0.2475020046875 0.2490871140625 0.25112025625
1 0.22608186406250003 0.09443044843750001 0.23986650156249997 0.090909765625 0.2457469375 0.08442898125000001 0.2093447203125 0.029340996875000004 0.1847897484375 0.026922631250000002 0.1662476046875 0.0347199578125 0.203550990625 0.0918352875 0.22608186406250003 0.09443044843750001
1 0.4173333921875 0.18394098125 0.453294415625 0.180168146875 0.42668744218750004 0.130402359375 0.4187980234375 0.1271601578125 0.399207203125 0.126133446875 0.3807981171875 0.131391884375 0.41489566875 0.1823988578125 0.4173333921875 0.18394098125
2 0.47223906250000003 0.0685773234375 0.4786366109375 0.0618407671875 0.4660941765625 0.0320474703125 0.4464737875 0.031584956250000004 0.4314775125 0.0390023671875 0.4445370609375 0.06853989218749999 0.47223906250000003 0.0685773234375
1 0.7481590546875 0.26294525156250004 0.771680465625 0.24663979687499998 0.7214781609375 0.21458995781249998 0.702567078125 0.2102043875 0.6761499671875 0.224095096875 0.737979421875 0.264957621875 0.7481590546875 0.26294525156250004
1 0.7206808140625001 0.20097023906249997 0.750688146875 0.18585331875 0.723134653125 0.1637595328125 0.70440098125 0.155988778125 0.69473879375 0.1481276921875 0.67730513125 0.14438529687499999 0.6585707921874999 0.15584990625 0.6814998390625 0.17968145156249998 0.715125628125 0.2012448515625 0.7206808140625001 0.20097023906249997