0 0.3241630296875 0.6491664625 0.32752325937500004 0.6364269640625 0.32427013125 0.6088336203125 0.3214628234375 0.5991228140625 0.3177432171875 0.59496785 0.209758021875 0.6074022546875 0.20153835468749998 0.6285320296875 0.20261892656249997 0.6408830078125 0.204791484375 0.656125375 0.20672291562499998 0.6654149890625 0.210763296875 0.6700397078125 0.23121555625 0.667254725 0.3140119265625 0.6610066234375 0.3241630296875 0.6491664625
3 0.2271574984375 0.5441502375 0.15645046093749998 0.5543188671875 0.151245240625 0.558756828125 0.1471320078125 0.5660861796875001 0.1341553875 0.571204053125 0.13224434375 0.5813276593750001 0.13244224375 0.5867863734375 0.12907521718749998 0.5930547984375 0.130963428125 0.601850371875 0.1337889484375 0.6085726609375001 0.1395992875 0.6110512453125 0.14353500624999999 0.6176764046875001 0.1574489390625 0.6104852453125 0.171499334375 0.6112472765625 0.18210767187500002 0.6078300640625 0.2055879734375 0.6012954171875 0.2071736265625 0.6066327203124999 0.222500315625 0.6028027046875 0.230801809375 0.5985916734375001 0.23598201875 0.5906711546875 0.23298822656249998 0.56604204375 0.2271574984375 0.5441502375
3 0.6304419375 0.8747316656249999 0.6310329390625 0.8595531843750001 0.630154428125 0.840111621875 0.6258796546875 0.83511805 0.6209581921875 0.8321329000000001 0.6149128125 0.8351016046874999 0.6121744312499999 0.8382689453125 0.6086129687499999 0.8946959937500001 0.6114203640625 0.9173845249999999 0.629569828125 0.9211642187500001 0.6317486453125001 0.8834006343749999 0.6304419375 0.8747316656249999
3 0.713713775 0.55124789375 0.758013615625 0.5844571609375 0.7627768046875001 0.57623306875 0.7654237875 0.565754315625 0.7668376078125 0.5568473328125 0.76496894375 0.55115529375 0.7219446359374999 0.516858509375 0.713713775 0.55124789375
2 0.55703125 0.021875 0.0203125 0.04375
2 0.54296875 0.0515625 0.025 0.065625
2 0.51328125 0.1515625 0.0234375 0.0625
2 0.853125 0.1921875 0.040625 0.0375
2 0.48828125 0.45390625 0.0234375 0.0578125
2 0.34140625 0.534375 0.0359375 0.0375
2 0.31640625 0.6765625 0.034375 0.034375
2 0.05859375 0.67734375 0.040625 0.0390625
1 0.46875 0.34296875 0.0359375 0.1015625
1 0.51484375 0.49296875 0.0375 0.1
1 0.4796875 0.5890625 0.0328125 0.0921875
1 0.5140625 0.72734375 0.0359375 0.0921875
1 0.5390625 0.57421875 0.040625 0.103125
1 0.0953125 0.6109375 0.0625 0.0515625
1 0.2609375 0.6984375 0.0609375 0.05625
1 0.4875 0.85078125 0.0328125 0.0953125
1 0.52578125 0.8828125 0.034375 0.0859375
1 0.45 0.89375 0.03125 0.084375
1 0.64375 0.9109375 0.0328125 0.09375
1 0.59140625 0.9171875 0.034375 0.0921875
1 0.5453125 0.1796875 0.04375 0.1109375
1 0.484375 0.1484375 0.0375 0.1109375
1 0.93515625 0.21015625 0.0640625 0.0484375
1 0.94609375 0.259375 0.0734375 0.059375
1 0.8734375 0.23359375 0.0625 0.0515625
1 0.94375 0.36953125 0.065625 0.0515625
1 0.87265625 0.284375 0.065625 0.0484375
1 0.86640625 0.51796875 0.05625 0.04375
1 0.97734375 0.64140625 0.0453125 0.1015625
1 0.98046875 0.78203125 0.0390625 0.0671875
1 0.6546875 0.3984375 0.0515625 0.0953125