1 0.8328125 0.1171875 0.1109375 0.06875
2 0.78203125 0.26484375 0.046875 0.0453125
2 0.60234375 0.16953125 0.065625 0.0484375
1 0.540625 0.03046875 0.0734375 0.059375
1 0.66796875 0.578125 0.065625 0.065625
1 0.35546875 0.57890625 0.103125 0.0578125
1 0.21875 0.53046875 0.1046875 0.04375
1 0.46640625 0.31328125 0.059375 0.065625
1 0.38984375 0.06171875 0.065625 0.065625
1 0.38046875 0.10625 0.003125 0.0015625
1 0.40078125 0.1296875 0.0703125 0.0671875
3 0.41796875 0.22578125 0.08125 0.1140625
0 0.32109375 0.0796875 0.078125 0.1171875
0 0.35546875 0.26953125 0.08125 0.1375
1 0.346875 0.17109375 0.059375 0.0640625
1 0.2890625 0.26953125 0.05 0.0625
2 0.29765625 0.18359375 0.040625 0.04375
2 0.284375 0.22109375 0.05 0.0375
2 0.25234375 0.228125 0.046875 0.040625
2 0.30625 0.31796875 0.05625 0.0359375
1 0.0453125 0.58046875 0.090625 0.03125
1 0.0484375 0.6359375 0.096875 0.028125
3 0.0828125 0.61484375 0.09375 0.0296875
1 0.49140625 0.66953125 0.0890625 0.06875
1 0.5484375 0.759375 0.0734375 0.0625
1 0.634375 0.78828125 0.08125 0.0765625
1 0.675 0.87265625 0.05625 0.0734375
1 0.60078125 0.9609375 0.059375 0.078125
1 0.56953125 0.9875 0.0609375 0.025
1 0.68828125 0.9875 0.078125 0.025
2 0.728125 0.8953125 0.04375 0.05
3 0.61328125 0.86640625 0.053125 0.0640625
2 0.66796875 0.7234375 0.059375 0.05625
2 0.97578125 0.5640625 0.0484375 0.03125
1 0.1546875 0.9875 0.06875 0.025