0 0.18814524999999999 0.38919309687500003 0.1989326671875 0.40611453593749997 0.3058550109375 0.4106269203125 0.30871050312500004 0.3965257203125 0.30997961093750004 0.3733997546875 0.3068068421875 0.361554746875 0.29443303906249996 0.3480175953125 0.20020177499999997 0.34688949999999996 0.190683465625 0.34858164375 0.1884625265625 0.36945141875 0.18814524999999999 0.38919309687500003
3 0.218462228125 0.410681109375 0.21709854375 0.41601463125000004 0.186279278125 0.41019624375 0.17591527812500002 0.40825678125 0.1663694875 0.40728705156249995 0.15546001250000002 0.4053475890625 0.151368959375 0.41310543749999995 0.1459142234375 0.4169843609375 0.1440050640625 0.429106 0.1480961171875 0.43734871406250003 0.1500052765625 0.45092494843750003 0.1584601171875 0.45286441093749996 0.164460328125 0.45868279687499997 0.1723696984375 0.46789524374999997 0.242735809375 0.46983470625 0.24655412656250003 0.44995521875 0.247917809375 0.4228027484375 0.2432812828125 0.413590303125 0.2342809671875 0.411165975 0.218462228125 0.410681109375
3 0.568175890625 0.157043709375 0.5726443031249999 0.157654775 0.58123740625 0.1582658390625 0.5863932671875001 0.15154412343749998 0.5836434734375 0.1185466140625 0.584674646875 0.1112138328125 0.5798625093750001 0.072105671875 0.5602702374999999 0.0769941921875 0.5609576859375001 0.09838146875 0.568175890625 0.157043709375
2 0.26875 0.77734375 0.034375 0.034375
2 0.50234375 0.39921875 0.0171875 0.0515625
2 0.8328125 0.753125 0.0359375 0.03203125
2 0.08359375 0.3375 0.034375 0.03515625
2 0.17109375 0.3265625 0.0328125 0.034375
2 0.20546875 0.3140625 0.03359375 0.03515625
2 0.296875 0.33203125 0.03359375 0.03046875
2 0.5296875 0.9703125 0.0203125 0.059375
1 0.08671875 0.41171875 0.05625 0.04140625
1 0.13359375 0.36953125 0.05390625 0.04140625
1 0.25078125 0.31796875 0.05390625 0.0390625
1 0.2890625 0.48359375 0.0484375 0.03984375
1 0.471875 0.2015625 0.0265625 0.07890625
1 0.471875 0.0421875 0.02734375 0.084375
1 0.54140625 0.078125 0.02578125 0.08359375
1 0.59296875 0.08046875 0.02421875 0.08515625
1 0.7984375 0.4203125 0.0515625 0.04296875
1 0.9328125 0.73828125 0.06015625 0.03984375
1 0.94140625 0.6890625 0.06796875 0.04609375
1 0.928125 0.58359375 0.05859375 0.04453125
1 0.92265625 0.640625 0.0609375 0.04140625
1 0.82421875 0.65546875 0.05859375 0.05234375
1 0.7078125 0.42734375 0.053125 0.065625
1 0.85390625 0.20625 0.04609375 0.0796875
1 0.14921875 0.9421875 0.053125 0.08828125
1 0.1984375 0.8953125 0.05078125 0.1171875
1 0.1109375 0.80234375 0.04296875 0.0984375
1 0.12734375 0.21015625 0.053125 0.06171875
1 0.89921875 0.04453125 0.046875 0.04609375