0 0.766184584375 0.7541451625 0.7607634421875 0.7493242484375 0.7546052375000001 0.7483358250000001 0.7493209203125 0.7526753875 0.741842590625 0.7588597359375 0.7377072453125 0.7661714234375 0.7362936734375001 0.77290458125 0.7376953234375 0.7794988218750001 0.7411698906249999 0.7861119296875 0.8205698328125001 0.9430310765625001 0.8614210890624999 0.9343478734374999 0.8601518625000001 0.9322068546875 0.7853828984375 0.7872821609375 0.7766359359375 0.7716812171874999 0.766184584375 0.7541451625
0 0.32421875 0.078125 0.0671875 0.1078125
3 0.54296875 0.56328125 0.071875 0.0765625
2 0.82578125 0.34765625 0.04375 0.053125
2 0.76484375 0.46328125 0.0390625 0.0484375
2 0.6921875 0.52734375 0.0421875 0.05625
2 0.428125 0.21171875 0.0296875 0.059375
2 0.36953125 0.4421875 0.0390625 0.05
2 0.2203125 0.62109375 0.040625 0.046875
2 0.51484375 0.6953125 0.04375 0.053125
1 0.828125 0.284375 0.0609375 0.06875
1 0.9171875 0.20859375 0.065625 0.071875
1 0.5078125 0.53203125 0.065625 0.065625
1 0.3921875 0.4921875 0.06875 0.0734375
1 0.2671875 0.74453125 0.0734375 0.0734375
1 0.13046875 0.925 0.0796875 0.0828125
1 0.4640625 0.93359375 0.078125 0.0953125
1 0.67265625 0.41875 0.0671875 0.0703125
1 0.5484375 0.3171875 0.065625 0.071875
1 0.43203125 0.1359375 0.046875 0.084375
1 0.41484375 0.2296875 0.0421875 0.08125
1 0.640625 0.0171875 0.0375 0.034375
1 0.5765625 0.4875 0.065625 0.065625
1 0.2921875 0.80390625 0.0796875 0.0875
1 0.16171875 0.6296875 0.06875 0.0734375
1 0.24921875 0.06640625 0.0421875 0.053125
1 0.665625 0.21171875 0.065625 0.071875
1 0.73515625 0.8078125 0.05625 0.103125