0 0.698253140625 0.6860991796875 0.6834284859374999 0.684356121875 0.6573520140625 0.6870251406250001 0.6420801078125 0.6955805500000001 0.6657814171875 0.8025772468750001 0.6852378140625001 0.8105999374999999 0.704127709375 0.8084847265624999 0.7231632796875 0.8040086984375 0.727645096875 0.799500015625 0.721960425 0.7767307234375 0.708676053125 0.6961370734375001 0.698253140625 0.6860991796875
0 0.7466363140625 0.866916634375 0.7269584171875 0.8706177437499999 0.7123041375 0.8732309703125001 0.7051073375 0.8770007937500001 0.7216280453125 0.96818614375 0.7263770968750001 0.970377953125 0.7801264781249999 0.9618648875 0.7796028359375 0.9569583125 0.7639093031249999 0.8808372859375 0.7574860296875 0.8730880937500001 0.7466363140625 0.866916634375
3 0.59042025625 0.756682375 0.6058583015625 0.8272717484375001 0.6157946328125 0.8328817109375001 0.6141698390625 0.8394248093750001 0.6228365328125001 0.8437392546875 0.6278688328124999 0.8486293312500001 0.6390494984374999 0.8486544171875 0.647346209375 0.8506328875 0.65716474375 0.8487784640625 0.664685715625 0.8424987875 0.6649379046874999 0.8373703734375001 0.6729676015625 0.834302665625 0.662764259375 0.823646521875 0.6642817296875 0.8063448359375001 0.6562119046875 0.7923575578125 0.649478909375 0.7733694 0.6559510109375 0.7705483875 0.6518035390625 0.7544432609375 0.6449928765624999 0.7450457015625 0.6359815015625 0.7452756765624999 0.6039761515625 0.7515421124999999 0.59042025625 0.756682375
3 0.89464643125 0.362512159375 0.87938730625 0.36325518125 0.8584508390625001 0.3657342984375 0.85386081875 0.37120368125000003 0.8530028281250001 0.378313684375 0.8577790765625 0.38341545312499997 0.9199557609375001 0.3813786375 0.941246809375 0.3780064671875 0.941219171875 0.3590412640625 0.9027432093750001 0.3603928625 0.89464643125 0.362512159375
3 0.34921875 0.240625 0.0484375 0.0625
2 0.2390625 0.27265625 0.0375 0.0421875
2 0.03515625 0.559375 0.0640625 0.028125
2 0.275 0.81484375 0.0390625 0.040625
2 0.52578125 0.984375 0.0484375 0.03125
2 0.75234375 0.81796875 0.0390625 0.0390625
2 0.75859375 0.78125 0.0421875 0.0390625
2 0.790625 0.7703125 0.0328125 0.0390625
2 0.72265625 0.6921875 0.0375 0.0359375
2 0.403125 0.4140625 0.0546875 0.0390625
1 0.66875 0.890625 0.053125 0.065625
1 0.6859375 0.94921875 0.0625 0.0625
1 0.70625 0.840625 0.0546875 0.0625
1 0.74765625 0.73515625 0.0484375 0.0625
1 0.57109375 0.72421875 0.0515625 0.05625
1 0.16796875 0.88359375 0.1265625 0.0703125
1 0.165625 0.9484375 0.10625 0.0625
1 0.37578125 0.59921875 0.05625 0.0625
1 0.29609375 0.25390625 0.05 0.065625
1 0.34921875 0.1453125 0.0625 0.075
1 0.25859375 0.10859375 0.059375 0.0703125
1 0.1515625 0.08046875 0.0984375 0.075
1 0.36484375 0.0765625 0.0578125 0.075
1 0.365625 0.328125 0.078125 0.075
1 0.46953125 0.35234375 0.071875 0.0625
1 0.940625 0.3984375 0.0921875 0.0421875
1 0.9296875 0.34765625 0.096875 0.040625
1 0.73203125 0.46953125 0.09375 0.0546875
1 0.5734375 0.42421875 0.0921875 0.065625
1 0.88984375 0.47421875 0.0875 0.0421875