2 0.73984375 0.7125 0.05 0.0421875
1 0.4625 0.73515625 0.0609375 0.0625
1 0.7072867640625 0.955186184375 0.7159025437500001 0.9605356890625 0.7369673203125 0.9725259046874999 0.7637480078125 0.9819332828125 0.7801857859375 0.9887583390625 0.7944137687499999 0.9922629093750001 0.8084881390625 0.9825775015625 0.8122016656250001 0.9751983671875 0.7940546890625 0.9662518999999999 0.768327046875 0.9588737187499999 0.7502319234375 0.9495582984375 0.721241440625 0.9368304359374999 0.7072867640625 0.955186184375
1 0.9438430390624999 0.8955007734375 0.9386815234375 0.8846168953125 0.9234363625 0.869305934375 0.910313275 0.86746160625 0.88793424375 0.8695837953125001 0.8094511000000001 0.8852667328124999 0.8279411671875 0.91081596875 0.8441376125 0.9145971890625001 0.8801064046875 0.9109987593750001 0.9438430390624999 0.8955007734375
3 0.39765625 0.84921875 0.09375 0.121875
0 0.34453125 0.7640625 0.0890625 0.140625
1 0.35625 0.9375 0.05625 0.06875
1 0.33984375 0.97578125 0.0640625 0.0203125
1 0.30546875 0.93515625 0.0515625 0.065625
1 0.28203125 0.7515625 0.053125 0.0671875
2 0.2796875 0.83515625 0.0453125 0.0453125
2 0.27265625 0.79921875 0.0484375 0.040625
2 0.30390625 0.70546875 0.0515625 0.04375
1 0.1134831109375 0.8811385156249999 0.1398489734375 0.8934975125 0.159655240625 0.8906375046875 0.1948002296875 0.850051796875 0.17000593749999998 0.8360324734375 0.14900899843749998 0.8330815453125 0.1134831109375 0.8811385156249999
1 0.3725809234375 0.5134708140625001 0.366627575 0.48441614218750007 0.2660963953125 0.4808221203125 0.2624148421875 0.5070177359375 0.30320011406249997 0.511997253125 0.3725809234375 0.5134708140625001
1 0.5180417140625 0.5211218421875 0.5104130859375 0.4944654046875 0.4164434484375 0.491793546875 0.41257241718750004 0.5145763750000001 0.43325823750000003 0.5197410171875 0.5180417140625 0.5211218421875
1 0.0637876203125 0.49678576874999997 0.155960340625 0.5074823625 0.15216493281250001 0.4821171265625 0.06600130781249999 0.471512578125 0.0637876203125 0.49678576874999997
2 0.9982817296875 0.5471895390625 0.969619334375 0.5454580015625 0.9644760953124999 0.5654283546875 0.99511329375 0.5697341312499999 0.9982817296875 0.5471895390625
2 0.788295403125 0.5263706609375001 0.849628871875 0.5327330796874999 0.8513758812500001 0.5107804578125 0.7912849390625001 0.5098600234374999 0.788295403125 0.5263706609375001
1 0.5925996062500001 0.41910457812499996 0.67799948125 0.458948490625 0.705336509375 0.4405923109375 0.6159997109375001 0.4001951 0.5925996062500001 0.41910457812499996
1 0.4701716421875 0.29993746718750003 0.5222094046875 0.3486372734375 0.5629627015625001 0.334800309375 0.5012900359375 0.2832414453125 0.4701716421875 0.29993746718750003
3 0.07858556875 0.37244891875 0.0656001078125 0.37438632968749996 0.080464365625 0.397168553125 0.127517996875 0.40039535312499996 0.16711259843749998 0.39956393281249997 0.1667355890625 0.3784415203125 0.1245343015625 0.3740154765625 0.07858556875 0.37244891875
1 0.0342084078125 0.369222034375 0.0676722765625 0.373925075 0.13049154375 0.374476471875 0.1351902765625 0.36008724375 0.12496900468750001 0.351878421875 0.04060035 0.347545978125 0.0342084078125 0.369222034375
1 0.124875446875 0.4049150828125 0.072520728125 0.40131950468750005 0.029541650000000003 0.40242774531250003 0.0299705125 0.42318120625000005 0.128878265625 0.4288045078125 0.124875446875 0.4049150828125
1 0.0128251078125 0.3737812078125 0.0095261640625 0.397254409375 0.0744373390625 0.40196510781250006 0.07718554062500001 0.382410634375 0.049990028125 0.375954875 0.0128251078125 0.3737812078125
1 0.067610275 0.321995271875 0.020627453125 0.318264634375 0.0170585703125 0.3436585640625 0.07135382968750001 0.347729459375 0.085789225 0.349758221875 0.0839104265625 0.32503858750000003 0.067610275 0.321995271875
2 0.45546875 0.1765625 0.046875 0.046875
2 0.51796875 0.01953125 0.0515625 0.0390625
1 0.65703125 0.15078125 0.0640625 0.0734375
1 0.65625 0.0859375 0.0625 0.071875
1 0.646875 0.0328125 0.0515625 0.040625
1 0.71171875 0.1 0.059375 0.071875
1 0.73984375 0.1625 0.0625 0.0734375
1 0.7875 0.1640625 0.05625 0.071875
1 0.76328125 0.0859375 0.053125 0.0765625
1 0.815625 0.10234375 0.0546875 0.0734375
2 0.8265625 0.19921875 0.04375 0.0484375
2 0.8265625 0.05625 0.0515625 0.0359375
3 0.69765625 0.04140625 0.053125 0.0421875
1 0.207014421875 0 0.2302218515625 0.0457382125 0.27584348125 0.040110240625 0.2495732984375 0 0.207014421875 0
1 0.1047073203125 0.148495025 0.1809646828125 0.1200833625 0.161748675 0.0996994578125 0.135398796875 0.096748703125 0.08065690156250001 0.12442177031249999 0.1047073203125 0.148495025