0 0.68951465625 0.8728866 0.6773236890625001 0.873522628125 0.6441629984375 0.879437628125 0.6433166703125 0.88726148125 0.653632528125 0.9789261296875 0.66695221875 0.9873034921875 0.715701725 0.9830384625 0.7159824546875 0.9829432078125 0.7149731484374999 0.9714067953125 0.7078332484375001 0.8897973671875 0.68951465625 0.8728866
0 0.647028025 0.675969740625 0.6307026265625 0.673092578125 0.601912621875 0.6764724671875 0.5900954703125 0.6813812390625 0.6048956453125001 0.7980557140625 0.6249696921875 0.80878526875 0.6477950484375 0.807218853125 0.6710435671874999 0.8017405109375 0.6722009140625 0.7887229078125 0.662656621875 0.6883798546875 0.647028025 0.675969740625
0 0.21703056406250001 0.0632685609375 0.22759002343749998 0.053086078125000005 0.23045323281250002 0.036733579687500004 0.2279143828125 0.0240741 0.2276879359375 0.0219143 0.1641425515625 0.0274738 0.165987840625 0.052437321875 0.1752443125 0.060081034374999995 0.1899377953125 0.064431221875 0.21703056406250001 0.0632685609375
3 0.31631421249999997 0.363740775 0.325291075 0.36818855 0.34940320625 0.3656764640625 0.3552358671875 0.358725371875 0.35219651406249997 0.34852497968749996 0.34688534375 0.312357596875 0.3063335671875 0.3151003171875 0.31149374375 0.3577217109375 0.31631421249999997 0.363740775
3 0.8814904453124999 0.34529061250000004 0.8678566828125 0.34487321249999997 0.8479009468750001 0.3458140125 0.8397978593750001 0.351353540625 0.8383662546874999 0.359529790625 0.8423716625000001 0.3644125125 0.9078743953125 0.368745515625 0.929925803125 0.36721881875 0.9336502125000001 0.34435017343749996 0.8906532515625001 0.3436838703125 0.8814904453124999 0.34529061250000004
3 0.5284735265625 0.743276771875 0.5396341 0.8205070734375 0.550893021875 0.826953453125 0.5475771625 0.8321978265625001 0.54747515 0.838222653125 0.558958984375 0.840048959375 0.5643838156250001 0.8445286203125001 0.574434628125 0.8443570421875 0.581108128125 0.8487274578124999 0.59300121875 0.8480408234375 0.5994694796875 0.8428745296875 0.6008816109375 0.8374428343749999 0.610655896875 0.8341105609374999 0.6038693312500001 0.8212569984375 0.5980659640625 0.8196414656250001 0.603080315625 0.8050477046875001 0.600500634375 0.7971342359375 0.59692791875 0.7850611265625 0.5909291453125001 0.7668304921875 0.5963945390625 0.76458295 0.5954826234375 0.746968903125 0.5885018703125 0.7390866015625 0.5830463140625 0.7342557515625 0.5574485765625 0.7364952640625 0.5284735265625 0.743276771875
1 0.6066526953125 0.45687875 0.6212125125 0.4420610984375 0.61696996875 0.43384349999999994 0.6078837125 0.43067439687500003 0.5411364296875 0.40612298906250005 0.5302638953125001 0.4093865734375 0.515388584375 0.420598115625 0.5135162609374999 0.42604732187499994 0.5228032875 0.431511221875 0.5837511921874999 0.45690034687500003 0.6066526953125 0.45687875
1 0.86194059375 0.47499973906250004 0.8695631531249999 0.4620162609375 0.8653186265624999 0.45640526406250004 0.8539599609374999 0.45528760312500005 0.7947137765625001 0.45026579843750003 0.785523203125 0.45247747812499994 0.7811271234375 0.46658628750000003 0.7858702875 0.4707460484375 0.8471012437500001 0.4770018203125 0.86194059375 0.47499973906250004
2 0.7147887390625 0.8382965890625 0.71654855 0.8157464890625 0.7103236171875 0.8085924296875 0.7008197125 0.806624396875 0.699189953125 0.8022177671874999 0.6917812828125001 0.8028659421875 0.6891197015625 0.80799795625 0.681862946875 0.8103825359375 0.676641865625 0.8360349734374999 0.6944756609375 0.8407736328125001 0.7147887390625 0.8382965890625
2 0.698420646875 0.8005353749999999 0.7202115703125 0.800728553125 0.7261120125 0.7970628750000001 0.72521996875 0.7726451453125 0.71559453125 0.7692879859375 0.71263884375 0.7639475421874999 0.7020824609375 0.7641712265625 0.6951903046875 0.7707231859375 0.6904845296875 0.780933196875 0.68614335625 0.795310584375 0.698420646875 0.8005353749999999
2 0.747303790625 0.761964571875 0.7397128203125 0.76052905625 0.7336701859375 0.755458684375 0.7250267359375 0.7562148890625 0.7255432500000001 0.7621186734375 0.7217684234374999 0.768747840625 0.72698219375 0.7927874703125 0.7417691515625 0.7911438375000001 0.7572038796875 0.7897934734375001 0.7578006125 0.782392534375 0.7552289734375 0.76722018125 0.747303790625 0.761964571875
2 0.68609600625 0.6738856796875 0.677796496875 0.6714623359375 0.67125800625 0.6678351046875 0.663818953125 0.6681359984374999 0.6624529171875 0.6738545453125 0.659204328125 0.6793878531249999 0.665187403125 0.7051098734375 0.673830853125 0.7043536703125 0.6904092109375 0.70185343125 0.6943359546875 0.696960671875 0.6916124 0.6800519109375001 0.68609600625 0.6738856796875
2 0.30549255625 0.7393786125 0.31926714375 0.7332743374999999 0.3192768703125 0.72627469375 0.3090328375 0.7016253375 0.2965331375 0.7009692234375 0.2752891125 0.707027109375 0.2771923203125 0.714559271875 0.2913934796875 0.7346631484375 0.30549255625 0.7393786125
2 0.185863653125 0.801285909375 0.201885390625 0.7995342484375 0.2081601578125 0.793036303125 0.20829020781250002 0.7660795765625 0.1973996109375 0.7624831640624999 0.1727951921875 0.7656855921875 0.17031590937500002 0.7729012921875 0.1765821578125 0.7947492015625001 0.185863653125 0.801285909375
1 0.34622076874999996 0.23731936875 0.35494112968749997 0.24167379375000003 0.371345128125 0.23853284375 0.38910575625 0.23356741875 0.3882911875 0.22425686093750002 0.388340065625 0.216150103125 0.367567021875 0.1693526109375 0.3547397359375 0.17004840625 0.3336734265625 0.17189147031250002 0.327679653125 0.181371234375 0.346343696875 0.2300590234375 0.34622076874999996 0.23731936875
1 0.17897736718749999 0.110797490625 0.14734087812500002 0.11313887812500001 0.142814815625 0.1220637859375 0.146184165625 0.1605756359375 0.14984825468750002 0.176460034375 0.1646245859375 0.180711078125 0.18561684375 0.1780215984375 0.19164763906249999 0.16896504375000002 0.19068496875000002 0.157961659375 0.18588493281250001 0.120427871875 0.17897736718749999 0.110797490625
1 0.3057121859375 0.5586095640625001 0.33096650156249996 0.5571717890625 0.3411882984375 0.5485605734375001 0.3397035421875 0.5394301640625 0.33135379375 0.49887513281249996 0.3228499296875 0.49576066250000006 0.298309853125 0.4975217953125 0.2904090015625 0.5012997984374999 0.2990937546875 0.545683984375 0.3057121859375 0.5586095640625001
1 0.49679594531250004 0.7320919265625 0.5043557765625 0.7365626578125 0.53468931875 0.7331756546875 0.5352826015625001 0.725058971875 0.5341367921875 0.7119623046875 0.5269996484374999 0.6825270953125 0.5066003234374999 0.6802794140625 0.4894245546875 0.6850813265625 0.49128076875 0.6988490015625 0.4934450765625 0.7235871484375 0.49679594531250004 0.7320919265625
1 0.6110673531249999 0.92440264375 0.6264376421875 0.9210243703125001 0.633171709375 0.9153513468750001 0.6230723968749999 0.8687854749999999 0.612681153125 0.8602047031250001 0.5960855265625 0.8633512546875 0.578980225 0.8675591718750001 0.576098734375 0.875945459375 0.5920304703125 0.9203064375000001 0.6008726796875 0.9249556374999999 0.6110673531249999 0.92440264375
1 0.6630542328125 0.8161434484375001 0.65122224375 0.81175581875 0.6368124515625 0.8123386640625 0.6264317984375001 0.8176528734374999 0.6246873640625 0.8252618343749999 0.6332670703125001 0.8682324828124999 0.6445305296875 0.873008775 0.6646844640625 0.8692119859374999 0.673898634375 0.8643387562499999 0.6724473 0.8546369171875 0.6657014765625 0.825740659375 0.6630542328125 0.8161434484375001
1 0.133855871875 0.8530355625 0.1258193328125 0.845155275 0.0386716109375 0.824486303125 0.0272886265625 0.8235747640625 0.02643009375 0.82392781875 0.02935560625 0.8573665796875 0.090816921875 0.8714245421875001 0.09883469375000001 0.8726305 0.111789878125 0.8721328749999999 0.133855871875 0.8530355625
1 0.089930315625 0.96464783125 0.0974335875 0.9728926765624999 0.11310147343750002 0.97756208125 0.12156970781250001 0.9774570125 0.184467615625 0.9341236453124999 0.18804370937499998 0.9233199624999999 0.1767523640625 0.9169960484375 0.1597330921875 0.9162597171875 0.148984946875 0.9226044171875 0.0981865703125 0.9556600124999999 0.089930315625 0.96464783125
1 0.706057178125 0.702461734375 0.686211715625 0.7035747765625 0.6758117265625 0.7113400078125001 0.6794912046875 0.753396634375 0.6826912796875 0.7646461203125 0.704186021875 0.7633887875 0.7219222734375 0.7571629640624999 0.720100928125 0.7426767859375001 0.716602175 0.7090177328125 0.706057178125 0.702461734375
1 0.957269575 0.3202428125 0.9268201546875 0.3206699890625 0.8877556171875 0.321105290625 0.87545310625 0.32441842187500003 0.87287659375 0.33284544843749997 0.876187209375 0.340384615625 0.88170793125 0.34288401875 0.9505318 0.3417091171875 0.9616807062499999 0.3403609125 0.9713199593749999 0.33690798593750004 0.9714701515625 0.3234740296875 0.957269575 0.3202428125
1 0.9732942484375 0.3772928578125 0.9016957 0.3762782453125 0.8862504203125001 0.378778796875 0.8808660578125 0.38729471718749997 0.8821738937499999 0.3944589703125 0.8920685015625001 0.3985734515625 0.9702262078125001 0.39671568437500004 0.978790365625 0.3856230375 0.9732942484375 0.3772928578125
1 0.26498560000000004 0.119813825 0.2824094203125 0.12130827500000001 0.298629875 0.11586405468750001 0.3037905078125 0.1066914828125 0.29967483437500003 0.0664650078125 0.2959878421875 0.058401928125 0.2807855390625 0.05503599218750001 0.2630902859375 0.0572549796875 0.2549998609375 0.0670193015625 0.26023153125 0.11318580781250001 0.26498560000000004 0.119813825