0 0.646614153125 0.30887296875 0.645214340625 0.3149685140625 0.6468100234375 0.32215950625 0.6566369984375 0.340576509375 0.664931728125 0.3414798375 0.674523834375 0.3406406359375 0.8611708828125 0.286572140625 0.8646305562500001 0.2819254015625 0.858962303125 0.272375678125 0.85207553125 0.2599460203125 0.8326165859374999 0.25296034375 0.7087434015625 0.2898621859375 0.646614153125 0.30887296875
0 0.86172206875 0.2707767125 0.8699452171875001 0.28743350625 0.8807476937500001 0.2949050234375 0.889907340625 0.2946466640625 0.8974395875000001 0.29235865781250003 0.9811063843750001 0.26221451562500003 0.977222471875 0.21782118281249999 0.8875037484374999 0.250601871875 0.8668961515625 0.25810637812500004 0.8635779140625001 0.2643697640625 0.86172206875 0.2707767125
0 0.2574868078125 0.49763977031250006 0.257221278125 0.5000890140625 0.3087357953125 0.5953181984375 0.34458873749999996 0.5937988140625 0.371285571875 0.586341559375 0.373768109375 0.5818114515625 0.319779140625 0.4857205265625 0.29130274218749996 0.48929011562499997 0.2574868078125 0.49763977031250006
0 0.133501934375 0.6124904046874999 0.088009821875 0.6216144578125 0.010585898437500001 0.6428278390625 0.0135940609375 0.6772113015625 0.1542808078125 0.6406792078125 0.15321387343749998 0.6284840875000001 0.14263834375 0.6122626296875 0.133501934375 0.6124904046874999
3 0.353125 0.49921875 0.06875 0.05
3 0.7 0.63984375 0.0703125 0.0703125
3 0.04765625 0.61875 0.0703125 0.0328125
0 0.925 0.9234375 0.1359375 0.09375
1 0.66796875 0.9359375 0.0828125 0.0703125
1 0.60703125 0.9453125 0.0828125 0.06875
2 0.79921875 0.70625 0.053125 0.0421875
2 0.65625 0.47734375 0.053125 0.0390625
2 0.54765625 0.3421875 0.053125 0.040625
2 0.4234375 0.14765625 0.053125 0.0390625
2 0.37421875 0.1625 0.05625 0.040625
2 0.00703125 0.37421875 0.0140625 0.0328125
2 0.10703125 0.60546875 0.0578125 0.0234375
1 0.259375 0.05546875 0.0625 0.053125
1 0.24765625 0.10234375 0.0703125 0.059375
1 0.3171875 0.1265625 0.0671875 0.0578125
1 0.340625 0.20078125 0.078125 0.0625
1 0.39140625 0.28984375 0.06875 0.0640625
1 0.4609375 0.396875 0.06875 0.065625
1 0.36875 0.44296875 0.0640625 0.059375
1 0.5109375 0.51796875 0.0703125 0.06875
1 0.43984375 0.56875 0.06875 0.0609375
1 0.66015625 0.659375 0.0703125 0.065625
1 0.2078125 0.846875 0.046875 0.05625
1 0.09921875 0.5609375 0.0875 0.0390625
3 0.259375 0.24765625 0.0671875 0.0546875
1 0.365625 0.11015625 0.0703125 0.0625
1 0.44140625 0.23125 0.0796875 0.06875
1 0.53203125 0.471875 0.0671875 0.0609375
2 0.99140625 0.52109375 0.0171875 0.0390625
2 0.871875 0.3109375 0.0734375 0.03125
2 0.18828125 0.0421875 0.06875 0.0390625