0 0.3399884265625 0.7849794234374999 0.3113425921875 0.7644032921874999 0.303240740625 0.7736625515625 0.24971064843750002 0.968106996875 0.27430555624999997 0.9897119343749999 0.2870370375 0.992798353125 0.3399884265625 0.7849794234374999
1 0.384259259375 0.863683128125 0.3718171296875 0.8626543218749999 0.36805555624999997 0.8688271609375 0.3535879625 0.96399176875 0.3770254625 0.9747942390625 0.3926504625 0.8775720171874999 0.384259259375 0.863683128125
1 0.04609375 0.19921875 0.0515625 0.0625
1 0.11640625 0.178125 0.04921875 0.0625
1 0.084375 0.10859375 0.04609375 0.059375
1 0.165625 0.16953125 0.0453125 0.05078125
1 0.18046875 0.21796875 0.05703125 0.065625
1 0.1625 0.27734375 0.05390625 0.06640625
1 0.2625 0.26796875 0.053125 0.05625
1 0.2625 0.32890625 0.04609375 0.0609375
1 0.34609375 0.38203125 0.05 0.059375
1 0.36953125 0.328125 0.05 0.0578125
1 0.246875 0.18046875 0.05 0.06015625
2 0.390625 0.29453125 0.03125 0.0421875
2 0.35078125 0.26328125 0.03125 0.0484375
2 0.32109375 0.225 0.03046875 0.04296875
2 0.2984375 0.246875 0.03203125 0.0390625
2 0.31796875 0.2859375 0.03125 0.0375
2 0.134375 0.11015625 0.028125 0.03984375
3 0.23984375 0.2109375 0.0421875 0.05390625
0 0.45385497968750005 0.9811514390625 0.4598729453125 0.9731274828125 0.49322251093749997 0.7783236765625 0.49121652187500003 0.76807084375 0.48720454375 0.7604926640625 0.479932834375 0.7551433609375 0.47391486718750003 0.7511313828125 0.46689390625 0.7506856078124999 0.46463716875000005 0.762275765625 0.4621296828125 0.769853946875 0.430535359375 0.9499471671874999 0.43178910156250006 0.9677781796874999 0.4463325203125 0.9798141125000001 0.45385497968750005 0.9811514390625
0 0.41644689843749993 0.20247021250000002 0.42382634843749994 0.2042194140625 0.43120579687499994 0.20159561093749997 0.4442428234375 0.0699681078125 0.443504878125 0.050726878125 0.43809328281250004 0.044167368750000005 0.42899196249999993 0.042418165625 0.423580365625 0.0419808640625 0.41890671562500004 0.050726878125 0.40390183593750006 0.17142186406249998 0.4048857625 0.18891389218750002 0.407099596875 0.19897180781249998 0.41644689843749993 0.20247021250000002
3 0.44765625 0.71875 0.0359375 0.1390625
3 0.59921875 0.91484375 0.0765625 0.09765625
3 0.45625 0.37109375 0.04453125 0.05546875
2 0.48125 0.71015625 0.01875 0.06328125
2 0.49765625 0.73671875 0.01796875 0.0625
2 0.5046875 0.66875 0.0203125 0.06328125
2 0.684375 0.77890625 0.03359375 0.04375
2 0.7203125 0.79921875 0.034375 0.04140625
2 0.74375 0.78046875 0.03203125 0.059375
2 0.69453125 0.821875 0.034375 0.04765625
2 0.81640625 0.72578125 0.0359375 0.0390625
2 0.86328125 0.8578125 0.0375 0.04296875
2 0.74765625 0.6421875 0.03359375 0.04140625
2 0.5078125 0.34375 0.0296875 0.0390625
2 0.4671875 0.34140625 0.02890625 0.0375
1 0.6921875 0.7390625 0.06796875 0.06796875
1 0.6890625 0.6734375 0.05703125 0.05703125
1 0.79921875 0.6671875 0.059375 0.06015625
1 0.86953125 0.746875 0.05625 0.0640625
1 0.78984375 0.7625 0.0640625 0.05859375
1 0.76953125 0.84140625 0.05859375 0.04609375
1 0.440625 0.41484375 0.05390625 0.05546875
1 0.4859375 0.57109375 0.025 0.09765625
1 0.82734375 0.30390625 0.04921875 0.0796875