0 0.7305947515625 0.4182172890625 0.72545729375 0.4284293453125 0.7207702890625 0.45401624687500003 0.7217730421875 0.46949844843750005 0.8302253046875 0.4880315515625 0.844260703125 0.470376709375 0.84669135625 0.4652438421875 0.8485048171875 0.45591439375 0.8501579421875001 0.4429867484375 0.8510373187500001 0.4355140390625 0.8482312890625 0.4278345359375 0.82503460625 0.42332555781250003 0.746246315625 0.4069915125 0.7305947515625 0.4182172890625
3 0.79758331875 0.545383615625 0.8758906015625 0.5509230625 0.884110240625 0.5484441890625 0.892892365625 0.544545921875 0.8984764953125 0.536458996875 0.9019366765625 0.52897836875 0.9058435296875 0.52362286875 0.907656990625 0.5142934234375 0.9058601203125001 0.5073196546875 0.9009950312499999 0.5043356734375 0.8991128984375001 0.49632618125 0.88627376875 0.5004549968750001 0.8773516765625 0.497701565625 0.8704479031250001 0.4963596078125 0.8588393765625 0.49563186875 0.834231384375 0.4954347453125 0.8348244265625 0.4894351046875 0.817778140625 0.4886695234375 0.8091016453125001 0.49055001875000004 0.8012981234375 0.49973426718749997 0.7971328640625 0.5300087718750001 0.79758331875 0.545383615625
3 0.49704778593750004 0.1147967375 0.492304703125 0.1301075625 0.48793300312500004 0.1465378546875 0.49081646875 0.1544292796875 0.49515018906249997 0.1578898609375 0.5024406359375 0.1582597046875 0.5054954421875 0.1546643921875 0.5237602921875 0.10009086874999999 0.5279776968750001 0.07839420312499999 0.510317178125 0.0707722375 0.4974715015625 0.1080718015625 0.49704778593750004 0.1147967375
2 0.10703125 0.71171875 0.0421875 0.0375
2 0.38515625 0.97734375 0.025 0.021875
2 0.55859375 0.6984375 0.0359375 0.0625
2 0.90625 0.4234375 0.04375 0.046875
2 0.8421875 0.39296875 0.0421875 0.0453125
2 0.746875 0.3921875 0.0375 0.0375
2 0.60859375 0.18125 0.0296875 0.059375
2 0.284375 0.38515625 0.040625 0.0484375
2 0.19921875 0.4125 0.040625 0.04375
1 0.0265625 0.67421875 0.053125 0.0546875
1 0.0296875 0.621875 0.059375 0.0625
1 0.0484375 0.57578125 0.06875 0.0515625
1 0.0984375 0.62109375 0.0703125 0.0578125
1 0.121875 0.10625 0.0671875 0.071875
1 0.34921875 0.93203125 0.04375 0.096875
1 0.4171875 0.75859375 0.046875 0.10625
1 0.47578125 0.565625 0.0515625 0.1125
1 0.3484375 0.5640625 0.0609375 0.1015625
1 0.54765625 0.3640625 0.0421875 0.096875
1 0.7234375 0.546875 0.059375 0.053125
1 0.94375 0.5171875 0.0671875 0.05625
1 0.98125 0.46953125 0.0375 0.0484375
1 0.678125 0.0671875 0.0375 0.084375
1 0.6265625 0.20625 0.0453125 0.09375
1 0.5859375 0.184375 0.0453125 0.0984375
1 0.546875 0.084375 0.04375 0.09375
1 0.4953125 0.07578125 0.0421875 0.0953125
1 0.84296875 0.91328125 0.0578125 0.1109375
1 0.7328125 0.959375 0.075 0.08125