1 0.636441646875 0.03207739375 0.6175629296875 0.130855396875 0.620423340625 0.1440936859375 0.6350114421875 0.1486761703125 0.640732265625 0.14562118125 0.6475972546875 0.11150712812500001 0.6570366125 0.056008146875 0.6576086953125 0.0448065171875 0.6521739125 0.0361507125 0.636441646875 0.03207739375
1 0.6759153312499999 0.14052953125 0.670766590625 0.14052953125 0.669336384375 0.1415478609375 0.6513157890625 0.2113034625 0.6513157890625 0.23014256562500002 0.6627574375 0.23727087500000002 0.6716247140625 0.2321792265625 0.6887871859375 0.16496945000000002 0.6887871859375 0.155295315625 0.6870709374999999 0.1491853359375 0.6759153312499999 0.14052953125
0 0.7370105984374999 0 0.683924084375 0.2011201625 0.6810636734375 0.22454175156249997 0.6850682499999999 0.231160896875 0.7025167625 0.2443991859375 0.7113840390624999 0.2413441953125 0.7274027453125 0.19297352343750002 0.7743129859375 0.0280040734375 0.7731688218749999 0.021384928125 0.749427403125 0.0050916500000000005 0.7401861609375 0 0.7370105984374999 0
1 0.9350686500000001 0.754582484375 0.9739702515625 0.779022403125 0.9776887875 0.7754582484375 0.9834096109375 0.76680244375 0.9871281468750001 0.750509165625 0.9748283750000001 0.7342158859375 0.944508009375 0.7169042765625 0.9373569796875 0.7265784109375 0.9310640734375 0.7479633406249999 0.9350686500000001 0.754582484375
1 0.9007437078124999 0.69959266875 0.9041762015625 0.6873727093750001 0.9044622421874999 0.677189409375 0.86384439375 0.647657840625 0.8604119000000001 0.65071283125 0.8521167046875 0.6710794296875 0.8549771171874999 0.6817718937499999 0.894164759375 0.708248471875 0.9007437078124999 0.69959266875
1 0.791475971875 0.63289205625 0.78346681875 0.6339103875000001 0.77660183125 0.657841140625 0.77660183125 0.6690427703124999 0.7963386734375 0.6761710796875 0.8186498859375 0.6858452140625 0.82408466875 0.6838085546875 0.830377575 0.668024440625 0.8318077796875001 0.6598778000000001 0.8272311218749999 0.65071283125 0.8143592671875 0.645112015625 0.791475971875 0.63289205625
2 0.892162471875 0.6344195515625 0.868993134375 0.6008146640625001 0.8561212812500001 0.6247454171875 0.8672768874999999 0.64307535625 0.8841533187499999 0.657331975 0.8893020593750001 0.6461303468749999 0.8930205953125 0.641038696875 0.892162471875 0.6344195515625
2 0.9113272312499999 0.6003054984375 0.9070366125 0.5865580453125 0.8847254 0.570264765625 0.8761441640625 0.5957230140625 0.883009153125 0.60947046875 0.9061784890625001 0.6186354374999999 0.910183065625 0.6059063140625 0.9113272312499999 0.6003054984375
1 0.9018878718750001 0.6975560078124999 0.9050343249999999 0.688900203125 0.904748284375 0.6741344203125 0.8632723109375 0.64562118125 0.8544050343749999 0.6619144609375 0.850972540625 0.6746435843749999 0.8621281468750001 0.6878818734375 0.893592678125 0.709266803125 0.9018878718750001 0.6975560078124999
1 0.7408466812500001 0.6181262734375 0.7013729984375 0.5936863546875 0.6907894734375 0.5906313640625 0.683352403125 0.6160896124999999 0.689645309375 0.630855396875 0.7336956515625 0.647657840625 0.73884439375 0.63543788125 0.7408466812500001 0.6181262734375
3 0.707093821875 0.5646639515625 0.705377575 0.5814663953125 0.7065217390625 0.5880855390625 0.7096681921875 0.5982688390625001 0.7471395875 0.616598778125 0.7560068656250001 0.616598778125 0.7651601828125 0.581975559375 0.76401601875 0.572810590625 0.74856979375 0.563645621875 0.7133867281249999 0.5473523421875 0.707093821875 0.5646639515625
3 0.7176773453124999 0.8075356421875 0.725972540625 0.7851323828125001 0.7251144171874999 0.7800407328125 0.6876430203125 0.749490834375 0.6807780328125 0.7693482687500001 0.6807780328125 0.776476578125 0.688215103125 0.7922606921875001 0.6987986265624999 0.8014256625 0.7176773453124999 0.8075356421875
1 0.9038901609375 0.9282077390625 0.9124713953124999 0.9098778 0.9124713953124999 0.8981670062499999 0.9044622421874999 0.88543788125 0.8732837531250001 0.85947046875 0.8652746 0.8625254578125 0.8592677343749999 0.8813645625 0.864130434375 0.8956211812499999 0.9038901609375 0.9282077390625
2 0.935166721875 1 0.9379290625 0.9933808546874999 0.9342105265624999 0.976069246875 0.9161899312499999 0.9648676171874999 0.9061784890625001 0.9669042765625001 0.9056064078125001 0.9719959265625 0.9104691078125 0.98065173125 0.9141876437500001 0.9938900203125 0.9199421187500001 1 0.935166721875 1
2 0.6793478265624999 0.492871690625 0.6824942796875 0.4714867609375 0.6564645312499999 0.44450101875000003 0.6495995421874999 0.47199592656249995 0.6564645312499999 0.482688390625 0.6793478265624999 0.492871690625
1 0.6510297484375 0.521384928125 0.6158466812500001 0.49338085468750004 0.5972540046875 0.487270875 0.5881006859375 0.52443991875 0.6069794046875 0.5397148671875 0.64101830625 0.5580448062500001 0.64874141875 0.5376782078125 0.6510297484375 0.521384928125
1 0.508009153125 0.451629328125 0.5128718531249999 0.4383910390625 0.510869565625 0.4205702640625 0.45594965624999995 0.3966395109375 0.45251716249999996 0.4190427703125 0.45251716249999996 0.4332993890625 0.465389015625 0.441446028125 0.5028604125 0.46181262656250005 0.508009153125 0.451629328125
1 0.4568077796875 0.4867617109375 0.459096109375 0.49541751562499997 0.5085812359374999 0.5137474546874999 0.515446225 0.4969450109375 0.5120137296875 0.476069246875 0.46167048125 0.456720978125 0.4568077796875 0.4867617109375
1 0.37042334062500004 0.36456211875 0.37042334062500004 0.3553971484375 0.3675629296875 0.3365580453125 0.32093821562499997 0.3116089609375 0.3112128140625 0.32331975625 0.309782609375 0.349796334375 0.315217390625 0.35692464375 0.3629862703125 0.3788187375 0.37042334062500004 0.36456211875
1 0.2903318078125 0.5789205703125 0.30606407343750003 0.58503055 0.310354690625 0.5519348265625 0.3012013734375 0.543279021875 0.2588672765625 0.5234215890625 0.25457665937499996 0.5356415484375 0.25343249375 0.5488798375 0.2568649890625 0.561099796875 0.2903318078125 0.5789205703125
2 0.568077803125 0.7194501015625 0.5723684203125 0.7077393078124999 0.57608695625 0.6807535640625 0.5512013734375001 0.672606925 0.544336384375 0.6756619140625 0.5431922203124999 0.684826884375 0.5463386734375 0.69450101875 0.5514874140625 0.706720978125 0.568077803125 0.7194501015625
2 0.4914187640625 0.8350305499999999 0.4825514875 0.847250509375 0.4742562921875 0.8793279015625 0.476544621875 0.891038696875 0.488558353125 0.89307535625 0.4959954234375 0.86201629375 0.4914187640625 0.8350305499999999
1 0.4925629296875 0.9465376781250001 0.4914187640625 0.977596740625 0.508009153125 0.982688390625 0.5217391296875 0.9246435843749999 0.5217391296875 0.9149694500000001 0.519164759375 0.90835030625 0.5102974828125 0.9042769859374999 0.5017162468749999 0.9088594703125 0.4925629296875 0.9465376781250001
1 0.4722540046875 0.89052953125 0.48312357031250003 0.8243380859375 0.481407321875 0.8126272906249999 0.4659610984375 0.8075356421875 0.4610983984375 0.82484725 0.452231121875 0.8844195515625 0.4656750578125 0.8915478609375 0.4722540046875 0.89052953125
1 0.4573798625 0.8874745421875 0.44450800937499996 0.8839103875 0.4324942796875 0.9572301421875 0.435354690625 0.9628309578125 0.4519450796875 0.9694501015625001 0.4656750578125 0.8966395109375 0.4573798625 0.8874745421875
1 0.237888896875 0.2754452015625 0.17753420625 0.244895303125 0.1706692171875 0.2622069125 0.167522765625 0.2902109859375 0.224731003125 0.31770589375 0.23617265 0.3161783984375 0.24046326875 0.296320965625 0.237888896875 0.2754452015625
1 0.0818077796875 0.24185336093749998 0.0260297484375 0.2011201625 0.017162471874999998 0.21945010156250003 0.0183066359375 0.2443991859375 0.0720823796875 0.28411405312500004 0.07894736875 0.2785132390625 0.08323798593750001 0.264765784375 0.0818077796875 0.24185336093749998
1 0.1621853546875 0.46028513281250005 0.11241418750000001 0.4231160890625 0.10612128125 0.441446028125 0.10612128125 0.4613034625 0.10898169375 0.4694501015625 0.1578947375 0.4989816703125 0.16361556093750002 0.4628309578125 0.1621853546875 0.46028513281250005
2 0.008009153125 0.4842158859375 0.0074370703125 0.5040733203125 0.0368993140625 0.5183299390625 0.04405034375 0.512219959375 0.045480548437500004 0.4842158859375 0.016304348437499998 0.4694501015625 0.008009153125 0.4842158859375
1 0.1750572078125 0.752545825 0.178489703125 0.7718940937500001 0.2082379859375 0.8243380859375 0.225972540625 0.8014256625 0.22854691093750001 0.7912423625 0.19050343281249998 0.7265784109375 0.1750572078125 0.752545825
1 0.1201373 0.7515274953125 0.1270022890625 0.7708757640624999 0.1478832953125 0.7998981671875 0.164759725 0.7703665984375 0.1653318078125 0.764765784375 0.145308925 0.7296334015625 0.1224256296875 0.7051934828124999 0.1098398171875 0.723523421875 0.112700228125 0.7413441953125 0.1201373 0.7515274953125