0 0.40113589843749997 0.8164998296875 0.4011211921875 0.8249355265625 0.40621281875 0.8282542890625001 0.42519505625000004 0.8279993453125 0.4454467609375 0.8235851140625 0.461534903125 0.8125963390625 0.443474715625 0.701652834375 0.4255598546875 0.7022817781249999 0.40361094375000006 0.70558975625 0.39014807500000004 0.714429003125 0.3855175546875 0.725084109375 0.40113589843749997 0.8164998296875
3 0.48565805781250004 0.8864944546875 0.49689313906250004 0.8856253109375001 0.5053992359375 0.8805117671874999 0.5122696953125 0.8773544875000001 0.5176092859375 0.8711314265625001 0.520020053125 0.865146821875 0.5193593875 0.8585918875 0.5288831453125 0.84801735625 0.5200277109375 0.77813895 0.49780008281250004 0.7784445921875001 0.47119813906249997 0.782023328125 0.46334785937499995 0.7964724203125 0.46485449218749997 0.8134412796875001 0.47003693125 0.814751284375 0.4713961078125 0.8336919765624999 0.46704994062500005 0.8483571281250001 0.4757597890625 0.864055865625 0.47114294375 0.8687616046875 0.47017282031249996 0.874492184375 0.47390976875 0.8788368296875 0.47826954062500004 0.883905584375 0.48565805781250004 0.8864944546875
3 0.080393690625 0.50210005625 0.139659390625 0.48447435 0.14126010312499998 0.476155471875 0.13621351875 0.47073082343749995 0.1285354671875 0.46777933281250006 0.0987799078125 0.475896265625 0.09079734218749999 0.4770167859375 0.05186619375 0.488186734375 0.061006746875 0.505231475 0.080393690625 0.50210005625
3 0.447170990625 0.31270912968750003 0.39247247343749997 0.2841950984375 0.38070403124999996 0.2886184296875 0.36963834375000004 0.2970272609375 0.36587773281249997 0.3023868328125 0.41951188593750005 0.3307950125 0.447170990625 0.31270912968750003
2 0.4328125 0.9890625 0.053125 0.021875
2 0.36796875 0.7265625 0.0375 0.0359375
2 0.5015625 0.67578125 0.0359375 0.0359375
2 0.6125 0.48359375 0.05625 0.028125
2 0.69375 0.08515625 0.0390625 0.04375
2 0.89921875 0.38359375 0.06875 0.0296875
1 0.72890625 0.4734375 0.10625 0.0484375
1 0.91640625 0.4109375 0.1125 0.0484375
1 0.87109375 0.35546875 0.1171875 0.053125
1 0.57265625 0.46640625 0.1 0.04375
1 0.4875 0.5296875 0.1 0.0421875
1 0.4625 0.46875 0.1015625 0.046875
1 0.3296875 0.53359375 0.0921875 0.0421875
1 0.215625 0.59296875 0.096875 0.04375
1 0.165625 0.56640625 0.0890625 0.0421875
1 0.08046875 0.61875 0.0921875 0.040625
1 0.153125 0.6484375 0.084375 0.0390625
1 0.0671875 0.525 0.0921875 0.040625
1 0.059375 0.4734375 0.0921875 0.040625
1 0.38984375 0.20546875 0.0515625 0.059375
1 0.61015625 0.3421875 0.1015625 0.05625
1 0.60546875 0.02578125 0.0578125 0.0515625
1 0.65546875 0.02265625 0.0515625 0.0453125
1 0.603125 0.090625 0.053125 0.065625
1 0.65 0.078125 0.05 0.065625
1 0.50234375 0.0453125 0.053125 0.065625
1 0.559375 0.04140625 0.0515625 0.06875
1 0.20859375 0.090625 0.1078125 0.0671875
1 0.4890625 0.925 0.05 0.0640625
1 0.365625 0.7953125 0.0625 0.0640625
1 0.94453125 0.721875 0.1109375 0.075
1 0.9546875 0.78359375 0.090625 0.0609375