0 0.3038872203125 0 0.3008645765625 0.0026366875 0.3222102203125 0.140716915625 0.33387997187499996 0.207582671875 0.34213062031249997 0.21437561249999998 0.35224755 0.21315980625000003 0.3644840921875 0.20396187656250003 0.3708611640625 0.1895898125 0.34197770625 0 0.3038872203125 0
0 0.47096500625 0 0.49169733125 0.18145969374999998 0.49299815156250004 0.18985136875 0.4963550453125 0.191660946875 0.5178904 0.1788712578125 0.52343538125 0.1624585671875 0.5066002000000001 0 0.47096500625 0
3 0.4734375 0.2484375 0.0515625 0.146875
0 0.3706491375 0.8956658140625 0.37526383124999996 0.9896438406250001 0.4051890078125 0.992789103125 0.402610590625 0.8645384328124999 0.389604309375 0.861379903125 0.3774396859375 0.8645801375 0.3706491375 0.8956658140625
3 0.890625 0.4609375 0.05625 0.0671875
3 0.4265625 0.66640625 0.0515625 0.0609375
1 0.01328125 0.8453125 0.0265625 0.071875
1 0.115625 0.81015625 0.0625 0.071875
1 0.1609375 0.678125 0.059375 0.0640625
1 0.1671875 0.7453125 0.05625 0.0625
1 0.328125 0.7140625 0.053125 0.05625
1 0.34765625 0.66875 0.0625 0.071875
1 0.44765625 0.58125 0.059375 0.0640625
1 0.52890625 0.59765625 0.0609375 0.0640625
1 0.56640625 0.54140625 0.0578125 0.0546875
2 0.19921875 0.7953125 0.0359375 0.04375
2 0.5359375 0.63359375 0.0390625 0.04375
2 0.6234375 0.59375 0.0359375 0.0421875
2 0.765625 0.54453125 0.034375 0.040625
2 0.9125 0.49140625 0.0375 0.046875
2 0.84296875 0.309375 0.0421875 0.04375
1 0.96484375 0.209375 0.0703125 0.08125
1 0.8015625 0.275 0.0703125 0.065625
1 0.90078125 0.29296875 0.0640625 0.0671875
1 0.82265625 0.365625 0.0671875 0.06875
1 0.7 0.353125 0.065625 0.065625
1 0.628125 0.34765625 0.075 0.0921875
1 0.71796875 0.15078125 0.0640625 0.0546875
1 0.49921875 0.36953125 0.0359375 0.1046875
1 0.2578125 0.74375 0.053125 0.0609375
2 0.5078125 0.21953125 0.028125 0.0671875