1 0.7393564875 0.9254167015625001 0.742415765625 0.9344962328124999 0.7899001265625001 0.9848503718750001 0.8286098562499999 0.975543184375 0.7738731171875 0.916264196875 0.7393564875 0.9254167015625001
1 0.8010586890625 0.9376794953124999 0.81049829375 0.9385037671875001 0.902401396875 0.9233415859375 0.8735544359375 0.8960312828125 0.78325169375 0.912729025 0.8010586890625 0.9376794953124999
2 0.9255546906250001 0.9241758609374999 0.9533200562499999 0.91075894375 0.9552163124999999 0.8953151765625 0.93922558125 0.8856825921875 0.9298065125000001 0.8895475546875 0.8990580859374999 0.9068623421875 0.9255546906250001 0.9241758609374999
1 0.8621905234374999 0.896309796875 0.87738309375 0.898844740625 0.9563418828125 0.8774064812500001 0.9254491343750001 0.852188346875 0.836098853125 0.8756983437500001 0.8621905234374999 0.896309796875
1 0.794755315625 0.877317303125 0.8081450578125 0.879965653125 0.9062260171875 0.8581971796874999 0.8779260093750001 0.8312887999999999 0.7683596578125 0.8543251671875 0.794755315625 0.877317303125
2 0.72734375 0.79140625 0.0421875 0.0390625
1 0.590625 0.67265625 0.0609375 0.065625
3 0.52734375 0.8296875 0.05625 0.053125
1 0.44375 0.97890625 0.065625 0.0421875
1 0.43671875 0.7125 0.053125 0.0578125
1 0.346875 0.878125 0.059375 0.0625
1 0.3328125 0.93828125 0.0625 0.065625
1 0.30859375 0.83046875 0.05625 0.0625
1 0.26640625 0.728125 0.05 0.0609375
1 0.13828125 0.83828125 0.075 0.0640625
3 0.38359375 0.7875 0.084375 0.1109375
0 0.3265625 0.73828125 0.090625 0.1328125
0 0.2765625 0.91171875 0.08125 0.1171875
1 0.04921875 0.47265625 0.0953125 0.0359375
1 0.30078125 0.503125 0.1046875 0.0515625
1 0.28359375 0.46796875 0.0984375 0.053125
1 0.69375 0.45859375 0.046875 0.0609375
1 0.5328125 0.33046875 0.090625 0.06875
2 0.7171875 0.2921875 0.040625 0.0421875
2 0.7703125 0.3265625 0.0421875 0.0421875
2 0.7609375 0.09765625 0.0390625 0.046875
2 0.66640625 0.23671875 0.0484375 0.0453125
1 0.7484375 0.19765625 0.0578125 0.071875
1 0.628125 0.1 0.059375 0.06875
1 0.60625 0.21328125 0.0546875 0.0640625
3 0.6703125 0.1609375 0.065625 0.090625
2 0.9640625 0.5328125 0.0671875 0.0265625
1 0.6536313890625001 0.2540641625 0.60558588125 0.30540979375 0.64759900625 0.322619909375 0.7010934859375 0.2706042671875 0.6536313890625001 0.2540641625
1 0.6020412562499999 0.3099960484375 0.6468660859375001 0.2605983265625 0.6385403421875 0.25555886875 0.6139686203125 0.2468508296875 0.6051774890625 0.25045812968750003 0.5658826203125 0.2985262546875 0.580629759375 0.3046889234375 0.6020412562499999 0.3099960484375
1 0.06875 0.40390625 0.096875 0.0359375
1 0.03828125 0.3796875 0.0578125 0.0296875
1 0.07265625 0.353125 0.09375 0.0359375
1 0.0453125 0.32578125 0.0578125 0.03125
3 0.10859375 0.3765625 0.0828125 0.0375
1 0.0765625 0.03828125 0.0484375 0.0515625
1 0.2265625 0.0234375 0.06875 0.046875
1 0.06839008437500001 0.100857584375 0.106756484375 0.1089160390625 0.1377666765625 0.06518693125 0.1187654109375 0.0548195015625 0.09638206875000001 0.057427417187499996 0.06839008437500001 0.100857584375