0 0.7985823328125 0.5087093546875 0.7490248359375 0.5119950921875 0.74331999375 0.5246225796874999 0.74224794375 0.5402780859375 0.8850469234375 0.5451744171875 0.9262805078125 0.542532940625 0.930466265625 0.5390539390625 0.9365808875000001 0.5226897453125 0.9370993203125 0.5197261515625 0.9359889828125001 0.515151909375 0.9092436015625 0.51444323125 0.7985823328125 0.5087093546875
0 0.5995177390624999 0.3694931375 0.6000831140625 0.369714059375 0.4870669796875 0.36397015312500003 0.467859559375 0.37177602187500003 0.46194558125 0.386724990625 0.46189117187499995 0.3939417328125 0.46569740781249996 0.398212865625 0.6284784906249999 0.4044722375 0.636737953125 0.402410309375 0.64139816875 0.39755005312499997 0.6454516124999999 0.3921743140625 0.6502904296875001 0.3809809984375 0.650303440625 0.37346969531249996 0.5995177390624999 0.3694931375
0 0.8602771 0.36487271718750003 0.8547249734375001 0.3632069890625 0.727603946875 0.3634069140625 0.709700796875 0.36673838124999997 0.7008803203125 0.3693369234375 0.6984734718750001 0.379731084375 0.695555071875 0.38992535625 0.7004961234375 0.3941229984375 0.83823446875 0.3937898125 0.849500321875 0.39139115625 0.8581335156250001 0.38746002968750004 0.860939546875 0.3764662046875 0.861899503125 0.36953676406249997 0.8602771 0.36487271718750003
3 0.70625 0.24765625 0.0640625 0.053125
3 0.52578125 0.77734375 0.0765625 0.06875
3 0.90390625 0.50078125 0.065625 0.0328125
2 0.775 0.21796875 0.04375 0.0375
2 0.7390625 0.24375 0.0421875 0.0375
2 0.73515625 0.28671875 0.04375 0.034375
2 0.7203125 0.32890625 0.0421875 0.0359375
2 0.84609375 0.50390625 0.0546875 0.0265625
2 0.13359375 0.98359375 0.0484375 0.0328125
2 0.54375 0.9703125 0.0484375 0.040625
1 0.75390625 0.0984375 0.0625 0.0578125
1 0.675 0.33828125 0.0671875 0.059375
1 0.76640625 0.44921875 0.0890625 0.0453125
1 0.340625 0.7375 0.0640625 0.065625
1 0.271875 0.75703125 0.08125 0.078125
1 0.39765625 0.7375 0.0640625 0.0640625
1 0.31015625 0.83515625 0.0703125 0.0703125
1 0.93671875 0.46171875 0.08125 0.0390625