0 0.5760598203125 0.1664346671875 0.5846655125 0.16689827343750002 0.6107433671875 0.025961953125 0.611004146875 0 0.5854478484375 0.00046360625000000006 0.56406400625 0.111265515625 0.559630771875 0.157626146875 0.5679756859375 0.161798603125 0.5760598203125 0.1664346671875
0 0.3006783140625 0.8374260906250001 0.3038333859375 0.835182484375 0.342325259375 0.656815775 0.340116709375 0.64559774375 0.329389465625 0.6394278265625 0.3177157015625 0.6366233171875 0.313929615625 0.6366233171875 0.309512515625 0.6439150390624999 0.2729136859375 0.811063715625 0.279223828125 0.8256471578125 0.2896355640625 0.8323779765625 0.3006783140625 0.8374260906250001
0 0.2750830203125 1 0.3117990015625 0.868944903125 0.3135200625 0.8556863531250001 0.30778319062500004 0.8480371906249999 0.3000384140625 0.8393681390625 0.29171994843750004 0.8352885859375 0.28426201562500003 0.8368184187500001 0.2776646125 0.8495670234375 0.233490696875 1 0.2750830203125 1
0 0.4272323734375 0.1856614765625 0.4325879921875 0.18436314375 0.4618004625 0.0649166 0.46107015156250003 0.048903839062499996 0.458635778125 0.0385171828125 0.4540104703125 0.034189409375 0.44500329218749995 0.02899608125 0.4398911109375 0.029428857812499997 0.4362395515625 0.042412178125 0.40897457968750006 0.1475770703125 0.40921801718750006 0.17527481875 0.41603425937500005 0.1800353703125 0.4272323734375 0.1856614765625
3 0.43515625 0.2859375 0.05546875 0.06171875
1 0.06796875 0.0359375 0.0484375 0.06796875
2 0.028125 0.12734375 0.03046875 0.04609375
2 0.128125 0.41953125 0.03359375 0.046875
2 0.1671875 0.42890625 0.03203125 0.05
2 0.20078125 0.4421875 0.03125 0.0484375
2 0.371875 0.83125 0.025 0.06328125
3 0.45625 0.5921875 0.04765625 0.05625
2 0.3765625 0.59140625 0.03203125 0.04296875
2 0.50703125 0.53515625 0.03046875 0.03984375
2 0.51796875 0.39453125 0.03125 0.03984375
2 0.51953125 0.640625 0.03125 0.0421875
2 0.575 0.66640625 0.03125 0.046875
2 0.6421875 0.71640625 0.0328125 0.04609375
2 0.83984375 0.84921875 0.03671875 0.046875
2 0.6296875 0.90625 0.03359375 0.04453125
2 0.55 0.12578125 0.01640625 0.0515625
2 0.3296875 0.228125 0.028125 0.03984375
2 0.1046875 0.34453125 0.03046875 0.04453125
1 0.07890625 0.109375 0.05234375 0.07265625
1 0.06953125 0.1765625 0.04375 0.0640625
1 0.12890625 0.21796875 0.0515625 0.065625
1 0.16796875 0.17890625 0.05078125 0.0640625
1 0.24921875 0.20078125 0.04921875 0.06328125
1 0.190625 0.35078125 0.04765625 0.05546875
1 0.2515625 0.38515625 0.0484375 0.053125
1 0.23984375 0.428125 0.0515625 0.05859375
1 0.284375 0.50078125 0.05 0.05390625
1 0.30390625 0.4671875 0.05078125 0.05703125
1 0.3734375 0.50234375 0.05 0.05703125
1 0.38515625 0.55390625 0.05546875 0.06015625
1 0.446875 0.5328125 0.05390625 0.05625
1 0.415625 0.4734375 0.05390625 0.05859375
1 0.440625 0.3375 0.0453125 0.05625
1 0.50859375 0.12109375 0.02890625 0.07890625
1 0.9046875 0.65078125 0.0578125 0.07109375
1 0.90390625 0.76015625 0.06015625 0.0734375
1 0.75703125 0.77265625 0.0625 0.07109375
1 0.67890625 0.6734375 0.059375 0.065625
1 0.7609375 0.4828125 0.053125 0.06328125
1 0.8640625 0.56484375 0.05390625 0.0625
1 0.96328125 0.54375 0.05234375 0.078125
1 0.83515625 0.315625 0.0484375 0.08203125
1 0.6015625 0.5703125 0.05703125 0.06015625
1 0.565625 0.61796875 0.0515625 0.05703125
1 0.81796875 0.6984375 0.05625 0.0625
1 0.92734375 0.84140625 0.05546875 0.07265625
1 0.34375 0.75625 0.03359375 0.09765625
1 0.15625 0.378125 0.05 0.05546875
1 0.059375 0.2984375 0.04765625 0.05859375
1 0.5875 0.453125 0.0515625 0.06015625
1 0.55234375 0.384375 0.0484375 0.059375