2 0.2484375 0.7625 0.0359375 0.03359375
2 0.45078125 0.70078125 0.03359375 0.034375
1 0.05234375 0.53125 0.05546875 0.05390625
1 0.28984375 0.46875 0.05078125 0.040625
1 0.11640625 0.403125 0.05703125 0.0453125
1 0.05703125 0.3984375 0.05859375 0.05859375
1 0.16015625 0.35859375 0.0546875 0.04375
3 0.209375 0.428125 0.1015625 0.06953125
0 0.25078125 0.36484375 0.12109375 0.065625
0 0.07421875 0.33515625 0.103125 0.0640625
1 0.253125 0.303125 0.05546875 0.04140625
2 0.29765625 0.31875 0.03125 0.0328125
2 0.1734375 0.31171875 0.0359375 0.0375
2 0.2125 0.26875 0.034375 0.0359375
2 0.20703125 0.30078125 0.03515625 0.0375
2 0.528125 0.9609375 0.021875 0.07265625
1 0.58515625 0.6453125 0.0625 0.05
3 0.6859375 0.60859375 0.05546875 0.04765625
1 0.5703125 0.4765625 0.059375 0.09921875
1 0.81171875 0.6578125 0.0609375 0.05
1 0.88203125 0.62734375 0.05859375 0.04375
1 0.8546875 0.56328125 0.06484375 0.04609375
1 0.78828125 0.57578125 0.0640625 0.0484375
1 0.89453125 0.73671875 0.06328125 0.05390625
0 0.96796875 0.69375 0.0640625 0.0546875
1 0.54453125 0.0703125 0.0265625 0.09296875
1 0.565625 0.03359375 0.02421875 0.06640625
3 0.5765625 0.10859375 0.03046875 0.0796875
1 0.5953125 0.071875 0.03046875 0.08828125
2 0.45625 0.1453125 0.01875 0.06171875
1 0.47734375 0.0578125 0.02890625 0.0875
1 0.5125 0.28671875 0.04296875 0.084375