0 0.47470553281249994 0 0.4779716109375 0.08979441875000001 0.4843185375 0.137739225 0.49373192968749996 0.14001288125 0.502989915625 0.14281651875 0.5118006187499999 0.1412765078125 0.50557524375 0 0.47470553281249994 0
0 0.34702427812500003 0.8658550578125 0.3568120703125 0.87913806875 0.3689131546875 0.8835178687499999 0.381259259375 0.8860477109374999 0.383925675 0.8830409359375 0.3811831234375 0.6935749062500001 0.37632918593750003 0.682739603125 0.364040078125 0.6790010093750001 0.3515799796875 0.6788886671875 0.347751346875 0.6797725765625 0.3449879734375 0.688181903125 0.34702427812500003 0.8658550578125
0 0.395961934375 1 0.3998678109375 0.915343625 0.3985109765625 0.9015262125 0.3909227671875 0.8951257859374999 0.3810658359375 0.8881621578125 0.371700890625 0.88597633125 0.36451651875 0.8892654343749999 0.3608230859375 0.9037053046875 0.3551774828125 1 0.395961934375 1
0 0.3326263015625 0.0499677 0.32962175781249997 0.1627437109375 0.336338209375 0.19071273125 0.3443431328125 0.1939383359375 0.3569813671875 0.1970167453125 0.3620938796875 0.194452696875 0.36373157031250003 0.066771184375 0.359252421875 0.050739240625 0.3543643359375 0.0407978796875 0.34867606875 0.0374986765625 0.3383544890625 0.034346671875 0.333285953125 0.035978078125 0.3326263015625 0.0499677
3 0.38828125 0.29765625 0.06875 0.075
2 0.109375 0.50390625 0.04375 0.0546875
2 0.1515625 0.50390625 0.04375 0.0578125
2 0.18828125 0.509375 0.0421875 0.05625
2 0.4515625 0.86328125 0.0390625 0.0703125
3 0.48203125 0.6015625 0.0625 0.0671875
2 0.40078125 0.61875 0.04375 0.05
2 0.51953125 0.53203125 0.0390625 0.046875
2 0.49765625 0.38671875 0.0390625 0.046875
2 0.55703125 0.6359375 0.0421875 0.05
2 0.61875 0.64921875 0.040625 0.0546875
2 0.69921875 0.684375 0.04375 0.053125
2 0.92890625 0.77109375 0.046875 0.05625
2 0.73046875 0.87890625 0.04375 0.053125
2 0.4671875 0.10859375 0.028125 0.05625
2 0.26796875 0.2625 0.0375 0.046875
2 0.06796875 0.4328125 0.040625 0.053125
1 0.0109375 0.20078125 0.021875 0.0859375
1 0.01171875 0.271875 0.0234375 0.075
1 0.06328125 0.29921875 0.0671875 0.0796875
1 0.09296875 0.25078125 0.0671875 0.0765625
1 0.18046875 0.25390625 0.065625 0.075
1 0.15625 0.41953125 0.0625 0.0671875
1 0.2265625 0.43984375 0.0609375 0.0640625
1 0.22421875 0.48671875 0.065625 0.071875
1 0.28671875 0.54921875 0.0640625 0.0671875
1 0.29765625 0.5109375 0.065625 0.0703125
1 0.3765625 0.53046875 0.065625 0.0703125
1 0.40078125 0.57890625 0.0703125 0.0734375
1 0.4578125 0.54453125 0.0671875 0.06875
1 0.4125 0.49140625 0.06875 0.071875
1 0.40625 0.34765625 0.059375 0.06875
1 0.42421875 0.11328125 0.0484375 0.0859375
1 0.9484375 0.55625 0.075 0.084375
1 0.96640625 0.66640625 0.0671875 0.0890625
1 0.82734375 0.7140625 0.08125 0.0875
1 0.72578125 0.63203125 0.0765625 0.08125
1 0.7640625 0.41953125 0.0703125 0.0765625
1 0.8875 0.47890625 0.0703125 0.0765625
1 0.9734375 0.43515625 0.053125 0.0890625
1 0.79921875 0.23359375 0.0671875 0.09375
1 0.6234375 0.54609375 0.071875 0.075
1 0.59765625 0.6015625 0.065625 0.0703125
1 0.871875 0.625 0.071875 0.0765625
1 0.9890625 0.74296875 0.021875 0.0859375
1 0.40546875 0.79375 0.05625 0.10625
1 0.128125 0.45546875 0.0640625 0.06875
1 0.02109375 0.39609375 0.0421875 0.0703125
1 0.58125 0.43046875 0.065625 0.0734375
1 0.5296875 0.36875 0.0625 0.071875