0 0.18818278125000001 0.39327438125 0.19931785625 0.4124102140625 0.305843415625 0.4130700703125 0.30881276875 0.4044919375 0.3091839375 0.374798403125 0.30658575312499997 0.3642407015625 0.29545067812500003 0.3523632875 0.1985755171875 0.35302314375 0.1922656421875 0.351043575 0.18855395 0.36094141875 0.18818278125000001 0.39327438125
3 0.1620244625 0.41175447187499997 0.14471415625 0.414831859375 0.134674178125 0.41360090625 0.12844246875 0.41421638281249995 0.12324937656249998 0.42037115781249995 0.120479728125 0.43083427656250006 0.12324937656249998 0.44129739375000004 0.126019025 0.451145034375 0.13986727031249999 0.4579152875 0.14540656875 0.4634545859375 0.20079954687499998 0.47391770468749994 0.21637882187500002 0.47330222656250004 0.22191811874999998 0.4665319734375 0.22364915000000002 0.43144975468749996 0.2226105328125 0.42160211406250003 0.21118573125 0.414831859375 0.19664507343749998 0.41421638281249995 0.1938754234375 0.41975568125 0.17587270625 0.41667829375 0.1620244625 0.41175447187499997
3 0.568345478125 0.158069196875 0.5773008359375 0.1614807640625 0.58273801875 0.1575006046875 0.584976859375 0.150677471875 0.584657025 0.1330510515625 0.5830578531249999 0.119404790625 0.5833776875 0.1125816578125 0.5776206703125 0.0739172515625 0.5613091234375001 0.0790345984375 0.5600297859375 0.10689571718749999 0.568345478125 0.158069196875
3 0.9732556484374999 0.41507379375 0.965899459375 0.4110936328125 0.9588631062499999 0.411662228125 0.9319970281250001 0.40427050312499996 0.9265598468749999 0.40768206874999996 0.9278391828125001 0.441797721875 0.9703771390625 0.456012578125 0.97741349375 0.45089523125 0.9783729953125 0.42530848906249996 0.9732556484374999 0.41507379375
3 0.5190910015625 0.3599201515625 0.49990094531249996 0.3661746890625 0.5002207796875 0.3815267328125 0.5085364703125 0.4537382015625 0.5283661937499999 0.448620853125 0.529325696875 0.4349745921875 0.5190910015625 0.3599201515625
2 0.11897834375 0.33717638125 0.1151403328125 0.331490440625 0.11034281875 0.3303532515625 0.0908329296875 0.3343334109375 0.0895535921875 0.3405879484375 0.0911527640625 0.3593515578125 0.094670940625 0.3701548484375 0.11897834375 0.35707718125 0.12185685312500001 0.35139123906249997 0.126014696875 0.34456810625 0.11897834375 0.33717638125
2 0.1554394484375 0.35707718125 0.16951215625 0.34741107968749996 0.177827846875 0.3354706 0.181026190625 0.325804496875 0.17686834375 0.32239293125 0.171750996875 0.3161383953125 0.1666336484375 0.3144326125 0.14744359375 0.3252359046875 0.146484090625 0.3309218453125 0.15128160468750002 0.35139123906249997 0.1554394484375 0.35707718125
2 0.279535140625 0.34968545624999997 0.3038425453125 0.3530970203125 0.308000390625 0.34741107968749996 0.3108788984375 0.34741107968749996 0.3127979046875 0.34286232499999997 0.308320225 0.3354706 0.305441715625 0.32921606406250004 0.3019235390625 0.32409871562500003 0.283373153125 0.32239293125 0.28049464375 0.325804496875 0.2801748109375 0.3400193546875 0.279535140625 0.34968545624999997
2 0.4298572421875 0.52481248125 0.4279382375 0.5083232468750001 0.410987021875 0.478756346875 0.401711828125 0.5032059 0.419622546875 0.52481248125 0.42442006093750007 0.5276554515625 0.42857790625 0.5287926406250001 0.4298572421875 0.52481248125
2 0.4379269078125 0.143788734375 0.43331391249999995 0.143788734375 0.42808585312499997 0.14597563593750001 0.4271632546875 0.155816690625 0.4290084515625 0.19518090625 0.43608170937499996 0.19682108125 0.4434625 0.1908071046875 0.4379269078125 0.143788734375
2 0.49697323125 0.4007495921875 0.49113010625 0.39692251562499997 0.48436438125 0.40676356875 0.4852869796875 0.4166046234375 0.48774724375 0.45596884062500004 0.50373895625 0.45268848906250003 0.5040464890624999 0.444487609375 0.49697323125 0.4007495921875
2 0.6818005296874999 0.5286832953125 0.6753423375 0.5204824171875 0.671959475 0.5237627687499999 0.6535074984375 0.55711300625 0.664578684375 0.5735147640625 0.669191678125 0.5735147640625 0.6830306609375 0.5379776234375 0.6818005296874999 0.5286832953125
2 0.6685766125 0.49478633125 0.661195821875 0.484945278125 0.6568903609375 0.48549200312499996 0.6433589125 0.5139217140625 0.6415137140625 0.52321604375 0.6488945046875 0.5363374484375 0.654430096875 0.5363374484375 0.6694992109375 0.5002535828125 0.6685766125 0.49478633125
2 0.8303389390625 0.7457332109375 0.82418828125 0.7457332109375 0.8235732140625001 0.756120990625 0.8297238734375 0.7604947921874999 0.8334142703125 0.76596204375 0.8561717078125 0.7714292953124999 0.8607847015625 0.76650876875 0.8610922343749999 0.7479201109375 0.8604771687499999 0.741906134375 0.8395649281249999 0.7397192328125 0.8303389390625 0.7457332109375
1 0.2244169078125 0.9279134453125 0.19782872812500002 0.843506521875 0.19023210468750001 0.8418183828125001 0.177571065625 0.8564489171874999 0.1750388578125 0.8688285984374999 0.1763049625 0.8783947171875001 0.2028931421875 0.9549236609375 0.20954018749999997 0.9566117999999999 0.22410038124999998 0.939167703125 0.2244169078125 0.9279134453125
1 0.11933028906250001 0.7855471015625 0.10730230156250001 0.7827335375 0.1000222046875 0.788923378125 0.093375159375 0.8254997124999999 0.087361165625 0.8682658859375 0.089260321875 0.8783947171875001 0.105403146875 0.8857099828124999 0.1111006140625 0.88064556875 0.123445125 0.79623864375 0.11933028906250001 0.7855471015625
1 0.1050866203125 0.3944616890625 0.062672140625 0.40008881875 0.057924251562499994 0.40684137031249995 0.0572911984375 0.43272616093750005 0.0693191859375 0.4411668546875 0.109517984375 0.43835328906250004 0.11648155468750002 0.42541089374999996 0.11489892500000001 0.40290238125 0.1050866203125 0.3944616890625
1 0.5228765421875 0.740183790625 0.526528765625 0.73369095 0.5231808953125 0.6898642796875001 0.5216591359375 0.64874295625 0.5167895062500001 0.6411679765625 0.50491978125 0.6422501171875 0.501267559375 0.6617286375 0.503702375 0.7023088890625 0.5064415421875 0.740183790625 0.5097894109375 0.74397128125 0.5228765421875 0.740183790625
1 0.57948599375 0.8640888265625 0.588920903125 0.8667941765625 0.592573125 0.8548906359374999 0.59561664375 0.8143103828125 0.5971384046875 0.7953729328125 0.5965296999999999 0.776976553125 0.594094884375 0.7650730109375 0.5782685875 0.763990871875 0.5746163640625 0.7758944125 0.5737033078125 0.8072764734375 0.5703554375000001 0.8597602656250001 0.57948599375 0.8640888265625