0 0.6495149140625001 0.213932828125 0.64202000625 0.20041352968749998 0.6292002328125 0.19788663125 0.6177515046875001 0.197032928125 0.6147539515625 0.20139137499999998 0.616234740625 0.3806566984375 0.618736665625 0.390269021875 0.62596524375 0.3961754859375 0.634170809375 0.39999473124999996 0.6403198046874999 0.401304184375 0.6460594546875 0.400292128125 0.65077081875 0.39802517656249997 0.650457609375 0.3703136484375 0.6495149140625001 0.213932828125
0 0.6583746765625 0.72605556875 0.6616936890625 0.595838640625 0.6572657953125 0.5788268125 0.653500915625 0.5688151109375 0.63971403125 0.5651457953125 0.6321795828125001 0.56291580625 0.6292573546875 0.5690230281249999 0.62679145625 0.705698203125 0.628063009375 0.7161495453125 0.6313062828125 0.7232030625 0.634582021875 0.727200696875 0.644023259375 0.7321446265625 0.652959121875 0.7326024328125 0.657391703125 0.7318208484375 0.6583746765625 0.72605556875
0 0.5169969890624999 1 0.51798131875 0.8904534937499999 0.513371909375 0.837889353125 0.5059016187500001 0.8335061218750001 0.49437240625 0.8308750312500001 0.4852300828125 0.8335235140625 0.48771112031249997 0.9714514140625001 0.4910218890625 1 0.5169969890624999 1
3 0.53046875 0.92421875 0.034375 0.06875
3 0.78125 0.68984375 0.0546875 0.0625
3 0.49453125 0.459375 0.0671875 0.090625
2 0.928125 0.796875 0.0375 0.046875
2 0.90234375 0.75546875 0.0390625 0.0484375
2 0.76015625 0.725 0.0375 0.0421875
2 0.696875 0.70546875 0.0375 0.0453125
2 0.61171875 0.734375 0.028125 0.05625
2 0.6078125 0.63671875 0.028125 0.05625
2 0.528125 0.86640625 0.0265625 0.0546875
2 0.30859375 0.59453125 0.0375 0.0421875
2 0.31875 0.5421875 0.0390625 0.0421875
2 0.0359375 0.4203125 0.04375 0.05
2 0.025 0.1578125 0.05 0.053125
1 0.27890625 0.35 0.065625 0.065625
1 0.28125 0.40625 0.0640625 0.0625
1 0.1484375 0.53125 0.0609375 0.0703125
1 0.14140625 0.31171875 0.071875 0.06875
1 0.0953125 0.23984375 0.0828125 0.0796875
1 0.209375 0.7453125 0.0640625 0.0890625
1 0.684375 0.66171875 0.05625 0.0671875
1 0.57109375 0.8625 0.04375 0.0859375
1 0.6171875 0.8125 0.0375 0.075
1 0.571875 0.94375 0.040625 0.078125