0 0.658325096875 0.70456556875 0.799092084375 0.734332096875 0.8106308515625 0.7349957484375 0.8231936796875001 0.7282884875 0.8325438984375 0.7136354609375 0.8355074374999999 0.7073120187499999 0.8338766015625 0.7019338359375 0.6480389796875 0.665600978125 0.639196615625 0.665322790625 0.6331336796875 0.6701864703125 0.629413215625 0.6771719218750001 0.6260768765625 0.6841506671875 0.624664921875 0.6913120875 0.626698746875 0.697764565625 0.658325096875 0.70456556875
0 1 0.729463403125 0.8653579718750001 0.6934882296875 0.8581135968750001 0.6918740046875 0.850414684375 0.6937490656249999 0.8387656046874999 0.70555690625 0.8357802 0.7117013812499999 0.8353459125 0.7163507640625 0.8375639906250001 0.7253055374999999 0.8427573468749999 0.7275357890625 0.8536239109375 0.7299571265625 1 0.7707414484374999 1 0.729463403125
0 0.14982480468749998 0.598831328125 0.153786534375 0.5931520124999999 0.15591023125 0.58792035 0.155048840625 0.5808707359375 0.1502257203125 0.5795004359375 0.027169484375000004 0.5513119546875 0.014628801562499998 0.5519464203125 0.0061586234375 0.5531331875000001 0.001024459375 0.5550928578125001 0.0008881671875 0.5552464640625 0.0012749765624999999 0.577406821875 0.02329191875 0.5829627765625001 0.11449324375 0.6050582062500001 0.1440105390625 0.6041274109375 0.14982480468749998 0.598831328125
0 0 0.42927219687499996 0.0644549328125 0.4411847265625 0.08711225156249999 0.4435472515625 0.1190730578125 0.44638384531249997 0.12497630781249999 0.43906755000000003 0.128600128125 0.4307302703125 0.1310971890625 0.42262481249999995 0.1257439671875 0.41826300781250003 0 0.397728134375 0 0.42927219687499996
3 0.19375 0.68359375 0.0640625 0.059375
3 0.6140625 0.475 0.0640625 0.0546875
2 0.08671875 0.45546875 0.05625 0.0203125
2 0.30390625 0.5921875 0.04375 0.03125
2 0.61328125 0.559375 0.04375 0.0328125
2 0.83046875 0.63203125 0.0640625 0.0265625
2 0.90234375 0.359375 0.04375 0.034375
2 0.759375 0.2515625 0.05 0.0390625
2 0.715625 0.3203125 0.05 0.0375
2 0.559375 0.0390625 0.046875 0.0375
2 0.67578125 0.390625 0.046875 0.0359375
2 0.55546875 0.3984375 0.040625 0.0328125
2 0.14921875 0.76328125 0.04375 0.0328125
2 0.26875 0.98359375 0.05 0.0328125
2 0.3515625 0.878125 0.046875 0.034375
2 0.4265625 0.85234375 0.046875 0.034375
2 0.44609375 0.8109375 0.0484375 0.0328125
2 0.45703125 0.77265625 0.046875 0.034375
1 0.43828125 0.72578125 0.0640625 0.0578125
1 0.4015625 0.68984375 0.0578125 0.0546875
1 0.253125 0.675 0.0609375 0.0484375
1 0.03671875 0.98359375 0.0578125 0.0328125
1 0.0390625 0.9359375 0.0640625 0.0484375
1 0.15625 0.94140625 0.0703125 0.0578125
1 0.11953125 0.89921875 0.0703125 0.0546875
1 0.11796875 0.83984375 0.0734375 0.0546875
2 0.01796875 0.8015625 0.025 0.03125
1 0.3625 0.7734375 0.0578125 0.053125
1 0.38828125 0.8203125 0.0640625 0.0546875
1 0.5109375 0.6828125 0.0578125 0.0546875
1 0.4859375 0.6390625 0.0609375 0.0578125
1 0.521875 0.56171875 0.059375 0.0546875
1 0.57734375 0.5515625 0.0640625 0.059375
1 0.49140625 0.51484375 0.0640625 0.059375
1 0.559375 0.46953125 0.059375 0.0578125
1 0.6515625 0.33203125 0.0640625 0.0578125
1 0.5984375 0.30703125 0.0671875 0.0609375
1 0.51875 0.25390625 0.065625 0.059375
1 0.36015625 0.521875 0.0640625 0.0546875
1 0.08203125 0.5 0.08125 0.0328125
1 0.38125 0.371875 0.0609375 0.05625
1 0.571875 0.15 0.0734375 0.0625
1 0.840625 0.10703125 0.084375 0.0703125
1 0.7265625 0.20703125 0.0765625 0.065625
1 0.3078125 0.928125 0.0625 0.0546875