0 0.1903594875 0.3772055078125 0.20427280312499999 0.3968809078125 0.3073578421875 0.40081598749999997 0.3111523828125 0.387324284375 0.31178480625 0.36090303437500004 0.30893890156250003 0.3507842578125 0.2959742171875 0.336168246875 0.1998458390625 0.3367304015625 0.193837815625 0.3367304015625 0.1906756984375 0.343476253125 0.1903594875 0.3772055078125
0 0.019288917187499997 0.34741133281250003 0.031621178124999996 0.36708673125 0.1214253203125 0.36877319375 0.12490365 0.34066548124999996 0.12332259062499999 0.3260494703125 0.1090930609375 0.31255776874999996 0.0287752703125 0.3103091515625 0.0237158828125 0.309746996875 0.0211861890625 0.31593069375 0.019288917187499997 0.34741133281250003
3 0.1982981125 0.3993079953125 0.1841884390625 0.40066388125 0.1727481640625 0.395918284375 0.164358628125 0.3999859390625 0.1578758046875 0.410833015625 0.15978251875 0.43117128281249995 0.170078765625 0.44879778124999997 0.186095153125 0.4555772046875 0.23986444843750002 0.4603228 0.2570248625 0.4603228 0.261600971875 0.438628646875 0.26045694531249997 0.407443303125 0.2497793546875 0.401341821875 0.23338162499999998 0.3999859390625 0.22994954375 0.40608741875 0.21278912968750002 0.4040535921875 0.1982981125 0.3993079953125
3 0.8252252265625 0.59455536875 0.813022265625 0.59794508125 0.8099715249999999 0.6108259828125 0.8134036078125 0.6270965984375 0.820649115625 0.6304863093749999 0.865647534375 0.6311642515625 0.8648848484375 0.593199484375 0.8252252265625 0.59455536875
3 0.5895555453125 0.14033405000000002 0.5823100375 0.064404515625 0.563624253125 0.0691501109375 0.563624253125 0.103047225 0.5643869390625 0.103047225 0.5708697609375 0.14846935625 0.5788779546875 0.15185906875 0.585360778125 0.14914729843750002 0.5895555453125 0.14033405000000002
3 0.9060698421875 0.5809965234375001 0.8923415109375 0.5816744671875 0.890816140625 0.6026906765625 0.8950109093749999 0.620317175 0.9518309453124999 0.6298083671875 0.9571697406249999 0.620317175 0.9571697406249999 0.5918436 0.9060698421875 0.5809965234375001
2 0.8772006328125 0.69825045 0.867681171875 0.7038916125 0.8620400109374999 0.7095327734375 0.8729697609375 0.7252026671875 0.89588698125 0.7295902375 0.9011755687499999 0.72144189375 0.900117853125 0.7013844296875 0.8772006328125 0.69825045
2 0.7654351171875 0.6744322125 0.749216778125 0.6700446421875 0.7435756171875 0.6756858046875001 0.7361715921875 0.6781929859375 0.736524165625 0.68822171875 0.7439281890625 0.6969968578125 0.7643774 0.707025590625 0.7693134171875 0.6995040421875001 0.771428853125 0.679446578125 0.7654351171875 0.6744322125
2 0.5380257890625 0.9884568765624999 0.53555778125 0.9401936046875001 0.5309743390625 0.9332988515625 0.527801184375 0.9257773031250001 0.5242754578125 0.93267205625 0.5203971609375 0.9420739921875001 0.5218074515625 0.9903372640624999 0.5253331765625 0.9953516296875 0.535205209375 0.9940980375 0.5380257890625 0.9884568765624999
2 0.23269791718750002 0.76155681875 0.235165925 0.7784803046875 0.2651345953125 0.7834946703125001 0.2644294515625 0.7509012921875 0.2355184984375 0.7509012921875 0.23269791718750002 0.76155681875
2 0.2778272109375 0.6199009828125 0.25455741875000004 0.6136330265625001 0.249621403125 0.6249153484375001 0.25173683750000003 0.6399584468749999 0.274301484375 0.6524943609375 0.278884928125 0.6506139734375 0.281705509375 0.63118330625 0.2778272109375 0.6199009828125
1 0.3081484546875 0.45442690781249995 0.2700706125 0.450666134375 0.2665448875 0.462575253125 0.2665448875 0.476364759375 0.27077575781249996 0.48827387968749997 0.3085010265625 0.49391504062499997 0.31625762343749997 0.48513989999999996 0.31519990625 0.4606948671875 0.3081484546875 0.45442690781249995
2 0.22529389218749998 0.2996083625 0.2196527296875 0.2964743828125 0.2143641421875 0.2845652640625 0.19109435 0.28581885625000003 0.1928572140625 0.31151748125 0.1949726484375 0.3265605796875 0.1960303671875 0.3246801921875 0.21788986718749997 0.3140246640625 0.22071044843749998 0.306503115625 0.22529389218749998 0.3071299109375 0.22529389218749998 0.2996083625
2 0.1921520671875 0.31715864374999997 0.1900366328125 0.3102638890625 0.1798120265625 0.2971011796875 0.1583050984375 0.2983547703125 0.1565422359375 0.319665825 0.1618308234375 0.33533571875 0.18651090625 0.3265605796875 0.18862634218750002 0.319665825 0.1921520671875 0.31715864374999997
2 0.313789615625 0.3290677609375 0.30955874375 0.3177854390625 0.3035650109375 0.30775670625 0.2831157984375 0.3071299109375 0.281705509375 0.3378429015625 0.30779588125 0.33721610625 0.313789615625 0.3290677609375
1 0.6046620109374999 0.45442690781249995 0.5753984859375 0.400522475 0.5697573234375 0.3992688828125 0.5602378640625 0.40679043281249994 0.5556544203125 0.419326346875 0.5937322609375 0.48263271718749995 0.6057197296875 0.46382884375 0.6046620109374999 0.45442690781249995
1 0.8061708140625001 0.6292064890625 0.7543019609375 0.617152725 0.7451486328125 0.62137154375 0.7431145609375001 0.6430683187499999 0.74650468125 0.657532834375 0.8027806937499999 0.672600040625 0.8078658750000001 0.667778534375 0.8092219234375 0.6394521890625 0.8061708140625001 0.6292064890625
1 0.1447581734375 0.39476077656249997 0.1349268234375 0.385117765625 0.096279440625 0.3821043234375 0.0894992 0.3869258296875 0.0881431515625 0.41284142187499995 0.096618453125 0.423689809375 0.1349268234375 0.42851131562500006 0.141368053125 0.4218817453125 0.1447581734375 0.39476077656249997
1 0.4908895453125 0.15428818125 0.4858043625 0.0861844140625 0.476312025 0.0867871015625 0.466819684375 0.09100591875 0.46783672187500003 0.10185430625 0.4719048671875 0.1669446328125 0.4803801703125 0.1693553859375 0.48953349687500003 0.1663419453125 0.4908895453125 0.15428818125
1 0.7766767609375 0.5436247640625 0.7390464156250001 0.5424193875000001 0.731927159375 0.5502543328125 0.732944196875 0.576772615625 0.7390464156250001 0.58038874375 0.7814229296875 0.582799496875 0.7851520625 0.5731564859375 0.78481305 0.54784358125 0.7766767609375 0.5436247640625
1 0.2068254546875 0.9402350859374999 0.219752046875 0.929073078125 0.2245533515625 0.9152847140624999 0.1968535140625 0.824018878125 0.189836221875 0.823362290625 0.175062975 0.8397770078125 0.1728469875 0.8548785499999999 0.1979615078125 0.9284164890625 0.2068254546875 0.9402350859374999
1 0.5834486640625001 0.0469511234375 0.5892163671875 0.110092290625 0.5928591265625001 0.117107975 0.60409096875 0.11602863906250001 0.608037290625 0.105235278125 0.6013588984375 0.032380084375 0.5971090109375 0.028062740625 0.58527004375 0.033999090625 0.5834486640625001 0.0469511234375
1 0.6556238343749999 0.6629958921875 0.612544475 0.6557286515625 0.6062555171875 0.6629958921875 0.6062555171875 0.68423859375 0.6100288921875 0.6920648515625001 0.6584538671875 0.699891109375 0.660340553125 0.69485994375 0.6606550015625 0.6719401859375 0.6556238343749999 0.6629958921875
1 0.1669329046875 0.569040415625 0.12840992812500002 0.55957496875 0.12120644375 0.56347250625 0.1165085203125 0.5824034 0.1215196390625 0.5968799671875 0.16536693125 0.6074589953125 0.169438465625 0.5985503390625 0.1713176359375 0.576835490625 0.1669329046875 0.569040415625
1 0.5424536437499999 0.33797214375 0.518337634375 0.28340662656250004 0.511760540625 0.28340662656250004 0.5017383015625 0.29565602812499997 0.5026778859375 0.30512147500000003 0.5280466781250001 0.364141321875 0.5321182125 0.36358453125 0.5437064234375 0.35022154687499996 0.5424536437499999 0.33797214375
1 0.9629775546875001 0.14738277500000002 0.951463275 0.14942975625 0.9180718656250001 0.17467588125 0.9142337734374999 0.18149915625 0.9238290046875001 0.2087922640625 0.9683508859375 0.179452175 0.9687346953124999 0.1630763109375 0.9629775546875001 0.14738277500000002