0 0.188055396875 0.3727553859375 0.188055396875 0.3922777625 0.19835039999999998 0.40874976875 0.3061047703125 0.41119006562499993 0.30885010468749996 0.3965482828125 0.3095364375 0.373365459375 0.30507527031250004 0.3605539 0.29375076718750004 0.3495725640625 0.20658640312499998 0.3501826375 0.200066234375 0.3489624890625 0.1901143984375 0.3514027859375 0.188055396875 0.3727553859375
3 0.193768496875 0.4175113921875 0.178020528125 0.41446830625000003 0.1612455171875 0.41081660312499996 0.144812853125 0.41142521875 0.137965909375 0.405947665625 0.1331730484375 0.405947665625 0.1294072296875 0.41142521875 0.1246143703125 0.41446830625000003 0.1208485515625 0.42238032968750006 0.120506203125 0.43090096874999995 0.124272021875 0.43576990625 0.1287225359375 0.45159395468749997 0.133515396875 0.45341980625 0.14138938125 0.455854275 0.1451551984375 0.4625490640625 0.21841749375 0.471678321875 0.22321035312499998 0.45098533749999997 0.22389504843750002 0.4229889453125 0.21157054999999997 0.41264245468749994 0.1947955390625 0.41142521875 0.193768496875 0.4175113921875
3 0.5683333375 0.1569173078125 0.576910909375 0.1608525375 0.584105003125 0.15544159531249999 0.5852117859375 0.1446197125 0.58299821875 0.1180569078125 0.58382830625 0.1126459671875 0.5782943890625 0.074277471875 0.5608625484374999 0.0762450875 0.560585853125 0.1023159875 0.5683333375 0.1569173078125
2 0.15546875 0.33203125 0.034375 0.034375
2 0.20546875 0.31796875 0.034375 0.034375
2 0.29609375 0.334375 0.03203125 0.0296875
2 0.3953125 0.70078125 0.03046875 0.053125
2 0.5296875 0.9703125 0.0203125 0.059375
2 0.8421875 0.7546875 0.0359375 0.0328125
2 0.86640625 0.446875 0.03203125 0.034375
2 0.75625 0.4109375 0.03125 0.03046875
2 0.459375 0.0890625 0.015625 0.05234375
1 0.43828125 0.109375 0.02421875 0.08203125
1 0.48046875 0.09453125 0.0234375 0.08515625
1 0.540625 0.08125 0.02578125 0.08671875
1 0.5921875 0.08125 0.02421875 0.08984375
1 0.4828125 0.26015625 0.02421875 0.08515625
1 0.08671875 0.41640625 0.0546875 0.04140625
1 0.059375 0.36484375 0.0546875 0.0390625
1 0.2890625 0.48515625 0.0484375 0.03828125
1 0.2515625 0.31953125 0.05390625 0.03828125
1 0.52578125 0.61796875 0.02734375 0.09375
1 0.571875 0.8015625 0.021875 0.10546875
1 0.93359375 0.7375 0.05859375 0.03984375
1 0.94140625 0.6890625 0.06875 0.0484375
1 0.928125 0.58203125 0.05859375 0.04296875
1 0.6609375 0.5296875 0.04375 0.0859375
1 0.5109375 0.45546875 0.03046875 0.10390625
1 0.9390625 0.18125 0.05390625 0.06171875
1 0.19921875 0.8984375 0.053125 0.11796875
1 0.1109375 0.80234375 0.040625 0.10625
1 0.86640625 0.671875 0.059375 0.04453125