0 0.2757174296875 0.30855434531250003 0.144349328125 0.2942068515625 0.1323090375 0.2963598453125 0.12229787343750001 0.30493294375 0.1169419984375 0.31639757031250004 0.114864796875 0.32620084375 0.11827860937500001 0.3316751 0.315283028125 0.352650715625 0.3220790546875 0.352056140625 0.330164296875 0.34942446562499996 0.3366581078125 0.33978458906250003 0.339929053125 0.3268529625 0.3378521921875 0.319887234375 0.33448611562499997 0.314958603125 0.2757174296875 0.30855434531250003
0 0 0.3318191171875 0.0862479265625 0.34574837187499996 0.09933068125 0.344328878125 0.11041625 0.3312633625 0.11404521406250001 0.32242393125 0.1132814359375 0.3136939140625 0.10921511718750002 0.3063524375 0.082842865625 0.3012373765625 0 0.286336928125 0 0.3318191171875
0 1 0.5317839921874999 0.9574935124999999 0.5278474609375 0.9304516171874999 0.5273357859375001 0.9020466375 0.5272049609375 0.8957990375 0.5355993734375 0.8929666624999999 0.5457877437499999 0.8941250078125 0.5590276937499999 1 0.565341553125 1 0.5317839921874999
3 0.97890625 0.51796875 0.0421875 0.0296875
2 0.55546875 0.0859375 0.053125 0.040625
2 0.41015625 0.41328125 0.05 0.0390625
2 0.1125 0.35859375 0.075 0.0328125
2 0.03203125 0.4078125 0.0640625 0.0375
2 0.39296875 0.6015625 0.05 0.040625
2 0.52890625 0.75234375 0.04375 0.0375
2 0.74453125 0.828125 0.0625 0.0359375
2 0.934375 0.515625 0.059375 0.0234375
1 0.6265625 0.0828125 0.0671875 0.0609375
1 0.5296875 0.025 0.09375 0.05
1 0.4671875 0.58828125 0.0671875 0.0671875
1 0.2671875 0.9609375 0.084375 0.075
1 0.4875 0.8875 0.0796875 0.065625
1 0.9328125 0.46953125 0.090625 0.0390625
1 0.48125 0.50703125 0.0703125 0.065625
1 0.56875 0.1984375 0.0609375 0.0609375
1 0.5859375 0.2625 0.059375 0.0578125
1 0.534375 0.3953125 0.0578125 0.0609375
1 0.62734375 0.60078125 0.0640625 0.0609375
1 0.49609375 0.32890625 0.0625 0.0609375
1 0.88984375 0.01796875 0.0734375 0.0359375
1 0.4046875 0.509375 0.0625 0.065625