0 0.61098770625 0.1718425375 0.647311165625 0.0368753671875 0.651085884375 0.009344004687500001 0.6249603640625 0.0075171312500000005 0.594910234375 0.11080138125000001 0.5859769234375001 0.15888613437500002 0.605322865625 0.1697221859375 0.61098770625 0.1718425375
0 0.2731577921875 0.8275345515625 0.262664896875 0.823824178125 0.2577909671875 0.825184296875 0.2541069828125 0.8300294953125 0.19723747187500001 0.98004973125 0.23933930781249999 0.9829937781250001 0.285195115625 0.8535519953125 0.286508240625 0.8450522375 0.28178015625 0.8374926374999999 0.2731577921875 0.8275345515625
0 0.2742272671875 0.8259084015625 0.278893009375 0.8241084890625 0.3309687578125 0.6431983671875 0.3279643015625 0.634908828125 0.318897025 0.62789626875 0.312624959375 0.6253315125000001 0.305045640625 0.62437628125 0.3006768578125 0.6253464875 0.2492225125 0.797370146875 0.2547558671875 0.8139159734374999 0.2742272671875 0.8259084015625
0 0.46568009374999997 0.061853421875 0.459670578125 0.061073464062500006 0.42053531250000004 0.18424307499999998 0.41961178437499996 0.20612214843749999 0.4204941640625 0.21373822343749999 0.4330182984375 0.22252809999999998 0.43973228906250006 0.22479624843749998 0.44310001874999994 0.21999549531249998 0.48042491875 0.0966992921875 0.4801951703125 0.085531534375 0.479136671875 0.0775434109375 0.477902946875 0.07206116093750001 0.4741552734375 0.0678420453125 0.46977911250000004 0.0639387125 0.46568009374999997 0.061853421875
3 0.165625 0.29921875 0.046875 0.059375
2 0.0921875 0.02265625 0.03125 0.0453125
2 0.0609375 0.34140625 0.0375 0.05
2 0.08359375 0.2859375 0.0359375 0.0484375
2 0.11953125 0.2984375 0.034375 0.05
2 0.18984375 0.21796875 0.034375 0.0421875
2 0.2859375 0.1359375 0.034375 0.0421875
2 0.03125 0.2296875 0.0296875 0.05
2 0.2609375 0.48984375 0.034375 0.0484375
2 0.37890625 0.55078125 0.034375 0.046875
2 0.4953125 0.56015625 0.03125 0.0453125
2 0.53828125 0.65625 0.034375 0.0421875
2 0.6046875 0.9234375 0.0375 0.0453125
2 0.64453125 0.853125 0.0375 0.040625
2 0.7296875 0.83046875 0.040625 0.0484375
2 0.76796875 0.81796875 0.040625 0.05
2 0.65078125 0.72578125 0.0375 0.0453125
2 0.6609375 0.76953125 0.040625 0.0453125
2 0.7015625 0.684375 0.0375 0.0453125
2 0.58046875 0.12734375 0.0203125 0.053125
2 0.43125 0.26171875 0.0328125 0.0421875
1 0.05703125 0.02734375 0.0453125 0.0546875
1 0.12265625 0.03203125 0.0453125 0.0640625
1 0.16015625 0.0875 0.0484375 0.0625
1 0.2078125 0.1203125 0.0515625 0.0625
1 0.0984375 0.246875 0.046875 0.059375
1 0.065625 0.109375 0.0515625 0.0703125
1 0.11640625 0.17734375 0.0546875 0.065625
1 0.2421875 0.359375 0.053125 0.059375
1 0.24140625 0.41640625 0.05625 0.0625
1 0.340625 0.21953125 0.0546875 0.0625
1 0.30625 0.46953125 0.0578125 0.0640625
1 0.33515625 0.42578125 0.05625 0.065625
1 0.3546875 0.275 0.0578125 0.065625
1 0.471875 0.32734375 0.053125 0.05625
1 0.5296875 0.4015625 0.05625 0.0578125
1 0.44453125 0.39453125 0.0578125 0.0625
1 0.42265625 0.51796875 0.0609375 0.075
1 0.7015625 0.52265625 0.05625 0.059375
1 0.93828125 0.83828125 0.0671875 0.0796875
1 0.86328125 0.88359375 0.065625 0.078125
1 0.8453125 0.74375 0.0640625 0.0734375
1 0.76875 0.7375 0.065625 0.0703125
1 0.7078125 0.7484375 0.0640625 0.071875
1 0.75859375 0.675 0.0625 0.0640625
1 0.6421875 0.6546875 0.0609375 0.06875
1 0.53828125 0.11796875 0.0359375 0.0796875
1 0.6109375 0.58046875 0.0609375 0.0625
1 0.853125 0.34296875 0.0546875 0.0875