0 0 0.6980359859374999 0.0960733546875 0.6735829156250001 0.14762600937499998 0.6599513499999999 0.161316925 0.6545255328125 0.1675885078125 0.6469998484375 0.1642570875 0.6368435921875 0.157387953125 0.6283496515625 0.1517912015625 0.622340871875 0.14349066562499999 0.6204719187500001 0.1333933359375 0.6210345546875 0 0.65378844375 0 0.6980359859374999
0 1 0.3431622890625 0.9030679140625001 0.36067345 0.9001165546875001 0.3695930703125 0.9098514812499999 0.3838925375 0.920987696875 0.38655398281250003 0.951797203125 0.38327903281250003 1 0.3736222890625 1 0.3431622890625
3 0.79375 0.778125 0.0609375 0.0484375
3 0.4765625 0.6265625 0.0703125 0.0640625
2 0.97109375 0.95078125 0.0421875 0.03125
1 0.9046875 0.9484375 0.06875 0.0515625
1 0.621875 0.83984375 0.0640625 0.0578125
1 0.55625 0.696875 0.0546875 0.0578125
2 0.50625 0.8171875 0.046875 0.0359375
2 0.51328125 0.78046875 0.05625 0.0359375
1 0.40390625 0.490625 0.0703125 0.0640625
1 0.38203125 0.359375 0.059375 0.0625
1 0.87421875 0.45859375 0.08125 0.0328125
1 0.7765625 0.1875 0.1 0.0515625
1 0.6859375 0.08515625 0.0921875 0.0578125
1 0.51484375 0.59765625 0.0609375 0.0609375
1 0.21953125 0.1671875 0.0703125 0.0671875
1 0.15 0.03359375 0.084375 0.0671875
2 0.47890625 0.05625 0.0453125 0.0359375
2 0.7015625 0.6375 0.04375 0.034375
2 0.3703125 0.5703125 0.05 0.034375
1 0.78046875 0.41875 0.0828125 0.0296875
1 0.86015625 0.39921875 0.084375 0.03125
1 0.546875 0.3515625 0.0671875 0.0578125
1 0.10859375 0.61015625 0.1 0.0421875