2 0.2 0.73046875 0.0515625 0.0484375
1 0.13046875 0.86640625 0.109375 0.0671875
1 0.053125 0.82578125 0.10625 0.0671875
2 0.3671875 0.9078125 0.053125 0.05
2 0.65390625 0.87890625 0.0453125 0.04375
2 0.67109375 0.84921875 0.04375 0.04375
2 0.703125 0.846875 0.0390625 0.0421875
2 0.66484375 0.7515625 0.0390625 0.0390625
1 0.76640625 0.94375 0.0703125 0.0671875
1 0.67265625 0.8 0.0609375 0.0640625
1 0.6015625 0.8859375 0.0625 0.0671875
1 0.54921875 0.975 0.0609375 0.05
1 0.54921875 0.921875 0.059375 0.0671875
1 0.51015625 0.734375 0.0578125 0.0609375
3 0.540625 0.82421875 0.0859375 0.1125
0 0.6109375 0.79296875 0.0859375 0.1375
0 0.6109375 0.95859375 0.084375 0.0828125
1 0.36171875 0.4984375 0.059375 0.0671875
1 0.83125 0.57890625 0.0921875 0.0453125
2 0.04921875 0.4109375 0.06875 0.0296875
2 0.409375 0.34765625 0.0546875 0.04375
2 0.34375 0.16328125 0.04375 0.0453125
3 0.44765625 0.190625 0.0546875 0.0640625
1 0.30234375 0.01171875 0.1046875 0.0234375
1 0.4046875 0.0390625 0.059375 0.071875
1 0.45625 0.01484375 0.046875 0.0296875
1 0.515625 0.0453125 0.0578125 0.075
1 0.47734375 0.0984375 0.0609375 0.078125
1 0.39375 0.18203125 0.059375 0.0703125
1 0.42578125 0.27109375 0.084375 0.0796875
1 0.51015625 0.31640625 0.0703125 0.0671875
1 0.5703125 0.41796875 0.0875 0.065625
1 0.69609375 0.51953125 0.096875 0.059375
1 0.95625 0.53984375 0.0875 0.0390625
1 0.98359375 0.52265625 0.0328125 0.0265625
1 0.959375 0.48828125 0.08125 0.0421875
1 0.98515625 0.46875 0.0296875 0.03125
3 0.92421875 0.50078125 0.0875 0.040625
1 0.9171875 0.11640625 0.0859375 0.0703125