2 0.24921875 0.76796875 0.03984375 0.03984375
1 0.125 0.76140873125 0.11272321406250001 0.7604166671875 0.0786830359375 0.8427579359375 0.098493303125 0.86904761875 0.13727678593749998 0.784226190625 0.125 0.76140873125
1 0.11662946406250001 0.8665674593749999 0.11272321406250001 0.8958333328125001 0.11356026875 0.8923611109375 0.15011160625 0.96378968125 0.169084821875 0.927579365625 0.13309151875 0.8556547625 0.11662946406250001 0.8665674593749999
1 0.290625 0.47421875 0.05390625 0.04921875
1 0.1171875 0.40859375 0.059375 0.0546875
1 0.159375 0.36015625 0.053125 0.04140625
1 0.253125 0.30859375 0.05625 0.04453125
1 0.05703125 0.403125 0.0609375 0.05859375
3 0.21015625 0.43046875 0.103125 0.06796875
0 0.25078125 0.36796875 0.12421875 0.06875
0 0.0640625 0.34140625 0.10546875 0.06875
2 0.1734375 0.315625 0.03359375 0.0375
2 0.20625 0.30546875 0.03515625 0.0421875
2 0.21328125 0.2734375 0.03515625 0.03203125
2 0.29765625 0.32265625 0.03203125 0.0296875
1 0.13203125 0.19765625 0.05546875 0.0625
1 0.37734375 0.6296875 0.06015625 0.053125
2 0.5296875 0.96484375 0.0234375 0.06796875
2 0.45859375 0.6890625 0.03671875 0.040625
1 0.6703125 0.56796875 0.059375 0.07890625
1 0.603125 0.47421875 0.0546875 0.08359375
1 0.50625 0.334375 0.0421875 0.08828125
1 0.54453125 0.075 0.0265625 0.09296875
1 0.56484375 0.034375 0.0234375 0.06875
1 0.596875 0.07578125 0.02578125 0.0890625
1 0.6171875 0.03671875 0.02421875 0.06875
3 0.57890625 0.1140625 0.03125 0.078125
2 0.946875 0.7328125 0.0375 0.0375
2 0.865625 0.7109375 0.03828125 0.03984375
1 0.78984375 0.70859375 0.06015625 0.05234375
1 0.8421875 0.66171875 0.06640625 0.05859375
1 0.92265625 0.68203125 0.0640625 0.05234375
1 0.975 0.61875 0.04765625 0.0515625
1 0.8578125 0.56484375 0.05625 0.04453125
1 0.784375 0.5765625 0.06171875 0.05078125
3 0.88359375 0.615625 0.05546875 0.03984375
1 0.90234375 0.03671875 0.04609375 0.04296875
1 0.94375 0.18046875 0.05625 0.0671875
1 0.8404017859374999 0.077876984375 0.8270089296875 0.05009920624999999 0.8094308046875 0.022817459374999998 0.7926897328125 0.053571429687500005 0.8247767859374999 0.112103175 0.8342633921875 0.110119046875 0.8426339296875 0.0892857140625 0.8404017859374999 0.077876984375