0 0.188230671875 0.368258240625 0.188230671875 0.3910371 0.20104377968749998 0.4089347765625 0.3059892421875 0.41110419218749994 0.308429834375 0.4040535921875 0.30965013125 0.37368177812500003 0.3072095390625 0.363919409375 0.30171820625 0.35632645625000003 0.29409135625 0.348733503125 0.20836555625000003 0.34927585625 0.1961625953125 0.3503605640625 0.1909763375 0.35144527187499996 0.188230671875 0.368258240625
3 0.1994624171875 0.41161179062500003 0.197974425 0.41743149375 0.1816065078125 0.41266991875 0.172678553125 0.4105536625 0.1619650078125 0.40843740625 0.1488706734375 0.4121408546875 0.1435139 0.405263021875 0.1369667328125 0.405263021875 0.1336931484375 0.4121408546875 0.12982436875 0.41266991875 0.12476519374999999 0.42219306874999996 0.1259555875 0.4322452859375 0.12833637656250002 0.440710309375 0.135704915625 0.451291590625 0.14582326406249999 0.4549950375 0.15504881875 0.46610538124999995 0.2234964734375 0.47192508593750004 0.22766285156250002 0.45234971875 0.2288532453125 0.424838390625 0.2244606921875 0.41796055781249997 0.21523513749999998 0.4121408546875 0.1994624171875 0.41161179062500003
3 0.56794921875 0.156241159375 0.5714142437499999 0.1584811765625 0.579289303125 0.15960118437499998 0.5855893484375 0.1534411390625 0.5849593453125 0.13552100625000002 0.5827543281249999 0.11872088125 0.5840143375 0.109760815625 0.579289303125 0.07336054374999999 0.5607041640625 0.07672056875 0.5603891625 0.094640703125 0.56794921875 0.156241159375
2 0.88515625 0.40390625 0.034375 0.03203125
2 0.8421875 0.75546875 0.03671875 0.02890625
2 0.5296875 0.96953125 0.02109375 0.06015625
2 0.52421875 0.6265625 0.01953125 0.0609375
2 0.03671875 0.3453125 0.0359375 0.034375
2 0.171875 0.328125 0.034375 0.03203125
2 0.20546875 0.3171875 0.03359375 0.03828125
2 0.29609375 0.33359375 0.03125 0.02890625
2 0.31015625 0.7671875 0.034375 0.03984375
1 0.1 0.3671875 0.05390625 0.0421875
1 0.08671875 0.41484375 0.05859375 0.040625
1 0.2515625 0.31875 0.05546875 0.03828125
1 0.28828125 0.48515625 0.0484375 0.03984375
1 0.49140625 0.34765625 0.028125 0.08671875
1 0.48359375 0.203125 0.02890625 0.0921875
1 0.59296875 0.08203125 0.025 0.0875
1 0.5421875 0.0796875 0.02421875 0.0875
1 0.94140625 0.68828125 0.06796875 0.05
1 0.9328125 0.7375 0.0578125 0.040625
1 0.8640625 0.67109375 0.05859375 0.040625
1 0.928125 0.5828125 0.05859375 0.03828125
1 0.6390625 0.52265625 0.04296875 0.09296875
1 0.72265625 0.4453125 0.05078125 0.06484375
1 0.1984375 0.896875 0.05078125 0.11875
1 0.11171875 0.79609375 0.04140625 0.1
1 0.93984375 0.18125 0.05390625 0.059375
1 0.80859375 0.1265625 0.04296875 0.084375