0 0.29282256093750003 0.734683125 0.28996394062499997 0.7372990921875 0.2882989125 0.7522258453124999 0.27341936875 0.9210944390625 0.2739864421875 0.933482153125 0.2823457140625 0.9471780750000001 0.29701954218750004 0.9527375109375 0.30654423125 0.9577966968749999 0.3114586828125 0.9537958203124999 0.327377765625 0.7519575046875 0.3243338234375 0.742705128125 0.3178047421875 0.73614564375 0.3036496546875 0.732221240625 0.2992640234375 0.732759728125 0.29282256093750003 0.734683125
0 0.323281053125 1 0.3251915046875 0.9860246374999999 0.323888 0.9754084531249999 0.31813080625 0.9684180375 0.3058797578125 0.9601723484375 0.299483578125 0.957365621875 0.2938678609375 0.9585683015625 0.287267196875 0.9634839921875 0.28318500156250004 0.986564003125 0.2811155046875 1 0.323281053125 1
0 0.5324667578125 0.32716155625 0.527319828125 0.324078596875 0.52625493125 0.334823415625 0.5253457953125 0.34926403125 0.5249049140625 0.35780941718750003 0.5262425828125 0.39054877656250003 0.5316094703124999 0.397850353125 0.6346595015625 0.4361449140625 0.63938444375 0.43821828281249997 0.6418710640625 0.434198040625 0.643495784375 0.42073096718749997 0.644350171875 0.400990040625 0.6420297265625 0.3869459671875 0.6393146703125 0.37454245468749997 0.63545259375 0.3649332953125 0.6296542734374999 0.361399615625 0.5324667578125 0.32716155625
0 0.49685131875 0 0.4903725921875 0.1156898609375 0.49128299843749995 0.16727255937500002 0.499198375 0.171981384375 0.5094217765625 0.1747026078125 0.5198907359375 0.176825609375 0.521796584375 0.1663663171875 0.52896438125 0.019491914062499997 0.526344 0 0.49685131875 0
3 0.00859375 0.453125 0.0171875 0.06875
3 0.1703125 0.3 0.0671875 0.075
2 0.015625 0.3796875 0.03125 0.05625
2 0.0515625 0.503125 0.040625 0.053125
2 0.10078125 0.50625 0.0421875 0.05
2 0.10703125 0.5453125 0.040625 0.053125
2 0.0984375 0.72734375 0.0421875 0.065625
2 0.2171875 0.62109375 0.0390625 0.05
2 0.2921875 0.62734375 0.0390625 0.05
2 0.34609375 0.6359375 0.040625 0.053125
2 0.446875 0.6953125 0.0390625 0.05
2 0.5078125 0.71015625 0.0421875 0.05625
2 0.5484375 0.75546875 0.0421875 0.0484375
2 0.71953125 0.76640625 0.04375 0.0546875
2 0.915625 0.878125 0.046875 0.0546875
2 0.4765625 0.1359375 0.025 0.059375
2 0.62734375 0.09375 0.03125 0.059375
2 0.22578125 0.38203125 0.0390625 0.046875
1 0.02578125 0.18125 0.0515625 0.075
1 0.05703125 0.253125 0.0640625 0.06875
1 0.115625 0.23125 0.059375 0.065625
1 0.16640625 0.1046875 0.0546875 0.0515625
1 0.43359375 0.44375 0.065625 0.071875
1 0.36484375 0.58828125 0.059375 0.0640625
1 0.34765625 0.53046875 0.065625 0.065625
1 0.4984375 0.64375 0.0671875 0.071875
1 0.596875 0.72421875 0.0703125 0.0765625
1 0.64921875 0.6859375 0.0703125 0.0765625
1 0.70859375 0.66015625 0.0734375 0.0734375
1 0.82578125 0.70390625 0.078125 0.0859375
1 0.89921875 0.6203125 0.078125 0.0890625
1 0.87578125 0.54140625 0.0640625 0.078125
1 0.746875 0.53203125 0.0671875 0.075
1 0.8140625 0.296875 0.065625 0.0984375
1 0.62109375 0.4921875 0.0671875 0.078125
1 0.62421875 0.62890625 0.0703125 0.0703125
1 0.4265625 0.55625 0.0671875 0.06875
1 0.37734375 0.33203125 0.0625 0.065625
1 0.184375 0.56015625 0.06875 0.078125
1 0.1609375 0.50078125 0.0671875 0.06875
1 0.0765625 0.41171875 0.0640625 0.0703125
1 0.0765625 0.4640625 0.059375 0.065625
1 0.00546875 0.40390625 0.0109375 0.0640625
1 0.03359375 0.3234375 0.0640625 0.071875
1 0.2921875 0.41015625 0.0609375 0.06875
1 0.43203125 0.1375 0.0421875 0.090625
1 0.25234375 0.30234375 0.0625 0.065625
1 0.13359375 0.35546875 0.0640625 0.06875
1 0.26796875 0.5015625 0.0609375 0.0609375
1 0.81796875 0.76171875 0.0765625 0.084375
2 0.384375 0.940625 0.0359375 0.071875
1 0.34296875 0.859375 0.0515625 0.1125