1 0.1324869796875 0.7893518515625 0.11328125 0.777777778125 0.073567709375 0.84375 0.088216146875 0.8767361109375 0.1305338546875 0.810185184375 0.1324869796875 0.7893518515625
1 0.1350911453125 0.8396990734375 0.1246744796875 0.8391203703125001 0.1142578125 0.8547453703125001 0.1123046875 0.8697916671874999 0.140625 0.95023148125 0.1637369796875 0.9149305562500001 0.1350911453125 0.8396990734375
1 0.224934896875 0.9074074062499999 0.1975911453125 0.8165509265625 0.1901041671875 0.8165509265625 0.1744791671875 0.8333333328125001 0.1712239578125 0.8524305562500001 0.19921875 0.9334490734375 0.2080078125 0.9415509265625 0.2255859375 0.9212962953125 0.224934896875 0.9074074062499999
2 0.1370442703125 0.621527778125 0.1451822921875 0.5850694437499999 0.1080729171875 0.5706018515625 0.1022135421875 0.58101851875 0.1009114578125 0.5920138890625 0.1057942703125 0.6035879625 0.1370442703125 0.621527778125
2 0.25 0.765625 0.04140625 0.04140625
1 0.32109375 0.60546875 0.06171875 0.0515625
1 0.28984375 0.4703125 0.0546875 0.04921875
1 0.05703125 0.39453125 0.05859375 0.0578125
1 0.11640625 0.40390625 0.059375 0.059375
1 0.16015625 0.359375 0.05703125 0.05
1 0.25234375 0.30546875 0.05625 0.0421875
3 0.2109375 0.42890625 0.10703125 0.06953125
0 0.2515625 0.36328125 0.12578125 0.0703125
0 0.075 0.3359375 0.10625 0.06640625
2 0.17265625 0.3109375 0.0359375 0.03046875
2 0.20625 0.3 0.03671875 0.0359375
2 0.21171875 0.2703125 0.03515625 0.03828125
2 0.29765625 0.31796875 0.0328125 0.04375
1 0.1588541671875 0.19444444375 0.15625 0.1834490734375 0.1080729171875 0.158564815625 0.1028645828125 0.1956018515625 0.142578125 0.2297453703125 0.150390625 0.22627314843750002 0.158203125 0.212384259375 0.1588541671875 0.19444444375
2 0.1783854171875 1 0.185546875 0.9785879625 0.1588541671875 0.95023148125 0.1448567703125 0.9756944437499999 0.1572265625 1 0.1783854171875 1
2 0.52890625 0.96015625 0.021875 0.07109375
1 0.57109375 0.9734375 0.03125 0.05234375
1 0.71171875 0.72734375 0.0640625 0.04765625
1 0.6828125 0.65078125 0.0609375 0.053125
1 0.796875 0.565625 0.0703125 0.04609375
1 0.8484375 0.6328125 0.0609375 0.05078125
3 0.5609375 0.60078125 0.05546875 0.053125
1 0.7041015625 0.497685184375 0.6962890625 0.49884259374999995 0.6861979171875 0.533564815625 0.6917317703125 0.5474537046875 0.7405598953125 0.5868055562500001 0.7529296875 0.546875 0.7041015625 0.497685184375
1 0.4733072921875 0.2737268515625 0.4733072921875 0.2887731484375 0.5013020828125 0.3703703703125 0.5266927078125 0.3396990734375 0.4957682296875 0.2552083328125 0.4733072921875 0.2737268515625
1 0.4586588546875 0.0034722218749999997 0.4609375 0.06365740625 0.4837239578125 0.059027778125 0.4837239578125 0 0.4586588546875 0.0034722218749999997
1 0.5598958328125 0.1041666671875 0.5498046875 0.0214120375 0.53125 0.0260416671875 0.53125 0.0416666671875 0.5364583328125 0.10532407343750001 0.5436197921875 0.11747685156250001 0.5524088546875 0.11747685156250001 0.5598958328125 0.1041666671875
1 0.5517578125 0.00115740625 0.556640625 0.0671296296875 0.5777994796875 0.0625 0.5764973953125 0 0.5517578125 0.00115740625
1 0.6100260421875 0.1076388890625 0.6028645828125 0.024884259375000002 0.5807291671875 0.0364583328125 0.5885416671875 0.1111111109375 0.5947265625 0.11689814843749999 0.6022135421875 0.11805555625 0.6100260421875 0.1076388890625
1 0.6028645828125 0.00115740625 0.6067708328125 0.07291666718749999 0.6315104171875 0.06944444375 0.62890625 0 0.6028645828125 0.00115740625
3 0.5830078125 0.059606481249999996 0.5611979171875 0.07118055625 0.5615234375 0.0931712953125 0.5709635421875 0.1521990734375 0.5888671875 0.1504629625 0.5908203125 0.1365740734375 0.5830078125 0.059606481249999996
0 0.826171875 0.6678240734374999 0.826171875 0.732060184375 0.9677734375 0.7326388890625 0.9632161453125001 0.669560184375 0.826171875 0.6678240734374999
1 0.9762369796874999 0.658564815625 0.974609375 0.62210648125 0.912109375 0.625 0.9127604171874999 0.662615740625 0.9241536453125001 0.6672453703125 0.9749348953125001 0.669560184375 0.9762369796874999 0.658564815625
1 0.9423828125 0.5665509265625001 0.9274088546874999 0.5607638890625 0.8805338546874999 0.5642361109375 0.8782552078125001 0.5630787046875 0.8802083328125001 0.6053240734374999 0.9378255203125001 0.6111111109375 0.9430338546874999 0.605902778125 0.9423828125 0.5665509265625001
1 1 0.5549768515625 0.9661458328125001 0.5619212953125 0.9638671875 0.5723379625 0.9671223953125001 0.6018518515625 0.9749348953125001 0.6151620375 1 0.6151620375 1 0.5549768515625
1 0.9713541671874999 0.165509259375 0.9573567703125001 0.14004629531249999 0.9140625 0.17129629531249999 0.9166666671874999 0.18865740625 0.9251302078125001 0.21354166718749998 0.9733072921874999 0.1776620375 0.9713541671874999 0.165509259375
1 0.9244791671874999 0.014467593749999999 0.876953125 0.0150462953125 0.8766276046874999 0.0208333328125 0.8772786453125001 0.0567129625 0.923828125 0.0567129625 0.9283854171874999 0.03993055625 0.9244791671874999 0.014467593749999999
1 0.8076171875 0.014467593749999999 0.79296875 0.05208333281250001 0.8225911453125001 0.0862268515625 0.8313802078125001 0.078125 0.8372395828125001 0.053240740625000005 0.8076171875 0.014467593749999999