0 1 0.6965188921875 0.822969490625 0.649737734375 0.8122124234375001 0.648872803125 0.8068338890625 0.6510351328125 0.7995344515625 0.6588195203125 0.796461003125 0.6640091124999999 0.7937717375 0.669847403125 0.7914666515625 0.6746045296875 0.7949242796875 0.679794121875 0.805681346875 0.6856324125000001 0.8483254328125 0.69795769375 0.8492782015625 0.6975252281250001 0.994114425 0.7375283328125 1 0.7382812078125001 1 0.6965188921875
0 1 0.516597209375 0.8039227890625 0.485737171875 0.7925894015625 0.48488665312499996 0.7782337765625 0.4887139921875 0.7699226265625 0.501259165625 0.7684115078125 0.50721280625 0.7684115078125 0.5108275171875001 0.7710559640625 0.5155053781250001 0.8039227890625 0.5201832390625001 0.8046783468750001 0.519757978125 0.9705235859375 0.5480377734374999 0.9803458546874999 0.5486756640625 0.996212596875 0.5480377734374999 1 0.54452045625 1 0.516597209375
0 0.0470157375 0.56239209375 0.052653689062499995 0.565565365625 0.0790815828125 0.567746990625 0.0787292109375 0.567746990625 0.179155209375 0.5804400828125 0.185497903125 0.5802417531249999 0.200297525 0.5800434234375 0.21192579843749998 0.5786551171875 0.2168590046875 0.5695319578125 0.21721137656249997 0.5610037859375 0.2147447734375 0.5524756156249999 0.0766149796875 0.5376008999999999 0.0642819625 0.538592546875 0.056882151562500004 0.5395841953125 0.0512442015625 0.541567490625 0.047368109375 0.5465257296875 0.046663365624999995 0.556243878125 0.0470157375 0.56239209375
3 0.190625 0.7890625 0.0546875 0.0453125
3 0.35 0.5734375 0.059375 0.046875
3 0.91171875 0.32734375 0.0890625 0.0828125
3 0.7359375 0.5328125 0.146875 0.0375
2 0.0875 0.8796875 0.046875 0.03125
2 0.22578125 0.725 0.04375 0.03125
2 0.26875 0.7015625 0.040625 0.03125
2 0.25234375 0.6625 0.040625 0.03125
2 0.3328125 0.50859375 0.0390625 0.03125
2 0.62109375 0.46328125 0.0671875 0.021875
1 0.18984375 0.8546875 0.071875 0.05625
1 0.14609375 0.86015625 0.0578125 0.05
1 0.15390625 0.7875 0.05625 0.053125
1 0.19609375 0.9546875 0.065625 0.053125
1 0.31640625 0.63984375 0.059375 0.0515625
1 0.39921875 0.5890625 0.0546875 0.05625
1 0.2984375 0.79375 0.0625 0.053125
2 0.82578125 0.246875 0.0421875 0.0375
1 0.6875 0.1640625 0.0625 0.0609375
1 0.365625 0.6828125 0.05625 0.053125
1 0.59296875 0.534375 0.0984375 0.0328125
1 0.49609375 0.4875 0.096875 0.028125
1 0.7625 0.27578125 0.071875 0.071875
1 0.69375 0.2796875 0.059375 0.0578125
1 0.7875 0.17421875 0.0609375 0.0671875
1 0.7921875 0.0515625 0.075 0.0609375
1 0.86953125 0.159375 0.0515625 0.0609375
2 0.90546875 0.059375 0.0453125 0.040625
2 0.865625 0.23515625 0.0375 0.0375
1 0.05703125 0.96875 0.059375 0.046875