0 0.2872731734375 0.6281468218749999 0.2951823578125 0.6151750875 0.2982434625 0.5890636953125 0.29675276093749997 0.5736875625 0.18619055 0.563565709375 0.1737303359375 0.5786061671875 0.1709678390625 0.6025928609375 0.1702205453125 0.6165711359375 0.1737264515625 0.6219388453125 0.18521541875 0.622470184375 0.27630560000000004 0.636897071875 0.2872731734375 0.6281468218749999
0 0 0.6223491875 0.0240251890625 0.6171470609374999 0.038203228125 0.6060770875 0.0402193390625 0.5938203671875 0.0359763296875 0.561351384375 0 0.570111965625 0 0.6223491875
3 0.2552863875 0.505297921875 0.1828759203125 0.496687565625 0.1743181 0.50540455625 0.167559125 0.5013221015625 0.1626685140625 0.5110765749999999 0.1579943265625 0.5130301109375 0.1535348765625 0.52597771875 0.14914813124999998 0.5300600140625 0.14770924218749998 0.5382112328125 0.1496499359375 0.5473595125 0.154539421875 0.5501350453125 0.156695790625 0.559835725 0.1687049578125 0.5536921515625 0.1853871890625 0.5581250468750001 0.1994093765625 0.55644110625 0.220190728125 0.5567512828125001 0.219614909375 0.5629354390625 0.23780760937499998 0.5628818046874999 0.2463648671875 0.5604298187500001 0.251470965625 0.5533160828125 0.25456535156250004 0.5271243734375 0.2552863875 0.505297921875
3 0.5383113390625 0.9089407843749999 0.5428869765625 0.891871590625 0.5451754890625 0.875587978125 0.54182178125 0.8684745484375 0.5354183109374999 0.8653605671875001 0.529166815625 0.8678030250000001 0.5123136625 0.925766846875 0.509186028125 0.9480211171875 0.5281679828125 0.9545634125 0.53861568125 0.9156256546874999 0.5383113390625 0.9089407843749999
2 0.28984375 0.190625 0.0390625 0.0375
2 0.603125 0.0375 0.025 0.0546875
2 0.775 0.2890625 0.0375 0.0328125
2 0.43671875 0.90234375 0.025 0.0578125
2 0.14921875 0.6390625 0.0390625 0.040625
2 0.18125 0.65546875 0.0390625 0.040625
2 0.14765625 0.67890625 0.040625 0.046875
2 0.27578125 0.65078125 0.0359375 0.034375
1 0.10078125 0.540625 0.0625 0.0546875
1 0.140625 0.59140625 0.0609375 0.05
1 0.290625 0.496875 0.0546875 0.0484375
1 0.228125 0.6609375 0.0609375 0.0484375
1 0.25625 0.06484375 0.0703125 0.128125
1 0.19921875 0.0421875 0.0640625 0.084375
1 0.15390625 0.1359375 0.0640625 0.10625
1 0.959375 0.375 0.075 0.059375
1 0.965625 0.325 0.0671875 0.0484375
1 0.940625 0.48125 0.0671875 0.0546875
1 0.91328125 0.6234375 0.0640625 0.0625
1 0.9375 0.74453125 0.0640625 0.084375
1 0.91015625 0.89296875 0.0609375 0.0671875
1 0.49140625 0.94140625 0.0375 0.0921875
1 0.54296875 0.94765625 0.0375 0.0953125
1 0.7359375 0.3390625 0.0625 0.0578125
1 0.86796875 0.41171875 0.065625 0.046875
1 0.82578125 0.45390625 0.0640625 0.0484375
1 0.68984375 0.46640625 0.0640625 0.0734375
1 0.0296875 0.53984375 0.059375 0.0609375