0 0.36861282812499996 0.2714795359375 0.38210056875 0.2779904953125 0.407430846875 0.2796978125 0.42633069375000004 0.27786426249999996 0.428350209375 0.1615663328125 0.41423748125 0.1502146765625 0.39972575312499997 0.1480527640625 0.3800023640625 0.14693475312499998 0.370040446875 0.15002605468750002 0.36716515781250003 0.16659554375000002 0.35859038593750003 0.258966115625 0.36861282812499996 0.2714795359375
0 0.3582906421875 0 0.3547372453125 0.052917468749999995 0.361000328125 0.0634440953125 0.3702654125 0.0723762390625 0.392231559375 0.0737299734375 0.4127472859375 0.072702925 0.41910770625 0 0.3582906421875 0
3 0.4961122171875 0.22942862812499998 0.500148125 0.1554459625 0.4903277609375 0.14721313593750002 0.493562590625 0.14185260625 0.4837110375 0.13391653125 0.48212747812499995 0.128649621875 0.4675805125 0.12472045312499999 0.46164463125 0.12019620625 0.45203903749999996 0.12008670156250001 0.4441417625 0.12405710781249998 0.4427105953125 0.127507015625 0.43378761875 0.1310695890625 0.4410575453125 0.143234740625 0.4357365640625 0.15827691875 0.43831285781249996 0.16934869375 0.44069667968750004 0.1975018140625 0.43429295156250003 0.1974288109375 0.434660115625 0.21426894999999999 0.43785842500000005 0.22450601718750002 0.444820009375 0.229438096875 0.4760606890625 0.2321215703125 0.4961122171875 0.22942862812499998
3 0.0833962046875 0.5439493343749999 0.0971295625 0.54737125625 0.1167736859375 0.55042518125 0.1247010671875 0.5476311546875 0.128974246875 0.5404960796875 0.123920459375 0.532710446875 0.063862734375 0.5174949296875 0.0394694265625 0.5149310890625001 0.0350209421875 0.5349079125 0.036182528125 0.53503 0.07509370625 0.5447254484374999 0.0833962046875 0.5439493343749999
3 0.59296875 0.89375 0.05 0.0625
2 0.70234375 0.9640625 0.0359375 0.0453125
2 0.68984375 0.85390625 0.040625 0.0421875
2 0.82734375 0.25625 0.0375 0.0375
2 0.7 0.37109375 0.0421875 0.0359375
2 0.35 0.125 0.0421875 0.040625
2 0.3328125 0.159375 0.04375 0.0390625
2 0.296875 0.16171875 0.03125 0.0375
2 0.34453125 0.26015625 0.0375 0.0375
1 0.453125 0.0734375 0.0546875 0.0640625
1 0.4 0.11484375 0.05 0.0609375
1 0.33203125 0.209375 0.0484375 0.0640625
1 0.6546875 0.2546875 0.05625 0.0640625
1 0.9453125 0.21640625 0.109375 0.0671875
1 0.890625 0.1109375 0.1078125 0.0640625
1 0.69453125 0.7515625 0.05 0.065625
1 0.64140625 0.84609375 0.0671875 0.0765625
1 0.6546875 0.93203125 0.0546875 0.06875
1 0.578125 0.975 0.059375 0.05
1 0.54609375 0.8328125 0.0453125 0.0609375
1 0.50859375 0.63046875 0.0890625 0.0640625
1 0.4 0.54921875 0.09375 0.0609375
1 0.234375 0.453125 0.096875 0.040625
1 0.04765625 0.49609375 0.0953125 0.0359375
1 0.0453125 0.5515625 0.090625 0.034375
1 0.50546875 0.26875 0.05 0.0578125
2 0.98203125 0.5765625 0.0265625 0.0234375
1 0.55546875 0.75703125 0.0578125 0.0640625