0 0.293177678125 0.8346026312499999 0.2996867109375 0.8365312328125001 0.3023988078125 0.8336383296875001 0.3398257453125 0.6557247703125 0.3398257453125 0.6484925125000001 0.3357576 0.64318885625 0.32490921250000004 0.6369208984375 0.31948501875 0.635474446875 0.3132471953125 0.635474446875 0.30917905 0.6369208984375 0.30022913125 0.6745286421875 0.2706672734375 0.8085665000000001 0.274193 0.8201381124999999 0.28043082343750003 0.8268882218750001 0.293177678125 0.8346026312499999
0 0.311748028125 0.859403346875 0.3110247140625 0.8542597859375001 0.30547931250000004 0.8469730734375001 0.2975228671875 0.8384004718750001 0.29149525625 0.8358286906249999 0.28619095781250004 0.8375432109375 0.2820921828125 0.8379718421875 0.278716721875 0.840543621875 0.27558236406250003 0.8516880046875 0.23097804375000003 1 0.2746179453125 0.99999401875 0.308854775 0.8692618375000001 0.311748028125 0.859403346875
0 0.42244526718750003 0.1844038609375 0.4285935328125 0.18334609375 0.4593348546875 0.057824537499999995 0.4579465359375 0.0416054609375 0.4539799140625 0.033848509375 0.4462450015625 0.0285596796875 0.4400967359375 0.0271493265625 0.43613011406249996 0.028207092187499998 0.4285935328125 0.057471948437499996 0.40558712343750003 0.1449139328125 0.40638044687499997 0.1738262015625 0.415305346875 0.17982020781250002 0.42244526718750003 0.1844038609375
0 0.5827234015625 0 0.5605856250000001 0.11002765781249998 0.5558248125 0.1553082703125 0.5634421125 0.1586937375 0.5724876546875 0.1637719359375 0.5822473203125 0.1641951203125 0.6093839484375 0.0042318328125 0.6089078671875 0 0.5827234015625 0
3 0.38359375 0.55078125 0.046875 0.06015625
3 0.66640625 0.42890625 0.05703125 0.06640625
2 0.1046875 0.1921875 0.0328125 0.040625
2 0.053125 0.3421875 0.03359375 0.04453125
2 0.08828125 0.3578125 0.034375 0.04765625
2 0.309375 0.5484375 0.03203125 0.04453125
2 0.37421875 0.45 0.0296875 0.0421875
2 0.43515625 0.596875 0.0296875 0.04375
2 0.47890625 0.61015625 0.0328125 0.0453125
2 0.52734375 0.65703125 0.034375 0.04140625
2 0.66796875 0.7390625 0.03359375 0.0453125
2 0.628125 0.903125 0.034375 0.04375
2 0.8125 0.80703125 0.03671875 0.05
2 0.88359375 0.87109375 0.0390625 0.04765625
2 0.51328125 0.32265625 0.028125 0.04140625
2 0.54765625 0.1234375 0.01640625 0.053125
1 0.0234375 0.059375 0.046875 0.075
1 0.08828125 0.11796875 0.046875 0.06328125
1 0.16328125 0.17734375 0.05546875 0.06953125
1 0.1734375 0.12578125 0.0515625 0.0625
1 0.26015625 0.2375 0.05234375 0.0609375
1 0.2125 0.27265625 0.05234375 0.0640625
1 0.1765625 0.33984375 0.0484375 0.05546875
1 0.1671875 0.384375 0.0515625 0.0578125
1 0.18515625 0.44296875 0.05078125 0.05234375
1 0.2484375 0.43515625 0.05390625 0.0546875
1 0.3171875 0.421875 0.053125 0.05703125
1 0.3125 0.46640625 0.0515625 0.0546875
1 0.31328125 0.51015625 0.05390625 0.06015625
1 0.39453125 0.50390625 0.05390625 0.05625
1 0.43828125 0.48046875 0.053125 0.0578125
1 0.45390625 0.5546875 0.05234375 0.06015625
1 0.534375 0.58671875 0.05859375 0.06171875
1 0.6171875 0.44765625 0.04609375 0.05859375
1 0.609375 0.68203125 0.0609375 0.071875
1 0.6546875 0.6 0.05390625 0.05703125
1 0.74375 0.6453125 0.0578125 0.0609375
1 0.75625 0.7078125 0.05390625 0.0609375
1 0.8359375 0.6984375 0.0625 0.071875
1 0.865625 0.8 0.06171875 0.06953125
1 0.9546875 0.80234375 0.06328125 0.07890625
1 0.9609375 0.66796875 0.0546875 0.075
2 0.7546875 0.51875 0.0328125 0.0390625
1 0.43671875 0.325 0.053125 0.0640625
1 0.14375 0.23203125 0.046875 0.05625
1 0.11484375 0.29921875 0.0484375 0.05390625
1 0.05078125 0.16953125 0.046875 0.0640625
1 0.54765625 0.43671875 0.0515625 0.06015625
1 0.8171875 0.54140625 0.05234375 0.0625
1 0.8453125 0.6046875 0.0546875 0.06484375