0 0.97734375 0.415625 0.0453125 0.09375
0 0.6395529859375 0.5308122281250001 0.6427224265625 0.5611491187500001 0.6643166953125 0.56924664375 0.8686341171875 0.5999884296875 0.87792131875 0.5971785484375001 0.8782259265624999 0.585194634375 0.8768436718749999 0.5670617046875 0.8515710750000001 0.5586500625 0.69055418125 0.5371968265625 0.6395529859375 0.5308122281250001
0 0.25943422968749996 0.366685021875 0.25365692968750003 0.369191703125 0.2536913203125 0.37656824218749996 0.25613310624999996 0.3874395703125 0.26124814375 0.391346309375 0.2688237484375 0.3966559609375 0.276769965625 0.4004791671875 0.434079046875 0.4139128484375 0.4390103640625 0.405406125 0.43808541874999996 0.39596555312500004 0.43716047343750003 0.38652498281250003 0.41276590312500006 0.377285034375 0.2819687234375 0.368356378125 0.25943422968749996 0.366685021875
0 0.1060715546875 0.336630821875 0.10353794999999999 0.3451224703125 0.10391328281250001 0.3536376 0.10686043593750001 0.36185822968750003 0.12479156875 0.36843435156250004 0.253018309375 0.38356176875000003 0.2682706171875 0.3674803828125 0.2674559875 0.3607271796875 0.23955176093750002 0.35072875937500003 0.1407118765625 0.339653259375 0.1060715546875 0.336630821875
0 0 0.5109245046875001 0.0966374109375 0.51566605 0.1012500578125 0.5069720515625 0.09836589999999999 0.49892713593750004 0.0936172359375 0.49018841718750006 0.0743347875 0.487441146875 0.0562032859375 0.48498084218750004 0 0.48237489531250005 0 0.5109245046875001
3 0.0671875 0.43203125 0.1328125 0.0703125
3 0.4828125 0.53125 0.0875 0.0453125
3 0.26484375 0.078125 0.06875 0.059375
3 0.3421875 0.26171875 0.0703125 0.0625
3 0.67578125 0.97734375 0.0828125 0.0453125
2 0.784375 0.8953125 0.05 0.05
2 0.778125 0.82578125 0.0515625 0.046875
2 0.825 0.9703125 0.053125 0.05
2 0.5703125 0.52578125 0.06875 0.034375
2 0.2328125 0.5265625 0.0625 0.034375
2 0.31484375 0.13515625 0.05 0.04375
2 0.26484375 0.2015625 0.05 0.04375
2 0.3109375 0.32109375 0.0484375 0.0421875
2 0.275 0.13125 0.0484375 0.040625
2 0.17109375 0.0125 0.0484375 0.025
1 0.37265625 0.09921875 0.0765625 0.06875
1 0.3359375 0.20703125 0.0703125 0.0640625
1 0.54609375 0.26796875 0.075 0.0734375
1 0.27890625 0.02265625 0.0765625 0.0453125
1 0.2890625 0.4375 0.096875 0.0546875
1 0.14375 0.48046875 0.10625 0.053125
1 0.7296875 0.8125 0.09375 0.090625
1 0.659375 0.78515625 0.0703125 0.0734375
1 0.68125 0.890625 0.0828125 0.0796875