0 0.18874173125 0.35489898124999997 0.1890717 0.373670496875 0.1996306765625 0.3900955734375 0.307200265625 0.3959616734375 0.31082991249999997 0.3777767671875 0.31082991249999997 0.35783203124999996 0.30753023281249997 0.344340003125 0.29697125468749996 0.333194415625 0.20293035625 0.33143458593749997 0.1973209 0.33143458593749997 0.1910515078125 0.333781025 0.18874173125 0.35489898124999997
0 0.0230977640625 0.3431667828125 0.0349766140625 0.359591859375 0.124727928125 0.36428473906250003 0.1280276078125 0.34375339375 0.1280276078125 0.3197023875 0.11152920468750001 0.3062103609375 0.03563655 0.3038639203125 0.027057381250000002 0.30445053125 0.0230977640625 0.322048828125 0.0230977640625 0.3431667828125
0 0.1512111765625 0.64859003125 0.15338464375 0.6607338453125 0.26609441093749997 0.6844694812500001 0.271062334375 0.6645977859375 0.27199381875 0.638654184375 0.263299953125 0.6303743125 0.1623890046875 0.607742659375 0.1561791 0.61050261875 0.151832165625 0.6298223203125 0.1512111765625 0.64859003125
3 0.2311930640625 0.400680278125 0.2192664390625 0.3974182953125 0.207034 0.39687463125 0.19418994218750002 0.3946999765625 0.179816828125 0.395243640625 0.1703366890625 0.390350665625 0.165137903125 0.39687463125 0.1584100625 0.400680278125 0.1574926296875 0.4148155390625 0.16207979374999998 0.42242683281250004 0.1633030375 0.4371057578125 0.1681960125 0.443629725 0.1795110171875 0.4419987328125 0.1840981796875 0.45124101874999994 0.25596375 0.4566776578125 0.25963348124999996 0.433843775 0.2599392921875 0.4061169171875 0.2483184765625 0.39633096874999996 0.232110496875 0.3936126484375 0.2311930640625 0.400680278125
3 0.5682326796875 0.12217654375 0.5718644515625 0.14800248124999998 0.5777311609375 0.15048574374999998 0.5847153390625001 0.1494924390625 0.588626478125 0.145022565625 0.588626478125 0.126149765625 0.5861121734375 0.10976022968750002 0.587509009375 0.10529035625000001 0.58275976875 0.0635715359375 0.5646009078125 0.0665514515625 0.5643215406250001 0.09833721875 0.5682326796875 0.12217654375
2 0.1734375 0.3109375 0.03359375 0.03046875
2 0.2078125 0.2984375 0.034375 0.03984375
2 0.21328125 0.26640625 0.0328125 0.0296875
2 0.29609375 0.31796875 0.03125 0.03046875
2 0.24609375 0.76171875 0.03359375 0.03515625
2 0.52578125 0.9609375 0.0203125 0.0625
2 0.940625 0.6421875 0.03515625 0.0296875
2 0.97421875 0.67578125 0.0359375 0.0296875
1 0.0671875 0.525 0.05703125 0.05546875
1 0.05546875 0.39453125 0.0578125 0.0578125
1 0.115625 0.40234375 0.05078125 0.0625
1 0.15859375 0.353125 0.053125 0.04453125
1 0.28828125 0.4703125 0.05078125 0.04765625
1 0.2 0.8765625 0.0578125 0.11484375
1 0.13671875 0.88515625 0.04375 0.1
1 0.5046875 0.63046875 0.05703125 0.0484375
3 0.628125 0.64921875 0.05234375 0.0453125
1 0.68671875 0.55546875 0.05859375 0.05859375
1 0.71328125 0.634375 0.05703125 0.04375
1 0.7546875 0.68515625 0.06328125 0.05390625
1 0.88515625 0.6328125 0.065625 0.03984375
1 0.896875 0.58046875 0.0640625 0.0453125
1 0.90859375 0.684375 0.0671875 0.04609375
1 0.79453125 0.584375 0.06015625 0.0453125
1 0.59765625 0.07109375 0.025 0.08671875
1 0.54609375 0.07109375 0.02734375 0.0828125
1 0.5921875 0.4671875 0.05234375 0.078125