0 0.3448464515625 0.29790310937500003 0.3554667421875 0.3008889765625 0.38319749999999997 0.30022545156249997 0.3973578875 0.29624429218750004 0.393227775 0.1880894984375 0.372577209375 0.1734919203125 0.33717624218750003 0.173823684375 0.3300960484375 0.1771413140625 0.3300960484375 0.18344481562499998 0.3295060328125 0.28430081875 0.3448464515625 0.29790310937500003
0 0.30192502499999996 0 0.302365290625 0.003960940625 0.3047253546875 0.0882287859375 0.3188857421875 0.103158128125 0.3342261625 0.10481694374999999 0.36372696718749997 0.1011675484375 0.36195692031250004 0.006946809375 0.350869653125 0 0.30192502499999996 0
3 0.4043136703125 0.24703679531249997 0.43704464375 0.2482370859375 0.45981401718750003 0.24343592187500002 0.45981401718750003 0.22543155312500002 0.45483321718749997 0.1690178640625 0.4477177890625 0.1522137875 0.42921767343750006 0.1414111671875 0.4078713859375 0.13941068125 0.39648669999999997 0.14621233125 0.3922174421875 0.1550144671875 0.3971982421875 0.1670173796875 0.39577515625 0.181820971875 0.40075595625 0.19702466093749998 0.40289058437499997 0.21502902812500002 0.39648669999999997 0.218629903125 0.397909784375 0.2358340765625 0.4043136703125 0.24703679531249997
3 0.6177765421875 0.8235766812499999 0.604257228125 0.8267774593749999 0.6006995125000001 0.8395805640624999 0.5992764265625 0.8811906609375001 0.6391228296875 0.8819908546875 0.6384112875 0.8347794000000001 0.6348535734375 0.82717755625 0.6177765421875 0.8235766812499999
3 0.08483090625 0.5651139703125 0.0492537609375 0.5651139703125 0.0442729609375 0.5847187265625 0.1239657671875 0.592320571875 0.1332158234375 0.5879195046875 0.13606199531250002 0.5811178546875 0.13250428125 0.5727158140624999 0.08483090625 0.5659141640625001 0.08483090625 0.5651139703125
3 0.6092380281249999 0.9083972625 0.5871801984375 0.9099976515625 0.5864686546875 0.9244011453125 0.5978533406250001 0.9780141531250001 0.6277381421875 0.9780141531250001 0.63769974375 0.97241279375 0.6277381421875 0.9127983296875 0.6092380281249999 0.9083972625
2 0.72137550625 0.8782059125 0.7154547531250001 0.8841245093750001 0.709534 0.8941121390625 0.7128233078124999 0.9181564359375001 0.7338748734375 0.9192661718749999 0.742427071875 0.9137174874999999 0.737822040625 0.8896731921875001 0.72137550625 0.8782059125
2 0.6990082171875 0.74651715625 0.688482434375 0.7461472437500001 0.6858509890625 0.7539154015625 0.6799302359375 0.7598339968750001 0.6845352671875 0.776849959375 0.6897981578125 0.78313846875 0.7108497234375 0.7809189937500001 0.718744059375 0.7757402234375 0.7082182765625 0.7542853140625 0.6990082171875 0.74651715625
2 1 0.5207703953125 0.965442090625 0.5197609546875 0.9555741687499999 0.5238299890625 0.9483376937499999 0.5275291109375 0.9562320312500001 0.530858321875 0.9634685062499999 0.53566718125 1 0.5375345874999999 1 0.5207703953125
2 0.775978003125 0.21791256875 0.764794359375 0.220871865625 0.764794359375 0.2512046703125 0.7990031531249999 0.25194449375 0.7937402609374999 0.2205019546875 0.775978003125 0.21791256875
2 0.6325642140625 0.23566835625000002 0.6207227093750001 0.24084712812500003 0.6273013234375 0.2652613359375 0.6391428296874999 0.26933037031249996 0.6595365328125 0.266371071875 0.6615101171875 0.2615622125 0.6483528890625 0.2378878296875 0.6325642140625 0.23566835625000002
1 0.47665105937499996 0.25342414375 0.4621781078125 0.25342414375 0.44967874218750004 0.257123265625 0.453625909375 0.2970737875 0.460204525 0.3044720328125 0.4858611203125 0.30558176875 0.4950711796875 0.2974437 0.48915042656249996 0.257863090625 0.47665105937499996 0.25342414375
2 0.3194221828125 0.178331959375 0.3036335078125 0.1761124859375 0.27666118906250003 0.174262925 0.2753454671875 0.1986771328125 0.287844834375 0.204225815625 0.291134140625 0.2101444109375 0.299028478125 0.2101444109375 0.2983706171875 0.205335553125 0.306264953125 0.2023762546875 0.3174485984375 0.1794416953125 0.3194221828125 0.178331959375
2 0.28981841875000003 0.13986108749999998 0.2885026953125 0.1624257328125 0.302317784375 0.1731531875 0.3095542609375 0.17537266093749998 0.31218570625000003 0.1716735390625 0.3194221828125 0.169454065625 0.3286322421875 0.143560209375 0.31218570625000003 0.138011525 0.28981841875000003 0.13986108749999998
2 0.31021212187499997 0.29855343749999996 0.3220536265625 0.302992384375 0.330605825 0.296703875 0.3312636859375 0.26933037031249996 0.299028478125 0.27081001875 0.29968633906250003 0.292264928125 0.31021212187499997 0.29855343749999996
1 0.3957341046875 0.57154866875 0.397049828125 0.5774672640625 0.453625909375 0.6081699796875 0.46349383125 0.6092797156249999 0.4832296734375 0.5967027 0.41678567031249997 0.556752178125 0.40362844375 0.5615610375 0.3957341046875 0.57154866875
1 0.65161689375 0.7534316703124999 0.62884476875 0.755565778125 0.6244168546875 0.7651692703124999 0.637068034375 0.8195890515625001 0.6478215390625001 0.8227902140625 0.677551815625 0.821367475 0.6826122875 0.816032203125 0.6667983109375 0.75698851875 0.65161689375 0.7534316703124999
1 0.3827792953125 0.067671290625 0.3777188234375 0.0747849875 0.3808816203125 0.115333059375 0.3910025640625 0.1256479203125 0.419467721875 0.12209107187499998 0.4264258703125 0.115333059375 0.4213653984375 0.075140671875 0.4099793359375 0.06624855156250001 0.3827792953125 0.067671290625
1 0.07219280156249999 0.46354852187500006 0.06776488750000001 0.47350769687499994 0.0671323296875 0.48346687343749994 0.1386115015625 0.4888021453125 0.15126268437499998 0.48737940625 0.15442547812500002 0.477775915625 0.1518952421875 0.46888379531249996 0.08357886406250001 0.4646155765625 0.07219280156249999 0.46354852187500006
1 0.5820353984375 0.742761125 0.5542027984375 0.7416940703125 0.5459795328125 0.7491634515625 0.54724465 0.7886444703125 0.5516725625000001 0.79718090625 0.5782400437499999 0.797536590625 0.5883609890625 0.7936240578125 0.5858307515625001 0.7491634515625 0.5820353984375 0.742761125
1 0.8415358484375 0.1803053265625 0.9373250640625 0.2093674515625 0.951796815625 0.204330015625 0.96351204375 0.190767690625 0.951107684375 0.1814678109375 0.873925009375 0.1551181515625 0.8580749937500001 0.157443121875 0.8408467187499999 0.172942921875 0.8415358484375 0.1803053265625
1 0.0984557140625 0.6075708515625 0.0995885453125 0.5957866234375 0.09222514375 0.5919647125 0.025954532812499997 0.5859133515625 0.012360560937499999 0.5878243078125001 0.0061299890625 0.6002455203125 0.0106613140625 0.60470441875 0.08712740468749999 0.61171125625 0.0984557140625 0.6075708515625
1 0.694827678125 0.6098418546875 0.67253213125 0.6098418546875 0.66490470625 0.6164401046875 0.67253213125 0.661638121875 0.681919728125 0.6669167234375 0.7059754500000001 0.666586809375 0.711255975 0.6646073359375 0.7030418265625 0.6138008046875 0.694827678125 0.6098418546875
1 0.587945259375 0.09600893906249999 0.5680760984375001 0.1009379078125 0.5639853890625 0.1084956609375 0.5739199687500001 0.1489132125 0.5821013890625 0.153513584375 0.604892484375 0.1515419953125 0.614242678125 0.14727022343750001 0.6031393234375 0.10126650625 0.587945259375 0.09600893906249999
1 0.28698591875 0.500184446875 0.274129403125 0.5106995828125 0.274129403125 0.517600140625 0.3313993359375 0.542902184375 0.3442558515625 0.5442165765625 0.358281140625 0.5320584515625 0.358865528125 0.527786678125 0.2969204984375 0.5011702421875001 0.28698591875 0.500184446875
1 0.1600096703125 0.9369934328125 0.13351228125 0.9720270421875 0.1313638453125 0.9841075984375 0.1478351953125 0.9901478765625 0.165022690625 0.989745190625 0.195816953125 0.9430337109375 0.1671711265625 0.93296658125 0.1600096703125 0.9369934328125