0 0.3564971703125 0.292805684375 0.36677383125 0.29801258124999996 0.392187396875 0.2997896703125 0.40997154687500004 0.2965449765625 0.410968184375 0.1909903828125 0.395388121875 0.1779321609375 0.3800757359375 0.176262978125 0.3608906328125 0.1767167375 0.35278231875 0.1785435015625 0.3513783625 0.191012521875 0.346107490625 0.281606503125 0.3564971703125 0.292805684375
0 0.34842490000000004 0.11151297812500001 0.3706825921875 0.11277016875000001 0.3889337265625 0.11045578593750001 0.3936126859375 0.0207180703125 0.3769529015625 0.0078835671875 0.3616196953125 0.0065121453125 0.3450818375 0.007151020312500001 0.3369735265625 0.0089777828125 0.33758325624999996 0.023083709375 0.3336657890625 0.0943230984375 0.34842490000000004 0.11151297812500001
3 0.4738684390625 0.25014586250000004 0.47401729687499994 0.179540603125 0.4680803375 0.173141071875 0.46568295 0.169382803125 0.4677918375 0.162049796875 0.4581487328125 0.1553911078125 0.44414510625 0.1502228140625 0.433172421875 0.1473609953125 0.42337165312499997 0.15056550625 0.42041208281250003 0.15484683593749998 0.412074734375 0.1599489921875 0.41672375625 0.1695498703125 0.414623778125 0.184363971875 0.4175059671875 0.2040147453125 0.4200877453125 0.2203531015625 0.4136094234375 0.221695409375 0.4135023125 0.23844417812500002 0.4196563953125 0.2493471765625 0.426922934375 0.2519498359375 0.45720565312500006 0.252571315625 0.4738684390625 0.25014586250000004
3 0.0965845203125 0.55806275 0.11496868281249999 0.5614968765625 0.133045821875 0.5624923796875 0.138171828125 0.557479375 0.1399899640625 0.5519664890625 0.1375684765625 0.5456199921875 0.07775721249999999 0.533648978125 0.05637220625 0.5321535921875 0.05219395 0.5509300703125 0.086567471875 0.557899434375 0.0965845203125 0.55806275
3 0.59140625 0.759375 0.040625 0.05625
2 0.70703125 0.70703125 0.03125 0.0359375
2 0.959375 0.5609375 0.0671875 0.0234375
2 0.784375 0.2640625 0.0359375 0.0359375
2 0.33203125 0.15625 0.0359375 0.0359375
2 0.31796875 0.18984375 0.0390625 0.0375
2 0.3328125 0.28203125 0.0359375 0.0328125
2 0.28671875 0.19296875 0.0328125 0.034375
2 0.47890625 0.54921875 0.0546875 0.03125
1 0.62734375 0.3375 0.0515625 0.0578125
1 0.91796875 0.16015625 0.103125 0.053125
1 0.90234375 0.221875 0.121875 0.059375
1 0.428125 0.10390625 0.05 0.059375
1 0.3796875 0.1453125 0.0453125 0.0578125
1 0.31875 0.2359375 0.04375 0.059375
1 0.48359375 0.28515625 0.04375 0.053125
1 0.64140625 0.74921875 0.0453125 0.0609375
1 0.565625 0.6625 0.0796875 0.0671875
1 0.64296875 0.9015625 0.0546875 0.0640625
1 0.72890625 0.9703125 0.0859375 0.059375
1 0.6 0.95859375 0.046875 0.0625
1 0.53671875 0.91640625 0.0453125 0.06875
1 0.45234375 0.60859375 0.075 0.0546875
1 0.33359375 0.521875 0.0890625 0.05
1 0.175 0.46171875 0.0921875 0.0359375
1 0.06171875 0.5140625 0.0890625 0.03125
1 0.06015625 0.565625 0.0921875 0.03125
1 0.14140625 0.921875 0.0609375 0.0578125
1 0.42578125 0.04453125 0.0578125 0.0625