0 0.1884907375 0.3649879796875 0.1876771078125 0.37752389375 0.1876771078125 0.38668475468749997 0.18903315625 0.3919884109375 0.1990679140625 0.41127443281250003 0.30511090625000004 0.4136851859375 0.308907840625 0.39922066875 0.30917905156250003 0.37414883906249996 0.30619574374999997 0.3635415265625 0.2934488875 0.3500413109375 0.215882915625 0.3510056125 0.1931013015625 0.3510056125 0.18903315625 0.3577557203125 0.1884907375 0.3649879796875
3 0.19445735 0.41175658281249994 0.19391493125 0.417542390625 0.170590896875 0.41320303437500006 0.1594713 0.41175658281249994 0.1526910578125 0.41175658281249994 0.1437411375 0.412720884375 0.1323503296875 0.40645292812499995 0.12909581406249998 0.4136851859375 0.12394282968749999 0.4156137875 0.12095952343750001 0.4218817453125 0.12095952343750001 0.43104260625 0.12367162031250001 0.4368284125 0.1255700890625 0.444542821875 0.1293670234375 0.45322153125 0.1369608953125 0.4585251890625 0.14428355625 0.46238239375 0.21940864218749997 0.4715432546875 0.222663159375 0.4570787375 0.224290415625 0.42766755312500004 0.2185950140625 0.417542390625 0.21072993125 0.4141673359375 0.19445735 0.41175658281249994
3 0.56769949375 0.15557313281250001 0.5699290453125 0.15953678124999998 0.5768963921875 0.16052769218750002 0.5816341890625 0.15805041250000001 0.5858145984375 0.15111403125 0.5846998218749999 0.1347639890625 0.583027659375 0.11940485625 0.583863740625 0.11296393125 0.5785685578125 0.0753092875 0.5604534515624999 0.079272934375 0.5604534515624999 0.1005775359375 0.56769949375 0.15557313281250001
2 0.98203125 0.740625 0.0359375 0.034375
2 0.8421875 0.75546875 0.03671875 0.03046875
2 0.5296875 0.9734375 0.01875 0.053125
2 0.41796875 0.66015625 0.02421875 0.0578125
2 0.1390625 0.33671875 0.03515625 0.03828125
2 0.20546875 0.31875 0.034375 0.03828125
2 0.2953125 0.3359375 0.03125 0.03046875
2 0.46484375 0.16171875 0.01796875 0.053125
2 0.734375 0.4140625 0.03203125 0.04296875
2 0.81015625 0.45546875 0.03203125 0.0359375
1 0.9328125 0.7375 0.06015625 0.0421875
1 0.94140625 0.6875 0.06796875 0.04921875
1 0.92265625 0.63828125 0.06015625 0.03984375
1 0.8671875 0.671875 0.06015625 0.04453125
1 0.89765625 0.04140625 0.04921875 0.04375
1 0.9390625 0.18046875 0.053125 0.06015625
1 0.57265625 0.93125 0.0265625 0.1109375
1 0.540625 0.74296875 0.0265625 0.09921875
1 0.5203125 0.55 0.03046875 0.10390625
1 0.640625 0.571875 0.0421875 0.0921875
1 0.4890625 0.3453125 0.0234375 0.090625
1 0.2890625 0.48671875 0.05 0.0421875
1 0.0859375 0.4171875 0.05859375 0.04375
1 0.046875 0.365625 0.05546875 0.04140625
1 0.42109375 0.04140625 0.0203125 0.08046875
1 0.44375 0.18203125 0.0265625 0.08671875
1 0.4859375 0.16875 0.0265625 0.09140625
1 0.54140625 0.08125 0.025 0.08671875
1 0.5921875 0.08203125 0.02421875 0.0890625
1 0.10859375 0.81171875 0.03671875 0.10234375
1 0.2 0.8984375 0.05078125 0.1171875