0 0.482152365625 0.5152339359375 0.4934177421875 0.5189851921875 0.6541422046875 0.5474923109375001 0.6860896453125 0.5495237203125 0.6905110078125001 0.5472360375 0.6986210359375 0.5325615078125 0.7016931468750001 0.5222899484375 0.69205384375 0.5185954781250001 0.6040766671875 0.5048391484375 0.517215478125 0.49020600937500003 0.4927711890625 0.49087869375000004 0.482152365625 0.5152339359375
0 0.4124922890625 0.5977653078125 0.40530109531249997 0.5924761875 0.3540324828125 0.582091615625 0.273492621875 0.565054165625 0.2539919234375 0.56526224375 0.24332305937499998 0.56903861875 0.24036126093750002 0.5784184812500001 0.23740979687500002 0.5875023515625 0.2524941078125 0.59306710625 0.301637215625 0.603970159375 0.378999159375 0.6214893390625 0.396426034375 0.62031978125 0.4050314109375 0.6152859375 0.41167666406250003 0.6060347046875 0.4124922890625 0.5977653078125
0 0.172184459375 0.590558984375 0.20935916250000003 0.5971915046875 0.233017840625 0.5986103890625001 0.23901285 0.5928926828125001 0.24181021249999998 0.573134728125 0.11432040000000002 0.5517905734374999 0.0905066765625 0.5548115671875 0.0877816703125 0.5724975796875 0.0983509296875 0.5776083109375 0.172184459375 0.590558984375
3 0.122490821875 0.893928778125 0.13359003281249998 0.8905564203124999 0.13468428593749998 0.8865661125000001 0.144773546875 0.8847698921875 0.161325290625 0.8619824796875 0.1567532734375 0.85618289375 0.14594444374999999 0.8512397859374999 0.1368838640625 0.8509233843749999 0.12181043124999999 0.8587226140625001 0.11246883593749998 0.8664534375 0.11085087499999999 0.8717682968749999 0.1028368578125 0.8824997265625001 0.122490821875 0.893928778125
3 0.240605996875 0.712939321875 0.2647915140625 0.7232593390625001 0.2735197609375 0.7213983203125001 0.28111749375 0.7105638390625 0.2871975671875 0.7018421734375 0.29691641406249997 0.6853964968749999 0.28553999375 0.6803968671875 0.27503055781249997 0.6781347828125 0.257922575 0.6856591640625 0.251861384375 0.693840034375 0.251729190625 0.6976255953125 0.240605996875 0.712939321875
3 0.72328619375 0.11902659374999999 0.7264845890625 0.12261019375 0.7230804171874999 0.13851550625 0.7242422359375 0.1460340328125 0.7283052203125 0.15205145312499999 0.7391655359375 0.153766053125 0.762392634375 0.1548442296875 0.7757916812500001 0.151840228125 0.7770102390625 0.1441377546875 0.7784057796875 0.1313671375 0.79039405 0.0871851125 0.782333284375 0.0732830625 0.7372178875000001 0.0735770875 0.72328619375 0.11902659374999999
2 0.8229139609375 0.280616440625 0.8269557390625 0.2571853875 0.8144955140624999 0.25629695468749997 0.7947278984375 0.25696658906250003 0.79156289375 0.2668289171875 0.793179890625 0.2782181703125 0.7949866140624999 0.28417431249999997 0.8053792375000001 0.28657713125 0.8052211296875 0.291104725 0.812054921875 0.29157002187500003 0.8138623671874999 0.2859667453125 0.819946590625 0.2848192765625 0.8229139609375 0.280616440625
2 0.8266776281249999 0.1613003 0.820537346875 0.1755918453125 0.8206947343750001 0.18262366875 0.8257527031249999 0.1877867234375 0.8259733328125 0.193007509375 0.8336041234374999 0.1937272921875 0.8357744953124999 0.18926996875 0.846348940625 0.1864660578125 0.8572396015624999 0.1746069578125 0.8653209984375 0.1624231015625 0.8553703546874999 0.1589024375 0.834513959375 0.1561342140625 0.8266776281249999 0.1613003
2 0.9037444578124999 0.14676569687500002 0.8856815156250001 0.1447749921875 0.87873705 0.1474790109375 0.872146884375 0.163114778125 0.8695266281249999 0.1689163265625 0.8709309015625 0.1748584125 0.8784826390625 0.17784199375 0.8787190796875001 0.1826100203125 0.8847321546875 0.18349996875000002 0.8881177875 0.178858428125 0.8946044640625 0.17772501406250002 0.8979980031249999 0.1728570921875 0.9075627265625 0.16435152656250002 0.9152574796874999 0.1517008578125 0.9037444578124999 0.14676569687500002
2 0.1632697984375 0.7925440874999999 0.15725143125000002 0.8035479562500001 0.154985075 0.8063942125000001 0.1583289546875 0.80992395 0.16944739375 0.8142127484374999 0.184190303125 0.81399623125 0.1908788390625 0.8086227828125001 0.1947838984375 0.7960824171875001 0.19379140156250002 0.7872715578125 0.188682053125 0.7846553015625 0.1803896015625 0.786315990625 0.17467733125 0.7885543484374999 0.1632697984375 0.7925440874999999
2 0.120864509375 0.8154415953124999 0.11533002343750001 0.8249996609375 0.11564384999999999 0.8284235875 0.120277821875 0.832242159375 0.128468240625 0.8335033078125 0.14152220468750001 0.8320088968749999 0.1505621234375 0.8213543265625001 0.15264219375000002 0.8114318468749999 0.1523963890625 0.80606003125 0.14551306718749998 0.8046007421875 0.1354296359375 0.807905371875 0.12666180625 0.8107683765625 0.120864509375 0.8154415953124999
2 0.1733748625 0.8506736171875 0.18063153125 0.8538524234375 0.18917829218749999 0.8573200671875 0.20531332500000002 0.8544705484374999 0.21286836406249998 0.836694409375 0.2122917265625 0.8283856390625 0.20369395156249998 0.8263789140625001 0.19488360625 0.8304593499999999 0.18477466874999998 0.8344944390625001 0.174368134375 0.8470515515624999 0.1733748625 0.8506736171875
2 0.17291577656249998 0.7472371484375 0.1789896734375 0.7498332000000001 0.1928808140625 0.749234678125 0.19799679375 0.74616249375 0.20352095625 0.7314015484375 0.20138591875 0.7263423734375001 0.20232184531250003 0.7216071640624999 0.197387278125 0.719484340625 0.1911168515625 0.7225162109375 0.18181325625 0.724141825 0.173165909375 0.7290411921875 0.16583105468749998 0.7404880687500001 0.165302621875 0.74458734375 0.17291577656249998 0.7472371484375
2 0.2528260953125 0.6765587484375 0.2515589546875 0.668712490625 0.24863161093750002 0.6642758140625 0.2460512875 0.6609348703125 0.23874735781249998 0.6604630890625 0.22263734531249998 0.6694363046875 0.2173172734375 0.67835286875 0.2147664984375 0.6851989140625 0.2239113546875 0.6881189296875 0.23348638125 0.68975363125 0.24851685156249997 0.689628340625 0.2528260953125 0.6765587484375
3 0.40002038906250004 0.48218931875 0.3952148421875 0.4772616515625 0.32974648281249996 0.47049558437499994 0.324705671875 0.48655905468749994 0.3846662515625 0.4942527515625 0.3936345921875 0.49400595 0.3977876234375 0.48911113281249996 0.40002038906250004 0.48218931875
2 0.101780096875 0.4094672640625 0.10436003906249999 0.41284543749999997 0.1293334359375 0.418776109375 0.13696820625 0.419042721875 0.14150335625 0.41793644687500003 0.151436578125 0.41676574843749997 0.14978130781250001 0.412661078125 0.14720136718750002 0.40928290624999997 0.13431849375 0.40478616093750003 0.1164866546875 0.40036952187499997 0.1070025359375 0.4015559046875 0.101780096875 0.4094672640625
2 0.407526715625 0.49978352031249995 0.4040151609375 0.5088985171875 0.4065788546875 0.5138634546875 0.4178888890625 0.516567815625 0.44016072968750003 0.51888516875 0.44939849374999996 0.51561535 0.458519909375 0.5156772765625 0.46139684531249997 0.51167213125 0.4532403734375 0.510104296875 0.4483896140625 0.5053160953125 0.4316836984375 0.5003705015625 0.4166928796875 0.49856400624999997 0.407526715625 0.49978352031249995
2 0.24378828437500003 0.6319563500000001 0.2364815046875 0.6469623921875 0.23858885624999998 0.6513599906249999 0.2502337296875 0.654564525 0.25881475625 0.65486418125 0.26831679375 0.65468729375 0.27613730468750003 0.637918715625 0.272746025 0.6314414562499999 0.2715596828125 0.6265673140625 0.26529892187500004 0.624568209375 0.2606495203125 0.6282211484375 0.2543444 0.6274922625 0.24378828437500003 0.6319563500000001
1 0.7016220796875 0.2431330203125 0.69984849375 0.2504685265625 0.70424636875 0.2548898578125 0.7188870109375001 0.2556856375 0.7315565 0.254989996875 0.7372525390625 0.25120567031249996 0.7574331546875 0.20923284843749998 0.7581665859375 0.202714571875 0.745150678125 0.1988458421875 0.7259831578125 0.19732294687500002 0.720573996875 0.20737666406250002 0.7016220796875 0.2431330203125
1 0.72460739375 0.33811079843749997 0.7371478796875001 0.341109375 0.7533239421875 0.3413897375 0.7620511328124999 0.33771126093750004 0.7888199953125 0.28088910624999996 0.7500988421875 0.2744156296875 0.7442043359375 0.283883365625 0.722012875 0.32550145 0.7171783671874999 0.333583615625 0.72460739375 0.33811079843749997
1 0.7022418312500001 0.312292284375 0.7120200031249999 0.29300207500000003 0.7055914390625 0.288794346875 0.6758248109375 0.2866168046875 0.6699600734375 0.2952320296875 0.6599933578125 0.3199214765625 0.6544948828125 0.332532728125 0.661824675 0.3399016140625 0.67994211875 0.342525909375 0.6896102265625 0.3408719078125 0.6928795421875 0.3341576671875 0.7022418312500001 0.312292284375
1 0.9580056000000001 0.6584647984374999 0.9730427640625001 0.658313475 0.9836766640624999 0.646508996875 0.9827233015625 0.639373140625 0.9403560796875 0.630114646875 0.8931963109375 0.6203505765624999 0.8798428109374999 0.6239428703125001 0.8758030874999999 0.6363158390625 0.8804304828125 0.641550690625 0.8959148359375 0.64581180625 0.9580056000000001 0.6584647984374999
1 0.5139585249999999 0.650990975 0.5125714140625 0.6456291000000001 0.5016982203125 0.6414119171875 0.48336345156249994 0.6404764625 0.47478151718749995 0.645785403125 0.4709159484375 0.6663137781249999 0.46931168906250004 0.6821980640625 0.47008199375000004 0.6901951203125 0.4851174578125 0.695443225 0.5003382453125 0.6953843656250001 0.5073168578125 0.6909050078125001 0.5139585249999999 0.650990975
1 0.0949606921875 0.4548757359375 0.100893990625 0.44839505625 0.10258025 0.4409635234375 0.094160825 0.4369243015625 0.038465034375 0.42481379218750004 0.0237026203125 0.42536833593749995 0.0177786546875 0.43158182656250005 0.017033068749999998 0.43931372343749997 0.0892140046875 0.45601263281250004 0.0949606921875 0.4548757359375
1 0.1160954125 0.29351828593749996 0.0674498046875 0.309974903125 0.06853865625 0.318124896875 0.0724384359375 0.324441628125 0.08818698593749999 0.3257641484375 0.140961415625 0.3090654265625 0.1460186359375 0.301902628125 0.13469530937500002 0.291850103125 0.1160954125 0.29351828593749996
1 0.2523045515625 0.7740103359375 0.27081548125 0.743437221875 0.26570199843750003 0.73850139375 0.256344246875 0.734012009375 0.242100215625 0.73321726875 0.23165452812499998 0.7447456515625 0.221519003125 0.7625287703125 0.21643568750000003 0.7718657796875 0.2204310671875 0.7785465359375 0.23352588437500002 0.7819771078125 0.24154869843750001 0.77928398125 0.2523045515625 0.7740103359375
1 0.33437730781249997 0.1403569421875 0.31605873125 0.1480480109375 0.2958094046875 0.1580146875 0.2768197296875 0.1716700625 0.2866624953125 0.18138589375 0.3030494984375 0.1892475640625 0.313853925 0.18467846875 0.3203527609375 0.1841244046875 0.324612953125 0.18140947031250002 0.3242687375 0.1780130765625 0.3455606171875 0.16469843125 0.3507180828125 0.1627958421875 0.355884628125 0.1606332328125 0.3555494921875 0.15697681875 0.35517803593749997 0.1543604828125 0.358559115625 0.1503131671875 0.34455603749999997 0.1404520546875 0.33437730781249997 0.1403569421875
1 0.22016880468750002 0.5096807390625 0.212791540625 0.5051851 0.1582099140625 0.49154301718750004 0.147733721875 0.49280718749999997 0.14294371875 0.49720393593749995 0.14035542343750002 0.5049375859375 0.1477667984375 0.5084564109375 0.1919745671875 0.520432225 0.2052199453125 0.5228507734375001 0.2175236578125 0.519042409375 0.22016880468750002 0.5096807390625
1 0.3561143015625 0.5378905234375 0.315151834375 0.5241344078125 0.308061946875 0.522547078125 0.3003561015625 0.5249574765625 0.29342423906250004 0.5324859453124999 0.29224839375 0.5388756703124999 0.3063534046875 0.5441913171875 0.341196225 0.55585808125 0.35441510468750004 0.5592671390625 0.365880415625 0.55832776875 0.37423025625 0.5511167671874999 0.37352169375 0.5441253390624999 0.3561143015625 0.5378905234375
1 0.26581350000000004 0.8177758687500001 0.2717808515625 0.8219132890624999 0.2842800515625 0.8265243703125 0.2947704125 0.8261540078125 0.3199167578125 0.7936353406250001 0.32024222343750003 0.784315246875 0.30299810781250003 0.7780650812500001 0.2934140609375 0.7774848343749999 0.28664239375 0.783878609375 0.2668482875 0.8131462765625 0.26581350000000004 0.8177758687500001
1 0.9189565546875 0.0331892953125 0.9039963156249999 0.0277977046875 0.8877961421875 0.026927659375000003 0.8631605656250001 0.050717521875000005 0.8434306828125001 0.0734614046875 0.8404423 0.08157376718750001 0.8559535140625 0.086680275 0.868339328125 0.088330090625 0.8738278375 0.08608716875 0.920269821875 0.04206051875 0.9189565546875 0.0331892953125