0 0.72846918125 0.7537131031250001 0.72031740625 0.762698646875 0.7168581625 0.7681100359374999 0.7198093921875001 0.776864403125 0.7403902812500001 0.7906204 0.775181453125 0.80983060625 0.9084801265625 0.8809701421874999 0.9197591140625001 0.875190578125 0.9280670765625001 0.868543525 0.9329636203125 0.8473342687500001 0.7539103296875 0.7512031296874999 0.74558599375 0.74897080625 0.7377662515625001 0.74933898125 0.72846918125 0.7537131031250001
0 0.82987450625 0.6240116140625 0.821354759375 0.6310014296875 0.8172432875 0.63960609375 0.8470078984375 0.65334464375 0.964592634375 0.7103339515625 0.9728909390625 0.6743900484375 0.8585219984375 0.6195787421875 0.8510876218750001 0.6172652640625 0.843195165625 0.616935940625 0.82987450625 0.6240116140625
0 0 0.48361089062499996 0.0277527015625 0.4949945546875 0.058611781249999995 0.5003650484375 0.06781640625 0.4894612359375 0.06940236875 0.476798515625 0 0.4474905921875 0 0.48361089062499996
3 0.73671875 0.6296875 0.1578125 0.0734375
3 0.54375 0.25390625 0.065625 0.0578125
2 0.02265625 0.784375 0.0453125 0.04375
2 0.4609375 0.6828125 0.0515625 0.0421875
2 0.26015625 0.4859375 0.0484375 0.040625
2 0.61171875 0.17109375 0.05 0.0453125
2 0.6859375 0.0921875 0.0546875 0.046875
2 0.85546875 0.325 0.053125 0.046875
2 0.684375 0.475 0.05625 0.046875
2 0.78359375 0.60625 0.071875 0.0375
1 0.16328125 0.675 0.0703125 0.065625
1 0.23125 0.578125 0.0796875 0.0703125
1 0.321875 0.625 0.06875 0.0671875
1 0.384375 0.5484375 0.071875 0.06875
1 0.3859375 0.4640625 0.0828125 0.0734375
1 0.390625 0.39296875 0.0703125 0.065625
1 0.0609375 0.40859375 0.0859375 0.0484375
1 0.89765625 0.20703125 0.0828125 0.0859375
1 0.52578125 0.559375 0.0875 0.08125
1 0.65234375 0.42265625 0.075 0.071875
1 0.74765625 0.38203125 0.08125 0.0796875
1 0.72421875 0.25390625 0.075 0.075
1 0.82890625 0.19453125 0.078125 0.0734375
1 0.78359375 0.178125 0.075 0.075
1 0.59765625 0.25390625 0.0734375 0.06875
1 0.49296875 0.253125 0.0765625 0.071875
1 0.31328125 0.48203125 0.06875 0.0625
1 0.196875 0.41171875 0.0890625 0.046875
1 0.66796875 0.56953125 0.1125 0.046875
1 0.265625 0.69453125 0.06875 0.0671875
1 0.36328125 0.11953125 0.096875 0.071875