0 0.9008219078125 0.5443653921875 0.9033374734375 0.5403081140625 0.9027332906250001 0.5301685140625 0.89900915625 0.5088015296874999 0.895151240625 0.49718645625 0.8764670906250001 0.48012110156250004 0.7641659656249999 0.5029757984375001 0.7648375546875 0.5211021078125 0.7711111640625 0.5475502390625 0.7791284640625 0.5604149781250001 0.79314974375 0.567781 0.881400625 0.5474926234375 0.9008219078125 0.5443653921875
0 1 0.4830875078125 0.96733830625 0.4902829859375 0.9688945531250001 0.506465146875 0.973886521875 0.5339421484375 0.9830583781250001 0.5421497937499999 0.9954709796874999 0.54844475 1 0.547378396875 1 0.4830875078125
0 0.42035353906250006 0.29066796875 0.4217169875 0.282760559375 0.4209869734375 0.268888715625 0.415118709375 0.246568384375 0.40925083593749995 0.23397754843750002 0.4050007640625 0.22909134843749998 0.2901915109375 0.250149046875 0.282167809375 0.25809544375 0.2821998734375 0.266735978125 0.29216004687499997 0.3042520734375 0.2946975 0.309565278125 0.3961864421875 0.2934503046875 0.42035353906250006 0.29066796875
3 0.9156301656249999 0.4416083515625 0.910464521875 0.439115546875 0.907706959375 0.42684053593750004 0.9010201234374999 0.4231066890625 0.8912910984375 0.4217516640625 0.88507955 0.4162789953125 0.8782026390625 0.41421285937499996 0.8030651109375 0.4275456859375 0.8061084734374999 0.45433230937499997 0.8115284624999999 0.47728573125 0.8180887109375 0.4853719890625 0.8275008765624999 0.487886228125 0.845120678125 0.48565354374999997 0.844486571875 0.4782501578125 0.8700289937499999 0.47620256562499996 0.88232491875 0.476917590625 0.8996276671875 0.4709832140625 0.9130962796875 0.4751865984375 0.9129058125 0.46713249218749997 0.91616991875 0.46685876718749997 0.920923178125 0.45919237187500006 0.920067153125 0.44968389062499997 0.9156301656249999 0.4416083515625
3 0.5497130390625 0.8401774812499999 0.5441420406249999 0.8388223671875 0.537508453125 0.8393786546875001 0.5320988375 0.8473133171875 0.5353519125 0.8640646171874999 0.543371053125 0.8851158484375 0.5449493546874999 0.895149996875 0.5601179968750001 0.9325298640625 0.5783118265625 0.925249509375 0.5721923640625 0.898236390625 0.5497130390625 0.8401774812499999
3 0.10546875 0.38125 0.075 0.0609375
3 0.9171875 0.3015625 0.0671875 0.0640625
2 0.73125 0.096875 0.0453125 0.0421875
2 0.92890625 0.56015625 0.0453125 0.0453125
2 0.896875 0.58125 0.04375 0.0453125
2 0.89921875 0.61796875 0.040625 0.0375
2 0.79609375 0.584375 0.040625 0.0390625
1 0.96484375 0.45078125 0.0703125 0.0640625
1 0.9328125 0.50703125 0.06875 0.059375
1 0.76484375 0.421875 0.0640625 0.059375
1 0.8453125 0.590625 0.06875 0.05625
1 0.6125 0.20546875 0.071875 0.0625
1 0.490625 0.3171875 0.0703125 0.065625
1 0.40078125 0.434375 0.071875 0.090625
1 0.43515625 0.53046875 0.0796875 0.1015625
1 0.0359375 0.4609375 0.071875 0.065625
1 0.0203125 0.30234375 0.040625 0.1140625
1 0.2828125 0.67109375 0.078125 0.0875
1 0.14453125 0.90625 0.0734375 0.075
1 0.5984375 0.915625 0.0484375 0.1
1 0.54375 0.92890625 0.0484375 0.1
1 0.75546875 0.01484375 0.0765625 0.0296875
1 0.18203125 0.42734375 0.071875 0.0609375