0 0.8455410828125001 0.6325755484375 0.8484293218750001 0.6291183421875 0.8492000296875 0.6195764140625 0.8485309265625001 0.599148075 0.8464517359375 0.58780325625 0.831218734375 0.5694312499999999 0.7231345234375001 0.5760609 0.7213745515625 0.593065296875 0.7237595359375 0.618569359375 0.729565734375 0.6316248796874999 0.7417139828125 0.6403345765624999 0.8269578031249999 0.6329519109375 0.8455410828125001 0.6325755484375
0 1 0.5842193890625 0.9149020875 0.590809465625 0.9142259921875 0.6061152703125 0.915276265625 0.632411771875 0.92277633125 0.64127215625 0.9335605656249999 0.6487717078124999 1 0.6426656796875 1 0.5842193890625
0 0.42942541093750003 0.33292004531249997 0.43174298593750005 0.3257188765625 0.4328877234375 0.3126773375 0.4303381125 0.2910786265625 0.42650690156250004 0.278560078125 0.4231741953125 0.273443690625 0.3129800640625 0.2780679765625 0.3044257859375 0.28443374062500004 0.303317303125 0.2925017671875 0.30769324375 0.32881762812500004 0.309367303125 0.3341083484375 0.40644722812499995 0.3323533296875 0.42942541093750003 0.33292004531249997
3 0.87293554375 0.5386152359375 0.8684308406250001 0.5356126531250001 0.8674681328125 0.523795975 0.86170366875 0.519436065625 0.8527793921875 0.5168980015625 0.8476887328125 0.5109775421875 0.8415266890625 0.508149153125 0.7694686484375 0.5107569828125 0.7687866984375 0.536154121875 0.7708334734375 0.55828499375 0.77590601875 0.566690246875 0.78438109375 0.5702686781249999 0.8011609765625 0.570491353125 0.801543159375 0.5634990953125001 0.8257113359374999 0.5649315406250001 0.83712161875 0.5672083140625 0.8540925937500001 0.5639348609375 0.8661404578124999 0.5696206687500001 0.8670234656250001 0.56207919375 0.8701135437499999 0.5622509906250001 0.8755709875000001 0.5557184578125 0.87602290625 0.5467325609375 0.87293554375 0.5386152359375
3 0.478054940625 0.8626856500000001 0.47302107031249996 0.8606917656249999 0.4667411578125 0.860342625 0.4606342546875 0.8670396046875 0.4614707828125 0.88309866875 0.46620004687499994 0.903794521875 0.46635465624999994 0.9133655453125 0.4756217703125 0.95023603125 0.49360382031250005 0.9458230750000001 0.4914375015625 0.9198119109375 0.478054940625 0.8626856500000001
3 0.1234375 0.37578125 0.0671875 0.05
3 0.89296875 0.40859375 0.0578125 0.053125
2 0.74609375 0.19296875 0.0375 0.0359375
2 0.43671875 0.02890625 0.0234375 0.0515625
2 0.8703125 0.6515625 0.0375 0.0375
2 0.8375 0.66640625 0.0375 0.0390625
2 0.834375 0.7015625 0.0375 0.03125
2 0.74296875 0.65703125 0.0359375 0.0328125
1 0.91953125 0.55390625 0.0640625 0.053125
1 0.8796875 0.60234375 0.0609375 0.05
1 0.734375 0.50078125 0.05625 0.0484375
1 0.97421875 0.55234375 0.0515625 0.0609375
1 0.78828125 0.66875 0.0609375 0.046875
1 0.6203125 0.278125 0.0625 0.053125
1 0.4921875 0.36640625 0.0609375 0.05625
1 0.3921875 0.46484375 0.059375 0.0796875
1 0.41171875 0.559375 0.0640625 0.0890625
1 0.0453125 0.44140625 0.0703125 0.053125
1 0.03359375 0.28828125 0.0671875 0.1015625
1 0.25078125 0.66953125 0.0671875 0.078125
1 0.090625 0.87109375 0.0625 0.065625
1 0.51328125 0.9390625 0.034375 0.0921875
1 0.4609375 0.94375 0.034375 0.09375
1 0.84453125 0.05078125 0.0578125 0.1015625
1 0.78359375 0.06875 0.0625 0.1234375
1 0.1890625 0.42890625 0.0640625 0.05