0 0.3415870125 0.45829166875 0.337973846875 0.46505739999999995 0.328379190625 0.5051259265625 0.2979539015625 0.6379964874999999 0.3035747625 0.6550991984375 0.313406384375 0.6602511796874999 0.32329858906250003 0.664247153125 0.33056901562499996 0.6623098171875 0.3706577890625 0.48183965625 0.36839126875 0.47534537187500003 0.36511955937499996 0.46937800156250004 0.361107040625 0.4651105765625 0.3522503171875 0.4600096890625 0.34711143906249997 0.458581190625 0.3415870125 0.45829166875
0 0.4013790515625 0.1379595234375 0.39626089375 0.1573093515625 0.370589959375 0.2800596203125 0.3728358875 0.30572642499999997 0.3815743640625 0.3102904921875 0.390824446875 0.3148813734375 0.3978980203125 0.3120584484375 0.427271521875 0.16760299375 0.4272368109375 0.158476496875 0.42476330312500005 0.1469410171875 0.41879096093749996 0.1434343828125 0.41153960781250004 0.13986071875 0.4067509 0.13824105 0.4013790515625 0.1379595234375
0 0.580605809375 0.14511662187500002 0.5899325625 0.1423393765625 0.6190774593749999 0.0055544125 0.5870706171875 0.0038770046875 0.5690040921875 0.0811847375 0.5628789453125 0.13298974218749998 0.5714076203125 0.140435371875 0.580605809375 0.14511662187500002
3 0.25546875 0.21328125 0.05 0.0625
3 0.56484375 0.0359375 0.028125 0.0671875
3 0.55703125 0.46640625 0.059375 0.071875
2 0.196875 0.11171875 0.0328125 0.04375
2 0.20390625 0.15390625 0.034375 0.0421875
2 0.30546875 0.1921875 0.0328125 0.0421875
2 0.34765625 0.21875 0.0328125 0.0421875
2 0.44453125 0.17890625 0.021875 0.0546875
2 0.446875 0.09609375 0.0203125 0.0546875
2 0.5546875 0.0953125 0.021875 0.0578125
2 0.8078125 0.4375 0.034375 0.0375
2 0.84140625 0.51875 0.0359375 0.0390625
2 0.90234375 0.9390625 0.046875 0.05
1 0.05390625 0.175 0.05625 0.065625
1 0.3484375 0.265625 0.053125 0.065625
1 0.51171875 0.0890625 0.0359375 0.0859375
1 0.74140625 0.784375 0.075 0.075
1 0.6875 0.6796875 0.0625 0.059375
1 0.78125 0.73125 0.065625 0.065625
1 0.69921875 0.6234375 0.0625 0.0625
1 0.85390625 0.29296875 0.0578125 0.0890625
1 0.528125 0.021875 0.0296875 0.0421875
1 0.975 0.6234375 0.040625 0.075