2 0.3795138890625 0.9129629625 0.36875 0.9141975312499999 0.35451388906250003 0.9654320984375 0.37256944375 0.9851851859374999 0.3875 0.9339506171874999 0.3795138890625 0.9129629625
2 0.33541666718749996 0.8308641968750001 0.32326388906250003 0.8395061734375 0.315625 0.8925925921875001 0.33888888906250003 0.9030864187500001 0.3423611109375 0.84012345625 0.33541666718749996 0.8308641968750001
2 0.3864583328125 0.8327160484375 0.380902778125 0.8172839515625 0.3708333328125 0.8172839515625 0.3576388890625 0.8679012343749999 0.3604166671875 0.8740740734375001 0.377777778125 0.8839506171875 0.3864583328125 0.8327160484375
2 0.32430555625 0.9413580250000001 0.3201388890625 0.9290123453125 0.30868055625 0.932098765625 0.2954861109375 0.986419753125 0.31319444375 1 0.3166666671875 0.9925925921875001 0.32430555625 0.9413580250000001
1 0.3625 0.7296296296875 0.3385416671875 0.72716049375 0.325347221875 0.8160493828125001 0.3302083328125 0.8253086421875 0.3479166671875 0.8302469140625 0.3625 0.7296296296875
0 0.34409722187499997 0.669135803125 0.3072916671875 0.6543209875 0.2708333328125 0.8419753078125 0.2822916671875 0.8567901234375 0.30625 0.8654320984374999 0.34409722187499997 0.669135803125
0 0.3048611109375 0.8660493828125 0.2822916671875 0.863580246875 0.246875 0.9975308640625 0.2916666671875 1 0.3177083328125 0.8833333328125 0.3048611109375 0.8660493828125
1 0.425 0.5015625 0.0578125 0.06015625
1 0.3453125 0.465625 0.0578125 0.065625
1 0.28203125 0.48046875 0.053125 0.05078125
1 0.2859375 0.53046875 0.05703125 0.0546875
1 0.39765625 0.3375 0.0515625 0.06015625
1 0.2453125 0.4078125 0.05078125 0.05703125
1 0.196875 0.4328125 0.05078125 0.0640625
1 0.15546875 0.359375 0.05 0.04921875
1 0.0953125 0.41484375 0.04921875 0.059375
1 0.11015625 0.3703125 0.05 0.06015625
1 0.09140625 0.32109375 0.05234375 0.06015625
1 0.0671875 0.125 0.04765625 0.06640625
1 0.025 0.2609375 0.04609375 0.0484375
2 0.02890625 0.346875 0.0390625 0.0453125
2 0.0296875 0.37890625 0.034375 0.0453125
2 0.1515625 0.46796875 0.0328125 0.04921875
2 0.35390625 0.5390625 0.03203125 0.0515625
1 0.61484375 0.61484375 0.05625 0.0640625
1 0.91484375 0.6015625 0.05390625 0.071875
2 0.90234375 0.9015625 0.04375 0.05234375
2 0.88984375 0.4171875 0.034375 0.046875
1 0.82734375 0.30625 0.05234375 0.08515625
1 0.5107638890625 0.09691358125 0.50625 0.09074074062500001 0.4923611109375 0.087654321875 0.48055555625 0.1543209875 0.48472222187499997 0.1629629625 0.4986111109375 0.169135803125 0.5107638890625 0.09691358125
1 0.524652778125 0.0129629625 0.503472221875 0.0117283953125 0.49131944375 0.0765432109375 0.5097222218749999 0.0888888890625 0.515625 0.0765432109375 0.524652778125 0.0129629625
2 0.549652778125 0.1061728390625 0.53125 0.10185185156250001 0.5263888890625 0.1419753078125 0.5322916671875 0.1648148140625 0.5420138890625 0.1567901234375 0.549652778125 0.1061728390625
3 0.559722221875 0.0456790125 0.540625 0.041358025 0.5322916671875 0.0938271609375 0.5385416671875001 0.10123456718749999 0.5479166671875 0.10123456718749999 0.559722221875 0.0456790125
3 0.56875 0 0.544097221875 0.15802469218749998 0.5711805562500001 0.172222221875 0.5798611109375 0.13641975312500002 0.6 0 0.56875 0