0 0.728957971875 0.19775130000000002 0.73249043125 0.187003425 0.7273333046875 0.1810469046875 0.7079588718750001 0.176265059375 0.6898933406250001 0.17477435 0.6703983765625 0.18230871875000002 0.644331075 0.29296692343749997 0.6610073515625 0.2993773046875 0.685896740625 0.30400469218750004 0.69848749375 0.30154445625 0.7135920484375 0.2909161828125 0.728957971875 0.19775130000000002
1 0.761659821875 0.10567104062499999 0.7703234703125 0.0967136265625 0.781278603125 0.038317590624999995 0.7224501796875 0.029000084375000002 0.708984409375 0.1004582578125 0.722587678125 0.106056003125 0.7506164015625 0.11206040937499999 0.761659821875 0.10567104062499999
3 0.9288295218749999 0.614424740625 0.8677659 0.6131392703125 0.8628542906250001 0.6181448375 0.8638017515625 0.6284160046875 0.8723507953125 0.6329509578125 0.9049416765625 0.635221103125 0.9102877218750001 0.6372245296875 0.9527788171875 0.63874931875 0.9533951546875 0.6186047296875 0.9288295218749999 0.614424740625
3 0.646377878125 0.13419648281250002 0.639559028125 0.1352936671875 0.6293067234375 0.13709115 0.62377209375 0.140568921875 0.6132314546875001 0.1441868953125 0.61772043125 0.15080738124999998 0.606747284375 0.157156090625 0.5914804171875 0.2290733515625 0.607157940625 0.23497771875 0.6419829109374999 0.2423596109375 0.6531366984375 0.231374115625 0.6579406078125001 0.21502853125 0.650618021875 0.21231361718750003 0.660404771875 0.1889815765625 0.666012340625 0.178050728125 0.6655103171875 0.1602427125 0.673915021875 0.149132834375 0.665164046875 0.144947578125 0.6644565015625 0.1389260140625 0.65855071875 0.1342583125 0.646377878125 0.13419648281250002
1 0.67265625 0.090625 0.0578125 0.065625
1 0.71328125 0.14375 0.05 0.065625
1 0.75390625 0.2515625 0.0484375 0.0640625
2 0.7578125 0.1671875 0.040625 0.040625
2 0.7640625 0.2046875 0.04375 0.040625
2 0.79609375 0.215625 0.0359375 0.0390625
2 0.72890625 0.296875 0.0375 0.0390625
2 0.38125 0.2625 0.0453125 0.040625
2 0.26640625 0.16953125 0.0421875 0.0421875
2 0.028125 0.4328125 0.05 0.0265625
2 0.25546875 0.7484375 0.0390625 0.0421875
2 0.21171875 0.8640625 0.040625 0.0453125
1 0.571875 0.26328125 0.053125 0.059375
3 0.33046875 0.82734375 0.0484375 0.0640625
1 0.9484375 0.596875 0.0875 0.0390625
1 0.93828125 0.65 0.090625 0.0390625
1 0.83828125 0.5140625 0.09375 0.040625
1 0.28046875 0.6359375 0.05625 0.065625
1 0.29921875 0.76484375 0.065625 0.0765625
1 0.26328125 0.84140625 0.05625 0.06875
1 0.32265625 0.91875 0.0625 0.0796875
1 0.3921875 0.76796875 0.0453125 0.0609375
1 0.1546875 0.09921875 0.1296875 0.071875
1 0.51328125 0.59296875 0.0953125 0.06875
1 0.45390625 0.1546875 0.0609375 0.0671875
1 0.2421875 0.02421875 0.1125 0.0484375