0 0.3119215984375 0.657304453125 0.316382715625 0.651250865625 0.317635784375 0.6448043875 0.3161196171875 0.637819625 0.3135395421875 0.6278597625 0.3061891609375 0.6234320062500001 0.2970470375 0.621885646875 0.12383637343750001 0.6216671546875 0.11088126875 0.62284 0.111210621875 0.62959406875 0.1135679296875 0.638587865625 0.118169240625 0.6487099234375 0.12490796875000001 0.6541722453125 0.1335315828125 0.6583861109375 0.3119215984375 0.657304453125
0 0 0.6517706328124999 0.0737283984375 0.6461874859375001 0.1045519453125 0.6428062953125 0.11018708906250001 0.6357254875 0.10977870781250001 0.62687168125 0.106795540625 0.62030925 0.09993276718750001 0.6117961859375 0.0943001140625 0.607909446875 0.08556393749999999 0.6072084 0 0.6120699265625 0 0.6517706328124999
0 0.36673619375 0.6091146296875001 0.37401846875 0.6128895296875 0.383702275 0.61412840625 0.40779886249999997 0.61387908125 0.42323474687499996 0.6130187265625 0.42158402656250005 0.60776463125 0.39884085625 0.5087545296875 0.3958054578125 0.504732696875 0.3891383 0.5017208281250001 0.37789661875 0.49867771406249994 0.3461561890625 0.49701225156250006 0.341387046875 0.499946009375 0.34049696093750004 0.502561340625 0.364470359375 0.6030975046875 0.36673619375 0.6091146296875001
0 1 0.491797234375 0.9968903750000001 0.49122453593750004 0.8484962078124999 0.4870522796875 0.8465808984375001 0.5012919375 0.8514554203125 0.5134978421875 0.8657878437500001 0.5165233234375 0.903841796875 0.5203271578125 1 0.5213149625 1 0.491797234375
3 0.6015625 0.59765625 0.0671875 0.0546875
3 0.434375 0.68046875 0.06875 0.0640625
3 0.6609375 0.5171875 0.0921875 0.0984375
3 0.93828125 0.5328125 0.06875 0.0375
1 0.6359375 0.97421875 0.06875 0.0515625
1 0.59453125 0.9109375 0.0703125 0.0609375
1 0.71953125 0.81328125 0.0625 0.0609375
1 0.52734375 0.70859375 0.06875 0.0671875
1 0.5265625 0.621875 0.0703125 0.0671875
1 0.440625 0.49765625 0.0640625 0.065625
1 0.54765625 0.37734375 0.065625 0.0625
3 0.5578125 0.2359375 0.0703125 0.0546875
2 0.3609375 0.415625 0.046875 0.0421875
0 0.49937838437500004 0 0.5378908640625 0.086538759375 0.5760466078125 0.08931140625 0.5846370515625 0.08570385625 0.5952624234375 0.077425590625 0.56302268125 0.0028920203124999998 0.5481445265625 0 0.49937838437500004 0
2 0.88203125 0.5296875 0.0546875 0.0265625
2 0.4328125 0.765625 0.0515625 0.0390625
2 0.5359375 0.890625 0.05625 0.04375
1 0.59609375 0.5015625 0.05625 0.059375
1 0.4484375 0.33515625 0.065625 0.0640625
1 0.49765625 0.17421875 0.071875 0.0671875
1 0.34140625 0.0796875 0.08125 0.071875
1 0.24453125 0.02109375 0.0890625 0.0421875
2 0.25703125 0.13203125 0.053125 0.0453125
1 0.68359375 0.175 0.0890625 0.0640625
1 0.7625 0.209375 0.0890625 0.0640625
1 0.50234375 0.553125 0.0640625 0.0640625
1 0.48515625 0.62890625 0.05625 0.0609375
1 0.87734375 0.571875 0.0859375 0.0453125
1 0.30390625 0.2109375 0.071875 0.06875