0 0.76252603125 0.6869939406250001 0.7613941125 0.693751409375 0.7643153671875 0.6998951953125 0.7713336984375 0.7041681296875 0.8174182125 0.7186162078125 0.9671994640625 0.7653838796875 0.9782449968750001 0.756958678125 0.9890889515625 0.7414777 0.9921961046875 0.7322018703125 0.9922974765625 0.7292989421875 0.7900213328125 0.6693252953125 0.7770020765625001 0.67012935625 0.7695974125 0.6769195156250001 0.76252603125 0.6869939406250001
0 0.8122668421875 0.566650284375 0.996872171875 0.5982968015625 0.9983199062500001 0.5568391078125 0.8182921125 0.5273496015625 0.8011105468749999 0.5308169265625 0.788140034375 0.5617404390625 0.8122668421875 0.566650284375
0 0.3116104015625 0.46888103125 0.3336137984375 0.4725892328125 0.350959715625 0.471385840625 0.3569337265625 0.46164428125 0.3604882921875 0.45204437343750004 0.35349813124999996 0.4447899203125 0.19699970312499998 0.42055522187500005 0.1721039515625 0.41900742187500006 0.1632533609375 0.43045765156250004 0.16363918125000002 0.44245656718750004 0.178439459375 0.4450086671875 0.3116104015625 0.46888103125
0 0.1768913390625 0.5825318796875 0.28440140937499997 0.6019074609375 0.3111724765625 0.5990425640625 0.3171758359375 0.5884862109375 0.3175071578125 0.5789983734375 0.3150869796875 0.573003115625 0.16342957656249998 0.5484972078125 0.15096729375 0.55038409375 0.1429999375 0.5526390421875 0.1389682484375 0.560519975 0.1375555296875 0.5687034625 0.1377172015625 0.5748309484374999 0.1768913390625 0.5825318796875
0 0 0.56149315625 0.0297656625 0.5671832765625 0.1154892734375 0.5834764906250001 0.146814009375 0.5831381015625 0.141566659375 0.5561508890625 0.0083034703125 0.5353330109375001 0 0.5370810765625 0 0.56149315625
3 0.6765625 0.528125 0.0921875 0.034375
3 0.720725478125 0.11007846562500001 0.75606161875 0.1804612375 0.7655544078125 0.18548497343749998 0.804059965625 0.177692096875 0.8085784625000001 0.1741454859375 0.7685605296875 0.0994009015625 0.720725478125 0.11007846562500001
3 0.215625 0.50234375 0.1296875 0.0390625
3 0.12890625 0.8359375 0.0546875 0.0484375
3 0.240625 0.7015625 0.059375 0.0484375
2 0.7578125 0.55390625 0.065625 0.0234375
2 0.63515625 0.49453125 0.0640625 0.0203125
2 0.80703125 0.2359375 0.06875 0.0328125
2 0.88046875 0.13828125 0.040625 0.0421875
1 0.8359375 0.075 0.075 0.071875
1 0.83671875 0.18359375 0.0515625 0.0640625
1 0.74453125 0.296875 0.075 0.071875
1 0.67421875 0.29921875 0.059375 0.059375
1 0.3625 0.5546875 0.096875 0.05625
1 0.42734375 0.625 0.075 0.0578125
1 0.21953125 0.7515625 0.0578125 0.0515625
1 0.059375 0.90078125 0.0640625 0.053125
1 0.12109375 0.8921875 0.078125 0.05625
1 0.0390625 0.83046875 0.0421875 0.0515625
2 0.0265625 0.709375 0.0453125 0.0328125
2 0.15390625 0.78984375 0.0421875 0.0328125
2 0.20625 0.675 0.0453125 0.0328125
2 0.15390625 0.73671875 0.04375 0.0328125
2 0.11171875 0.42421875 0.05625 0.01875
2 0.02421875 0.421875 0.04375 0.0203125
1 0.1390625 0.96875 0.071875 0.040625
1 0.2265625 0.859375 0.06875 0.0546875
1 0.26640625 0.80625 0.0609375 0.0546875
1 0.4453125 0.7203125 0.046875 0.0578125
1 0.72109375 0.20859375 0.0640625 0.0640625