0 0.18785068124999998 0.3690573296875 0.1870045078125 0.384100428125 0.18785068124999998 0.39763921562500004 0.198850946875 0.4176966796875 0.3049047859375 0.41619236875 0.3091356578125 0.3986420890625 0.3088535984375 0.37557600625 0.3040586109375 0.363040090625 0.2941865796875 0.3535127953125 0.2098512125 0.35451566875 0.192081553125 0.3535127953125 0.1884147984375 0.36103434375 0.18785068124999998 0.3690573296875
3 0.0421875 0.41796875 0.084375 0.0796875
2 0.86015625 0.7578125 0.0375 0.03046875
2 0.51015625 0.81484375 0.01796875 0.05859375
2 0.46171875 0.6890625 0.01953125 0.0578125
2 0.49765625 0.68671875 0.0203125 0.0609375
2 0.4375 0.44765625 0.01953125 0.05390625
2 0.28359375 0.46953125 0.03359375 0.0328125
2 0.2984375 0.3390625 0.03125 0.0296875
2 0.4703125 0.11171875 0.01875 0.05546875
1 0.58203125 0.859375 0.0265625 0.10546875
1 0.55390625 0.803125 0.02265625 0.09921875
1 0.48203125 0.83046875 0.028125 0.1015625
1 0.49453125 0.55234375 0.02578125 0.09296875
1 0.475 0.371875 0.02265625 0.0890625
1 0.45859375 0.21171875 0.0265625 0.0859375
1 0.48671875 0.20703125 0.02734375 0.0859375
1 0.44765625 0.090625 0.0234375 0.08359375
3 0.5678193046875 0.1554553046875 0.5768457406249999 0.160971459375 0.5847438734375 0.1544523671875 0.5841797203125 0.13188627343749998 0.5822051874999999 0.11734368125000001 0.5827693390625 0.10932018125000001 0.5782561203125 0.071710028125 0.558510790625 0.0742173703125 0.55935701875 0.0947775890625 0.5678193046875 0.1554553046875
1 0.9359375 0.73515625 0.059375 0.04296875
1 0.94453125 0.684375 0.06953125 0.0484375
1 0.8703125 0.66875 0.05859375 0.04296875
1 0.93046875 0.5796875 0.059375 0.04296875
1 0.61875 0.6375 0.0421875 0.09765625
1 0.696875 0.49453125 0.05 0.0796875
1 0.0984375 0.7953125 0.0328125 0.0984375
1 0.1390625 0.9109375 0.0390625 0.11484375
1 0.940625 0.1765625 0.053125 0.05859375
1 0.8890625 0.109375 0.0484375 0.09140625
1 0.5921875 0.08125 0.025 0.0890625