0 0.3576276765625 0.304074128125 0.3521433515625 0.29989049375 0.336454040625 0.2960887953125 0.1846279984375 0.2546703390625 0.1781035171875 0.2547867828125 0.161935071875 0.26012753437499997 0.1509984265625 0.282244078125 0.1536747078125 0.28559297968749997 0.3337488921875 0.3321588828125 0.3402254578125 0.3329566828125 0.3472640296875 0.33080448125 0.3525227296875 0.3237460296875 0.3570287578125 0.3155021890625 0.3586428921875 0.308023546875 0.3576276765625 0.304074128125
0 0.144949634375 0.2848906828125 0.14968530156249998 0.278124146875 0.15098089374999998 0.2726940203125 0.1513772375 0.26513130937499996 0.14496279375 0.25891794218749997 0.128040675 0.253860175 0.014245998437499999 0.2150772015625 0.0120170625 0.2576078359375 0.12066184375 0.2917700578125 0.128628690625 0.2940834546875 0.13544938906249998 0.292545040625 0.144949634375 0.2848906828125
0 0.709031846875 0.5430168578125001 0.7179817171875 0.5408916859375 0.7646677734375 0.45664841875000006 0.7677006421875 0.45010564531249997 0.7601829296875 0.44690126093749993 0.7480664609375001 0.44345586406250004 0.73815898125 0.4418557140625 0.7062605234375 0.4419134609375 0.6994970453125 0.4463150609375 0.6501952453125 0.536474409375 0.6603729671874999 0.54025056875 0.676693665625 0.5441324828125 0.69042214375 0.54614906875 0.709031846875 0.5430168578125001
0 0.835632090625 0.5851461421875 0.8307738499999999 0.5942968468750001 0.8302705843749999 0.6038997187499999 0.98331119375 0.6383446875 0.993443125 0.6382055875 0.9948626624999999 0.6111192062499999 0.8897722765625 0.5850723421875 0.8716286562500001 0.581882115625 0.840793671875 0.5778028265625 0.835632090625 0.5851461421875
3 0.828125 0.17890625 0.065625 0.05625
3 0.628125 0.1109375 0.0625 0.05
2 0.65859375 0.034375 0.0484375 0.0375
2 0.69765625 0.1328125 0.0484375 0.0328125
2 0.57421875 0.15859375 0.0484375 0.034375
2 0.56875 0.203125 0.0453125 0.0328125
2 0.52109375 0.2203125 0.0484375 0.0359375
2 0.31640625 0.16796875 0.059375 0.0359375
2 0.4375 0.31484375 0.04375 0.0328125
2 0.42890625 0.37578125 0.04375 0.0328125
2 0.38828125 0.4375 0.0484375 0.034375
2 0.87421875 0.56953125 0.0546875 0.021875
2 0.1671875 0.79765625 0.0515625 0.04375
2 0.2453125 0.61953125 0.0484375 0.0359375
1 0.27265625 0.65234375 0.0625 0.065625
1 0.3109375 0.69453125 0.0625 0.065625
1 0.3546875 0.70703125 0.0625 0.0640625
1 0.2640625 0.84296875 0.075 0.06875
1 0.2140625 0.8203125 0.078125 0.0640625
1 0.315625 0.95 0.075 0.065625
1 0.4609375 0.8421875 0.075 0.0625
1 0.46015625 0.74296875 0.071875 0.0625
1 0.390625 0.63671875 0.0625 0.0640625
1 0.359375 0.58125 0.0625 0.0578125
1 0.55546875 0.6078125 0.0625 0.05625
1 0.546875 0.70703125 0.0609375 0.053125
1 0.61484375 0.503125 0.075 0.05625
1 0.6390625 0.39296875 0.0625 0.0578125
1 0.5171875 0.4203125 0.05625 0.05625
1 0.45390625 0.43984375 0.0578125 0.0515625
1 0.5015625 0.28125 0.0703125 0.059375
1 0.565625 0.26484375 0.0609375 0.059375
1 0.6625 0.1890625 0.0640625 0.05625
1 0.61875 0.17578125 0.059375 0.053125
1 0.8046875 0.2484375 0.059375 0.053125
1 0.775 0.340625 0.059375 0.053125
1 0.89296875 0.09609375 0.0671875 0.053125
1 0.903125 0.1484375 0.059375 0.05
1 0.83984375 0.0625 0.065625 0.05
1 0.73828125 0.08203125 0.0609375 0.0546875
1 0.68671875 0.04609375 0.0625 0.053125
1 0.68359375 0.0984375 0.059375 0.053125
1 0.984375 0.046875 0.03125 0.046875
1 0.6828125 0.29609375 0.059375 0.053125