0 0.7650364765625 0.32585435 0.76025081875 0.3301577 0.757379421875 0.3344610515625 0.757379421875 0.3390333609375 0.760729384375 0.34683318281250003 0.7683864390624999 0.3562467625 0.77412923125 0.359743234375 0.7789148890625001 0.3605501125 0.7865719437500001 0.36001219375 0.9957052546874999 0.3046065578125 0.9899624640625 0.292503384375 0.985655371875 0.28389668437500004 0.9756054875 0.27340726718749997 0.9689055640625 0.2691039171875 0.963162771875 0.2701797546875 0.804278884375 0.31455805468750003 0.7650364765625 0.32585435
3 0.603125 0.675 0.06875 0.065625
2 0.24765625 0.08046875 0.05 0.034375
2 0.34296875 0.0453125 0.046875 0.0375
2 0.40546875 0.06328125 0.040625 0.0359375
2 0.421875 0.14609375 0.05 0.0359375
2 0.371875 0.1421875 0.046875 0.034375
2 0.015625 0.15546875 0.03125 0.0328125
2 0.55390625 0.40078125 0.046875 0.0328125
2 0.51171875 0.40703125 0.0484375 0.034375
2 0.609375 0.50546875 0.0484375 0.034375
2 0.1234375 0.55546875 0.053125 0.01875
2 0.2234375 0.3984375 0.04375 0.0328125
2 0.4140625 0.58984375 0.040625 0.03125
2 0.76171875 0.73671875 0.05 0.0375
2 0.51171875 0.95625 0.046875 0.034375
1 0.47109375 0.48828125 0.059375 0.0578125
1 0.5359375 0.51640625 0.0578125 0.05625
1 0.07421875 0.528125 0.078125 0.03125
1 0.54609375 0.66328125 0.0578125 0.0609375
1 0.77890625 0.81328125 0.05 0.065625
1 0.94140625 0.4921875 0.115625 0.0375
1 0.86640625 0.46328125 0.1171875 0.034375
1 0.821875 0.3671875 0.09375 0.040625
1 0.415625 0.29609375 0.06875 0.0578125
1 0.4421875 0.39375 0.059375 0.053125
1 0.2546875 0.35 0.0640625 0.0546875
1 0.09296875 0.1484375 0.0625 0.05
1 0.528125 0.81875 0.0640625 0.05625