0 0.326045340625 0.8708321578125 0.3278327015625 0.8853890515625 0.33608807500000004 0.8894128125 0.34876435625 0.8905429703125 0.3733451 0.88651735625 0.39196130625 0.87281348125 0.3833814984375 0.7543128015625 0.3640729984375 0.752653671875 0.3387416109375 0.7554281484375001 0.32637085312499997 0.761648653125 0.315441315625 0.7747445515625 0.326045340625 0.8708321578125
0 0.380007871875 1 0.37973927343749997 0.9791326874999999 0.360687240625 0.9768146296875001 0.334548025 0.9797136312499999 0.3182376671875 0.9997247265625001 0.3182506421875 1 0.380007871875 1
3 0.414586525 0.916801659375 0.4240772234375 0.9152961921875 0.4344302390625 0.9109635984375 0.447207359375 0.9066735187500001 0.44591214375000005 0.9010498984374999 0.455587128125 0.8961202437500001 0.4525458390625 0.8910511734375 0.456900303125 0.887114953125 0.461397909375 0.879419440625 0.45559115625 0.8025768640625 0.43067205781249995 0.8015546718750001 0.40076160781250003 0.8042067453125 0.3929167328125 0.8191163687499999 0.3926733421875 0.8368343640625 0.40058254687500006 0.8372238578125 0.396929296875 0.8567211546875001 0.39974515781250003 0.8648793093749999 0.3951044140625 0.8763341125 0.40081842500000003 0.8933206281249999 0.39591110625 0.9075294109375 0.40466292656249997 0.90985638125 0.40706733125000005 0.914663496875 0.414586525 0.916801659375
3 0 0.5150763375 0.0086150875 0.5143949265625001 0.07039815 0.49710316250000003 0.073305934375 0.48955668125 0.0698310421875 0.48207495 0.0625144265625 0.47973806249999995 0.0436273 0.4820571109375 0.0263471734375 0.48705462343750006 0.0185749140625 0.486211575 0 0.4907408984375 0 0.5150763375
3 0.5390625 0.0703125 0.0484375 0.0671875
2 0.66171875 0.0078125 0.0390625 0.015625
2 0.65 0.0703125 0.0359375 0.0453125
2 0.965625 0.43515625 0.0609375 0.0296875
2 0.68359375 0.4953125 0.0421875 0.0421875
2 0.796875 0.7703125 0.040625 0.0421875
2 0.30859375 0.91328125 0.0453125 0.0421875
2 0.290625 0.8765625 0.046875 0.040625
2 0.253125 0.875 0.0359375 0.0390625
2 0.2984375 0.77578125 0.0390625 0.0390625
1 0.9296875 0.8078125 0.1375 0.0734375
1 0.86171875 0.91875 0.1125 0.065625
1 0.4140625 0.96484375 0.059375 0.06875
1 0.359375 0.9234375 0.0515625 0.0640625
1 0.28671875 0.82734375 0.046875 0.0640625
1 0.465625 0.76328125 0.053125 0.0578125
1 0.4125 0.99765625 0.0625 0.0046875
1 0.63046875 0.58359375 0.0609375 0.06875
1 0.45390625 0.3859375 0.0921875 0.06875
1 0.54140625 0.3015625 0.0859375 0.071875
1 0.50859375 0.17734375 0.0546875 0.0703125
1 0.6578125 0.1453125 0.0609375 0.06875
1 0.6015625 0.1140625 0.071875 0.0828125
1 0.60859375 0.0296875 0.0546875 0.059375
1 0.48671875 0.09609375 0.0515625 0.065625
1 0.32421875 0.52265625 0.1 0.0609375
1 0.01796875 0.4765625 0.0359375 0.03125
1 0.01875 0.53359375 0.0375 0.03125
1 0.9546875 0.86875 0.090625 0.06875