0 0.23822936249999999 0.20924326718750003 0.22515979375 0.20515409375 0.21969616875 0.2095620390625 0.2131682484375 0.227777415625 0.2091129515625 0.2478297109375 0.21533348281250003 0.26887383125 0.32361960624999997 0.306109696875 0.3329412640625 0.2909916703125 0.3404279609375 0.2630509359375 0.340597703125 0.2513525796875 0.33200088125 0.23671803749999998 0.23822936249999999 0.20924326718750003
0 0.1450634015625 0.154919925 0.0801618953125 0.13500548750000002 0.064293071875 0.1942287390625 0.142893503125 0.21834242499999998 0.1524537109375 0.197416396875 0.1580045125 0.1742416671875 0.1450634015625 0.154919925
0 0.2341846984375 0.5719447828125 0.22604652500000003 0.5971115499999999 0.228115046875 0.6076103125000001 0.33484332499999997 0.6517463578125 0.34555986875 0.6390795578125 0.35379516093749996 0.6083450296875 0.35318335 0.5976150609374999 0.2585214828125 0.559198328125 0.2424248359375 0.5555067765625 0.2341846984375 0.5719447828125
3 0.16672989062500002 0.290971528125 0.16367929375 0.3010850390625 0.1665970390625 0.30672503125 0.1690024015625 0.30919136406250003 0.16798236875 0.3168126 0.17149315625 0.31896785625 0.17877566875 0.3184901109375 0.18270394843749999 0.3292590578125 0.25459917656250003 0.3533815109375 0.2621805921875 0.3378020234375 0.2720772453125 0.3034101640625 0.2644721296875 0.28983419062500004 0.24711271250000003 0.28214638281250004 0.24401941875 0.2886048140625 0.2272815046875 0.27986899374999996 0.2108472296875 0.26999998281250004 0.192287496875 0.26806328437500004 0.183135734375 0.25771652500000003 0.178453096875 0.26374909375 0.16900243125 0.26850407187499997 0.1633139953125 0.28337623437500004 0.16672989062500002 0.290971528125
3 0.6772360046875 0.1226700546875 0.6864269703125 0.121332525 0.6935524140625 0.112926834375 0.698964378125 0.0790889875 0.7018654546875001 0.0728087328125 0.7066978875000001 0.0377464421875 0.6886735421875 0.032916832812500005 0.6866687921875 0.03290593125 0.680400090625 0.0540277 0.6720955140625 0.1191210984375 0.6772360046875 0.1226700546875
2 0.20859375 0.17734375 0.046875 0.0484375
3 0.684375 0.69375 0.06875 0.0578125
2 0.15859375 0.67265625 0.0453125 0.0421875
2 0.24765625 0.17265625 0.04375 0.046875
2 0.2625 0.1421875 0.040625 0.0390625
2 0.33515625 0.21875 0.040625 0.0390625
2 0.396875 0.95546875 0.034375 0.06875
1 0.5703125 0.6515625 0.0703125 0.0640625
1 0.67109375 0.58515625 0.075 0.078125
1 0.7640625 0.634375 0.075 0.0625
1 0.8546875 0.6640625 0.0765625 0.0625
1 0.91796875 0.73046875 0.08125 0.0640625
1 0.93828125 0.6765625 0.071875 0.05625
1 0.75703125 0.76015625 0.0765625 0.065625
1 0.54921875 0.1078125 0.05 0.0921875
1 0.59140625 0.04375 0.0453125 0.0765625
1 0.659375 0.05 0.0375 0.053125
1 0.71328125 0.06640625 0.0390625 0.05625
1 0.16640625 0.4515625 0.075 0.0703125
1 0.0390625 0.440625 0.075 0.0765625
1 0.1234375 0.25390625 0.071875 0.0671875
1 0.18125 0.21953125 0.06875 0.0609375
1 0.29609375 0.18984375 0.06875 0.0578125
1 0.98828125 0.4984375 0.0234375 0.075