0 0.18979124218750001 0.35565894375 0.19096460312500002 0.37443272968749997 0.2015248578125 0.3916420328125 0.3068340625 0.39894295 0.31152750937499996 0.3832981296875 0.31152750937499996 0.35670193125 0.3088874453125 0.3462720515625 0.2977405109375 0.3353206765625 0.20768500625000003 0.3332347 0.19507136875 0.33271320625 0.19125794375 0.3379281453125 0.18979124218750001 0.35565894375
0 0.024347253125000003 0.344186075 0.037547571875000005 0.360873884375 0.1249630125 0.3640028484375 0.12848309687499998 0.3431430859375 0.1278964171875 0.3212403359375 0.11176269375 0.307159996875 0.039014273437500004 0.3045525265625 0.0264006359375 0.3050740203125 0.024347253125000003 0.3254122890625 0.024347253125000003 0.344186075
0 0.289381553125 0.680605540625 0.2937284859375 0.6894374046875 0.3992968640625 0.7032371937499999 0.4058172640625 0.6894374046875 0.4058172640625 0.6601818546875 0.40271231093750004 0.6507979984375 0.309253246875 0.6392061765625 0.29403898125 0.63975816875 0.290623534375 0.6563179140625001 0.289381553125 0.680605540625
3 0.23177640781250003 0.4023390328125 0.214787559375 0.39856373437500003 0.1977987140625 0.39370977812499997 0.1808098671875 0.3964064203125 0.1701918375 0.38939515 0.1674614875 0.3958670921875 0.16018055312499999 0.4023390328125 0.1586636921875 0.4169009015625 0.1635176484375 0.422833515625 0.1632142765625 0.43254142812499996 0.167158115625 0.43685605625 0.16988846562499998 0.43847404062499995 0.1707985828125 0.4454853109375 0.17443904999999998 0.4465639671875 0.1808098671875 0.44440665468749996 0.1868773125 0.45303590781249997 0.2566529328125 0.45735053593749997 0.25968665468749996 0.4417100109375 0.2602933984375 0.408810975 0.250282115625 0.39856373437500003 0.23298989531249997 0.3958670921875 0.23177640781250003 0.4023390328125
3 0.5725236625 0.1499488265625 0.57794785625 0.151877428125 0.5858129375 0.14850237500000002 0.59015229375 0.1393415140625 0.5868977765625 0.1080017265625 0.587982615625 0.10173376875 0.5833720515625 0.0650903265625 0.5649297921875001 0.06991183125 0.5643873734375 0.09016215625 0.5725236625 0.1499488265625
2 0.1734375 0.3125 0.03359375 0.03671875
3 0.72109375 0.65703125 0.05390625 0.040625
2 0.246875 0.7640625 0.034375 0.03203125
2 0.2078125 0.2984375 0.0328125 0.0359375
2 0.21328125 0.26796875 0.03203125 0.0296875
2 0.29609375 0.31796875 0.03125 0.02890625
2 0.5265625 0.959375 0.0171875 0.0625
1 0.609375 0.646875 0.05546875 0.0453125
1 0.6828125 0.5640625 0.05546875 0.06015625
1 0.77734375 0.5859375 0.059375 0.04296875
1 0.865625 0.58984375 0.06171875 0.04296875
1 0.9375 0.634375 0.06640625 0.0421875
1 0.946875 0.5828125 0.065625 0.0390625
1 0.8015625 0.69921875 0.0609375 0.04609375
1 0.4609375 0.16953125 0.02578125 0.08046875
1 0.484375 0.09296875 0.0265625 0.0875
1 0.5453125 0.071875 0.02421875 0.08515625
1 0.596875 0.075 0.02421875 0.08671875
1 0.2015625 0.565625 0.05703125 0.05078125
1 0.08515625 0.5859375 0.05625 0.05703125
1 0.115625 0.4 0.05546875 0.04921875
1 0.159375 0.35625 0.05390625 0.04296875
1 0.2546875 0.30234375 0.0546875 0.03984375
1 0.9703125 0.40859375 0.05859375 0.0640625