1 0.95625 0.29453125 0.0671875 0.115625
1 0.88203125 0.175 0.0875 0.140625
1 0.94296875 0.18125 0.071875 0.1375
1 0.5796875 0.10703125 0.0625 0.1296875
1 0.53046875 0.25 0.05625 0.1078125
1 0.4890625 0.1859375 0.059375 0.11875
1 0.51328125 0.053125 0.0578125 0.10625
1 0.5484375 0.02578125 0.04375 0.0515625
1 0.4578125 0.34140625 0.0671875 0.1203125
1 0.57109375 0.36328125 0.0609375 0.1125
2 0.528125 0.39296875 0.0390625 0.071875
2 0.5609375 0.49609375 0.040625 0.0625
2 0.52265625 0.540625 0.04375 0.0703125
2 0.534375 0.721875 0.0390625 0.065625
2 0.6625 0.70859375 0.0484375 0.0515625
2 0.67578125 0.5703125 0.0453125 0.0453125
2 0.425 0.97265625 0.0328125 0.05
1 0.459375 0.90234375 0.0546875 0.103125
1 0.43359375 0.88203125 0.0515625 0.0984375
1 0.471875 0.74921875 0.05 0.0984375
1 0.48984375 0.61875 0.053125 0.1015625
1 0.8 0.8609375 0.0703125 0.078125
1 0.7390625 0.57421875 0.0703125 0.0703125
3 0.8734375 0.6546875 0.134375 0.10625
1 0.3640625 0.90078125 0.0484375 0.0984375
1 0.33359375 0.93671875 0.04375 0.078125
1 0.3125 0.890625 0.05 0.103125
1 0.28359375 0.92421875 0.046875 0.0796875
3 0.340625 0.8578125 0.0515625 0.09375
1 0.340625 0.43359375 0.0734375 0.10625
1 0.21875 0.4890625 0.0703125 0.06875
1 0.084375 0.8296875 0.06875 0.0984375
1 0.03046875 0.784375 0.0609375 0.115625
1 0.01484375 0.715625 0.0296875 0.08125
1 0.01640625 0.8640625 0.0328125 0.059375
1 0.15546875 0.3265625 0.0734375 0.0625
1 0.09375 0.3234375 0.0734375 0.06875
1 0.04453125 0.33046875 0.046875 0.05625
1 0.1125 0.271875 0.0703125 0.05625
1 0.175 0.2515625 0.075 0.065625
1 0.1796875 0.203125 0.0703125 0.059375
1 0.103125 0.21875 0.084375 0.065625
1 0.12421875 0.1734375 0.0703125 0.059375
2 0.20390625 0.1671875 0.053125 0.046875
2 0.07890625 0.15625 0.0359375 0.05625
3 0.05390625 0.27890625 0.0421875 0.0609375
0 0.71875 0.67109375 0.1359375 0.0953125