0 0.1752360703125 0.2942967109375 0.16074790156250002 0.291367953125 0.15577960156249998 0.2976569296875 0.1522127640625 0.3161912421875 0.1503452 0.3366589515625 0.160769646875 0.356911178125 0.2756711453125 0.372744059375 0.280410646875 0.357803234375 0.284633096875 0.33130057968750004 0.281780803125 0.31772726875 0.27218130625 0.303900421875 0.1752360703125 0.2942967109375
3 0.05654105625 0.3407188234375 0.045339628124999996 0.331454040625 0.0274273328125 0.32530997500000003 0.0247002125 0.32948336875 0.0176609421875 0.3255818546875 0.010859226562500001 0.3809773875 0.0421368984375 0.393612625 0.050941629687500004 0.381168990625 0.059395135937499996 0.34839514843749997 0.05654105625 0.3407188234375
2 0.259375 0.434375 0.0390625 0.0421875
2 0.27734375 0.28828125 0.0390625 0.0390625
2 0.41328125 0.36796875 0.0296875 0.0640625
2 0.44765625 0.76875 0.0265625 0.0640625
2 0.40859375 0.63125 0.028125 0.0671875
2 0.446875 0.62109375 0.0296875 0.0671875
2 0.83125 0.81796875 0.04375 0.0390625
2 0.49609375 0.03515625 0.0265625 0.0625
1 0.471875 0.02109375 0.03125 0.0421875
1 0.46875 0.13984375 0.0390625 0.09375
1 0.5 0.13828125 0.0421875 0.09375
3 0.59249993125 0.067530253125 0.5951208968749999 0.1268155828125 0.6052170968749999 0.1302594859375 0.6132652578125 0.12518600625 0.6150553265625 0.1055676046875 0.615931028125 0.08583693437499999 0.6169690421875 0.079902715625 0.6178345734375 0.0375773 0.5962042203125 0.039880975 0.59249993125 0.067530253125
1 0.459375 0.9296875 0.0453125 0.115625
1 0.5171875 0.8765625 0.04375 0.115625
1 0.5015625 0.77578125 0.040625 0.1125
1 0.41328125 0.7859375 0.04375 0.1109375
1 0.46484375 0.490625 0.0390625 0.10625
1 0.46796875 0.30546875 0.0359375 0.0984375
1 0.5734375 0.04609375 0.0375 0.084375
1 0.63046875 0.053125 0.0375 0.084375
1 0.60390625 0.62109375 0.0609375 0.109375
1 0.7125 0.49296875 0.065625 0.0859375
1 0.93203125 0.75 0.08125 0.0640625
1 0.915625 0.803125 0.071875 0.0578125
1 0.853125 0.72109375 0.0703125 0.0546875
1 0.91796875 0.69375 0.0703125 0.0515625
1 0.93125 0.634375 0.0703125 0.0515625
1 0.95 0.121875 0.065625 0.1125