0 0.1868578375 0.37756169375000004 0.18744451875 0.39633548125 0.199178134375 0.41354478281249996 0.3053673609375 0.41510926562500006 0.308007425 0.40102892656250005 0.3088874453125 0.37651870625 0.30478068125 0.36452434375 0.294513765625 0.3530514734375 0.20533828281250002 0.35513745 0.1918446234375 0.35409446093749997 0.1880312 0.360352390625 0.1868578375 0.37756169375000004
3 0.0744703578125 0.39973106875000003 0.072457646875 0.40382039062499997 0.044567203124999996 0.3925747578125 0.0232899578125 0.3910412640625 0.020127125000000003 0.38439611875 0.0152391078125 0.3833737875 0.008625909375 0.39053009843750003 0.001150121875 0.3925747578125 0 0.403309225 0.001150121875 0.4099543703125 0.0025877734375 0.4176218453125 0.004025425 0.42886747812500003 0.022427365625 0.4324456328125 0.024727609375 0.4411354390625 0.0954600734375 0.46004854531249995 0.10207327031249999 0.44778058437499996 0.106098696875 0.41711068124999995 0.10264833124999999 0.4104655359375 0.0914346484375 0.403309225 0.0744703578125 0.39973106875000003
2 0.29765625 0.47265625 0.03125 0.034375
2 0.296875 0.33828125 0.03125 0.03046875
2 0.4296875 0.39609375 0.01953125 0.05703125
2 0.50625 0.75546875 0.01640625 0.05703125
2 0.4546875 0.634375 0.01875 0.059375
2 0.48828125 0.62109375 0.0203125 0.059375
2 0.859375 0.75703125 0.0375 0.03046875
2 0.46875 0.084375 0.0171875 0.05546875
1 0.4453125 0.053125 0.02265625 0.08125
1 0.4546875 0.18203125 0.02578125 0.08359375
1 0.48359375 0.1765625 0.02734375 0.08203125
3 0.5682409921875 0.15645449843749998 0.5778007109375001 0.15845391874999998 0.5845487484375 0.1529555171875 0.5839864125 0.13496075000000002 0.5825805703125 0.1169659828125 0.5828617390625 0.11146758125 0.578925384375 0.0729787765625 0.5595247765625 0.07747746875 0.5592436078125 0.1029700546875 0.5682409921875 0.15645449843749998
1 0.53359375 0.9 0.028125 0.10234375
1 0.58125 0.8453125 0.02734375 0.103125
1 0.55546875 0.75546875 0.02578125 0.10078125
1 0.4765625 0.775 0.02890625 0.0984375
1 0.490625 0.5015625 0.02421875 0.09453125
1 0.47265625 0.3328125 0.0234375 0.0875
1 0.540625 0.0796875 0.02578125 0.08671875
1 0.5921875 0.0796875 0.02578125 0.0875
1 0.63125 0.60390625 0.04453125 0.0953125
1 0.71640625 0.47578125 0.0515625 0.07265625
1 0.94375 0.684375 0.06953125 0.05
1 0.93515625 0.734375 0.059375 0.0453125
1 0.86953125 0.6671875 0.059375 0.04296875
1 0.925 0.63515625 0.06015625 0.0390625
1 0.93046875 0.57890625 0.059375 0.03984375
1 0.88984375 0.1125 0.0484375 0.096875