0 0.21412714375 0.314363753125 0.19812280468750001 0.314258946875 0.192865125 0.3202759171875 0.19034322812499999 0.34078154375 0.189049809375 0.3555653859375 0.19861552031250002 0.37518545625 0.30763527812499997 0.3853711453125 0.3124604828125 0.36765781406250003 0.3141237859375 0.3444862859375 0.309830815625 0.33115678437499996 0.3003926375 0.3225587 0.21412714375 0.314363753125
3 0.117714575 0.38089776249999996 0.1184410625 0.3903734234375 0.1216652046875 0.39619203125 0.12217909687499999 0.4045417875 0.12412021875000001 0.41080179687499996 0.12870320468750002 0.411756409375 0.1372036328125 0.41416106093750005 0.13947380781250002 0.4237717765625 0.213041946875 0.4362983390625 0.2196438921875 0.4141761578125 0.2225409890625 0.3917298453125 0.2121271953125 0.37919204375 0.19446079375 0.374878165625 0.1923402625 0.38133648125 0.176622425 0.376085778125 0.1598138484375 0.36907868593750004 0.143066215625 0.37204268281249997 0.13803772187500002 0.3655125625 0.1324804546875 0.3650263640625 0.12789002656249998 0.37126859218749997 0.12187980937500001 0.3724037234375 0.117714575 0.38089776249999996
3 0.5958389125 0.1510005921875 0.606557571875 0.15356120625 0.6128995859375 0.1470836859375 0.6128420046875 0.11299867968749999 0.61467905 0.10937273750000001 0.6140723968749999 0.06766636718749999 0.594155928125 0.0729562765625 0.5924849421875 0.0955300625 0.5958389125 0.1510005921875
2 0.175 0.29140625 0.0375 0.0390625
2 0.21328125 0.28125 0.0375 0.0375
2 0.30390625 0.30703125 0.0328125 0.03125
2 0.34765625 0.7109375 0.0359375 0.05
2 0.48359375 0.96953125 0.0234375 0.0609375
2 0.51015625 0.89921875 0.025 0.0671875
2 0.81953125 0.78203125 0.0390625 0.03125
2 0.92265625 0.471875 0.0359375 0.0375
2 0.7890625 0.4265625 0.034375 0.034375
2 0.4921875 0.01640625 0.01875 0.0328125
1 0.28359375 0.45859375 0.053125 0.0453125
1 0.08359375 0.3703125 0.0609375 0.0453125
1 0.0734375 0.31875 0.059375 0.0453125
1 0.259375 0.28828125 0.059375 0.04375
1 0.5078125 0.52421875 0.0359375 0.0921875
1 0.509375 0.37578125 0.0390625 0.1
1 0.5015625 0.17734375 0.0328125 0.0875
1 0.46796875 0.03046875 0.0296875 0.0609375
1 0.57421875 0.071875 0.034375 0.0921875
1 0.62578125 0.07734375 0.0328125 0.0890625
1 0.9125 0.77109375 0.0625 0.04375
1 0.925 0.721875 0.071875 0.053125
1 0.85234375 0.6984375 0.0625 0.0484375
1 0.56171875 0.7046875 0.040625 0.1078125
1 0.67578125 0.5109375 0.053125 0.084375
1 0.15546875 0.86875 0.0640625 0.125
1 0.0765625 0.7609375 0.0515625 0.103125