0 0.1873690640625 0.372438146875 0.18772595625 0.38893455625 0.1962914 0.40479648749999997 0.305857690625 0.4086033515625 0.3087128375 0.39972066875 0.3090697328125 0.36926576093749996 0.305857690625 0.36101755625 0.2930095265625 0.34705905625 0.20057412187499998 0.347693534375 0.1916517859375 0.34705905625 0.1895104234375 0.3534038296875 0.1873690640625 0.372438146875
3 0.2259135578125 0.411141259375 0.2234153015625 0.4155826 0.20806888437499999 0.41304469218750006 0.20057412187499998 0.41050678124999995 0.18843974375 0.40923782812500004 0.1745209 0.411141259375 0.170238178125 0.40669991874999994 0.1645278828125 0.4035275328125 0.1598882671875 0.40987230625000004 0.15560554531249998 0.4124102140625 0.1495383578125 0.42002394218749994 0.1527503984375 0.4352513953125 0.1566762265625 0.442865121875 0.15917448125 0.45047885 0.1641709890625 0.449844371875 0.1680968171875 0.4536512359375 0.17416400468749998 0.45872705468749997 0.1802311953125 0.4682442125 0.2501823125 0.47014764375 0.252680565625 0.4580925765625 0.253751246875 0.4282721453125 0.2523236734375 0.4155826 0.2409030828125 0.411141259375 0.2259135578125 0.411141259375
3 0.5688649359375 0.1560382296875 0.5751343296875 0.15955788906249999 0.5817336921875 0.15838466874999999 0.5866832125 0.1525185703125 0.5856933078125001 0.13081400468749999 0.5843734359375 0.1179085875 0.585033371875 0.11145587812499999 0.5797538828125 0.07156640625 0.5616056406250001 0.078019115625 0.562265575 0.10382994999999999 0.5688649359375 0.1560382296875
2 0.24978582187499998 0.7919233453125 0.2745334265625 0.79544300625 0.27783310625 0.7878170765625 0.27816307500000004 0.770805390625 0.2771731703125 0.76141963125 0.27189368125 0.76141963125 0.24978582187499998 0.7666991203125 0.2448363015625 0.7749116593750001 0.24450633281249998 0.78429741875 0.24978582187499998 0.7919233453125
2 0.087885725 0.3502737875 0.0948658171875 0.3525299796875 0.113585159375 0.3395568765625 0.1199306984375 0.33222425312500004 0.11961342187499999 0.32432758125 0.1148542671875 0.32094329374999997 0.111681496875 0.31699495624999996 0.10501868125 0.31361066875 0.088203 0.316430909375 0.0840784 0.3215073421875 0.0856647859375 0.33842878125000003 0.087885725 0.3502737875
2 0.19544262031249998 0.335608540625 0.21321013125000002 0.325455678125 0.2224111640625 0.3181230546875 0.22336299531249998 0.307970190625 0.21670017812500003 0.3028937578125 0.2094028078125 0.29668923125 0.19195257500000001 0.298945421875 0.1878279734375 0.30684209375 0.18909708125 0.323199484375 0.19544262031249998 0.335608540625
2 0.1599075984375 0.34519735625000003 0.1817997109375 0.33617258906249997 0.1884625265625 0.33222425312500004 0.1878279734375 0.32376353281250003 0.1843379265625 0.319815196875 0.1808478796875 0.31248257343749997 0.175454171875 0.30853423750000003 0.159590321875 0.31022638125 0.15292750625 0.31699495624999996 0.1548311671875 0.32996806093750003 0.1599075984375 0.34519735625000003
2 0.5070086171875 0.3671952265625 0.504787678125 0.3248916296875 0.5022494625 0.3186871015625 0.4943175375 0.3181230546875 0.492413875 0.3271478203125 0.49146204375 0.367759275 0.4955866453125 0.3733997546875 0.504787678125 0.3722716578125 0.5070086171875 0.3671952265625
1 0.207816421875 0.9521129687500001 0.221776609375 0.935755578125 0.2224111640625 0.9205262812499999 0.195759896875 0.8387393281250001 0.1875106953125 0.8387393281250001 0.174502340625 0.8550967187499999 0.171964125 0.868069821875 0.201788159375 0.9532410656250001 0.207816421875 0.9521129687500001
1 0.10819145156250001 0.7620288046875 0.0856647859375 0.842123615625 0.1034322953125 0.8573529093750001 0.110729665625 0.8472000468750001 0.12976628437499999 0.77556595625 0.1288144546875 0.76146475625 0.116123375 0.7558242765625 0.10819145156250001 0.7620288046875
1 0.11897886718749999 0.9075531796874999 0.1177097609375 0.9165779468749999 0.12119980625 0.9272948578125 0.15546572187500002 0.9791872703125 0.1637149234375 0.9684703593749999 0.17101229375 0.9487286812500001 0.1678395234375 0.9368836734375 0.1383327640625 0.89288793125 0.1351599953125 0.8872474531250001 0.12754534687500002 0.8906317406250001 0.11897886718749999 0.9075531796874999
1 0.2630226171875 0.492413875 0.26714721875 0.49805435625000005 0.285549284375 0.4997464984375 0.30997961093750004 0.5031307859374999 0.31283510312499996 0.4946700671875 0.31410421093749996 0.4822610125 0.31346965781249997 0.4681598125 0.3058550109375 0.464775525 0.28903933125000003 0.464775525 0.27381003593750003 0.4625193328125 0.2661953875 0.46308338125 0.263657171875 0.4704160046875 0.2630226171875 0.492413875
1 0.1139024359375 0.392577384375 0.10819145156250001 0.38919309687500003 0.061551734375 0.39370548125 0.058378965625 0.40160215312499997 0.058378965625 0.42134383125 0.060599903125 0.42867645625 0.06599361249999999 0.43149669375000005 0.10692234375000001 0.43431693437499996 0.1151715453125 0.42529216718749996 0.11707520625000001 0.40837072812499997 0.1139024359375 0.392577384375
1 0.164666753125 0.3559142671875 0.154513890625 0.3525299796875 0.1246898546875 0.34914569218749997 0.11802703750000001 0.349709740625 0.1142197140625 0.35986260312499996 0.113585159375 0.3722716578125 0.11897886718749999 0.38468071406250004 0.1580039359375 0.392577384375 0.1659358625 0.3880650015625 0.16910863125 0.3700154671875 0.164666753125 0.3559142671875
2 0.279838296875 0.34519735625000003 0.3029995171875 0.349709740625 0.30712411875 0.3446333078125 0.31156599687500003 0.34237711718749997 0.31220055 0.33448044375 0.30807595 0.328839965625 0.301730409375 0.31925115000000004 0.28332834375 0.3181230546875 0.280790128125 0.31925115000000004 0.280155575 0.33504449375 0.279838296875 0.34519735625000003
1 0.471790871875 0.1883920203125 0.47877096406249997 0.1833155890625 0.47845368749999995 0.175982965625 0.47083904062500004 0.11619388125 0.46766627187500004 0.1099893546875 0.46163800781250003 0.1088612578125 0.4549751921875 0.11393768906249999 0.45180242187499997 0.12409055312499999 0.4594170703125 0.1850077328125 0.463858946875 0.1895201171875 0.471790871875 0.1883920203125
1 0.54952373125 0.12296245624999999 0.5546001640625 0.117321978125 0.5546001640625 0.10491292187500001 0.5485719015625 0.0428676453125 0.545716409375 0.03666311875 0.5368326531250001 0.036099068750000005 0.529852559375 0.042303596875 0.535880821875 0.11675792968750001 0.5406399765625001 0.1223984078125 0.54952373125 0.12296245624999999
1 0.5904524624999999 0.1246546015625 0.5990189406249999 0.1246546015625 0.605047203125 0.11675792968750001 0.6047299265625 0.099836490625 0.5987016640625 0.0383552609375 0.591087015625 0.036099068750000005 0.582837815625 0.04173955 0.5809341531250001 0.0496362203125 0.5863278625 0.11675792968750001 0.5904524624999999 0.1246546015625
1 0.8956729187500001 0.25551372968749997 0.8944038109375001 0.240284434375 0.8677525453125 0.19459654843750002 0.8604551734375001 0.1929044046875 0.8490332015625001 0.210953940625 0.8493504796875 0.221106803125 0.8779054078125 0.26848683125 0.8848855015625 0.271307071875 0.8899619328125 0.269614928125 0.8956729187500001 0.25551372968749997
1 0.96769479375 0.177675109375 0.964204746875 0.1635739109375 0.9584937609375 0.15398509375 0.95373460625 0.151728903125 0.93564981875 0.16752224531249998 0.9150268140625 0.177675109375 0.9140749843749999 0.18895606874999998 0.920103246875 0.21038989218749998 0.9248624015625 0.2115179875 0.9657911328125 0.187263925 0.96769479375 0.177675109375
1 0.8604551734375001 0.42134383125 0.8547441875 0.4055504890625 0.84554315625 0.40273024843750005 0.814132734375 0.40103810468749995 0.80556625625 0.406678584375 0.8077871953125 0.42924050312500006 0.81159451875 0.4382652703125 0.8334866312500001 0.4405214625 0.8541096343750001 0.44221360625 0.8588687890625 0.437137175 0.8604551734375001 0.42134383125
1 0.9039221203125001 0.6932149515625 0.9074121671875 0.706752103125 0.915978646875 0.7140847265625 0.969281178125 0.7073161515625 0.9727712265624999 0.6994194796875 0.9734057796875 0.68136994375 0.969281178125 0.6706530328125 0.9638874703125 0.666704696875 0.9207378 0.6689608890625001 0.909315828125 0.67121708125 0.9039221203125001 0.679113753125 0.9039221203125001 0.6932149515625
1 0.9635701921875001 0.7479276046875001 0.9607146999999999 0.7214173500000001 0.955320990625 0.7180330625 0.931207940625 0.718597109375 0.9118540453125 0.718597109375 0.9042393984375 0.72310949375 0.9020184578125001 0.73326235625 0.9032875656250001 0.7507478437499999 0.9067776140625 0.7597726125 0.959128315625 0.755260228125 0.9635701921875001 0.7479276046875001
2 0.8423703859374999 0.73721069375 0.821112828125 0.7355185484375 0.8128636265625 0.742287125 0.8087390250000001 0.7467995078125 0.8084217499999999 0.755260228125 0.8150845656250001 0.7631569 0.840149446875 0.7693614281250001 0.8449086015624999 0.7654130921875 0.84554315625 0.7417230765625 0.8423703859374999 0.73721069375