0 0.7106921234375 0.3270558109375 0.7071760078125 0.32993576875 0.706423725 0.33468549531249997 0.7065337171875 0.3404310078125 0.707505984375 0.34717230312499997 0.7095617859375001 0.3535124078125 0.7128338796875 0.358613128125 0.71528795 0.36243866874999997 0.722208915625 0.363821246875 0.9175485906249999 0.354090565625 0.9246358203125 0.3512034109375 0.9228455296875 0.3431869328125 0.9154175796875 0.325685403125 0.9058547921875 0.3184427140625 0.8981158046875001 0.31578495625 0.7631645328125 0.3241968484375 0.7106921234375 0.3270558109375
0 1 0.3198574984375 0.953820134375 0.3252313265625 0.9344699859375 0.3286657734375 0.9288770734374999 0.3304879453125 0.9268800718750001 0.33396285625 0.9273707999999999 0.3399981875 0.9274329578125 0.345694840625 0.9295961187499999 0.353349059375 0.9335052328125 0.359113409375 0.9375817124999999 0.363821065625 0.9423378046875 0.367282359375 0.94973883125 0.3692669671875 1 0.3636424453125 1 0.3198574984375
0 0.034001465625 0.358848253125 0.031293354687500004 0.362489090625 0.03153325 0.366357446875 0.032456909374999995 0.37129169375000004 0.0358757234375 0.3766211328125 0.040237225 0.3813816859375 0.046973934375 0.3846032546875 0.053895589062500006 0.386657128125 0.062406703125 0.3894415421875 0.196769490625 0.378164440625 0.20227765 0.37568528125 0.2028604921875 0.36931385625 0.19905382656249998 0.36105021718749997 0.1951731828125 0.3532536546875 0.1853405125 0.350738721875 0.16420565781250002 0.3469124953125 0.04914836875 0.3574169265625 0.034001465625 0.358848253125
0 0 0.5417640640625 0.1537385671875 0.5385309578124999 0.1554267453125 0.5333949109375 0.1550196140625 0.5276813890625001 0.153095621875 0.52049956875 0.148488659375 0.5109279250000001 0.1252597265625 0.508476875 0.09664533125 0.5068921234375 0 0.5105774015625 0 0.5417640640625
3 0.584375 0.34375 0.0703125 0.0609375
3 0.49765625 0.83671875 0.0875 0.0765625
2 0.59296875 0.26796875 0.0546875 0.04375
2 0.48984375 0.33515625 0.0515625 0.040625
2 0.63046875 0.409375 0.0515625 0.040625
2 0.63671875 0.4671875 0.05 0.040625
2 0.675 0.496875 0.0453125 0.040625
2 0.965625 0.6703125 0.0296875 0.0390625
2 0.75 0.77890625 0.0515625 0.04375
2 0.8 0.84296875 0.0546875 0.0453125
2 0.8875 0.99375 0.065625 0.0125
2 0.5640625 0.93515625 0.0453125 0.04375
2 0.3828125 0.6265625 0.0484375 0.0375
2 0.11640625 0.4953125 0.0578125 0.025
2 0.28671875 0.07421875 0.0484375 0.040625
1 0.1859375 0.01015625 0.084375 0.0203125
1 0.38984375 0.08046875 0.0703125 0.0625
1 0.3484375 0.01640625 0.06875 0.0328125
1 0.22578125 0.06953125 0.0703125 0.0625
1 0.2734375 0.1640625 0.0828125 0.0703125
1 0.21953125 0.1765625 0.0765625 0.0671875
1 0.3203125 0.278125 0.0765625 0.065625
1 0.4265625 0.05546875 0.0734375 0.0640625
1 0.49375 0.08515625 0.0703125 0.0625
1 0.4734375 0.15234375 0.0703125 0.0640625
1 0.50390625 0.24453125 0.0671875 0.0625
1 0.553125 0.259375 0.0703125 0.065625
1 0.4703125 0.2796875 0.0703125 0.06875
1 0.53671875 0.353125 0.0671875 0.0671875
1 0.50390625 0.39765625 0.0734375 0.065625
1 0.58828125 0.4546875 0.0703125 0.065625
1 0.61015625 0.5453125 0.075 0.071875
1 0.678125 0.590625 0.084375 0.075
1 0.6125 0.7015625 0.071875 0.071875
2 0.728125 0.66796875 0.0578125 0.0453125
1 0.67421875 0.721875 0.0671875 0.065625
1 0.403125 0.53515625 0.078125 0.0703125
1 0.49375 0.73984375 0.0703125 0.0625
1 0.74375 0.85703125 0.08125 0.075
1 0.71875 0.953125 0.08125 0.078125
1 0.6453125 0.8140625 0.078125 0.075
1 0.82890625 0.98046875 0.0890625 0.0390625
1 0.59765625 0.98671875 0.0828125 0.0265625
1 0.88046875 0.696875 0.078125 0.0703125
1 0.11875 0.45 0.0890625 0.04375
2 0.90703125 0.42421875 0.075 0.0375