0 0.2677995125 0.9829345406250001 0.2758234671875 0.9869465171874999 0.28710715468750003 0.9922958218750001 0.33876136875 0.7974920140624999 0.33926286562499997 0.7903596109375 0.3385106203125 0.7859018578125 0.3352508875 0.7805525531249999 0.3264746859375 0.7734201484375001 0.3192029765625 0.7702997218750001 0.31494025 0.7702997218750001 0.31092827343749996 0.7729743734375 0.30691629531250003 0.7774321265624999 0.296384853125 0.8139857015624999 0.2550113328125 0.9619831015625 0.2540083390625 0.9673324046875 0.2580203171875 0.973573259375 0.2677995125 0.9829345406250001
3 0.6328125 0.6265625 0.0609375 0.06328125
2 0.078125 0.29609375 0.03203125 0.046875
2 0.0453125 0.384375 0.034375 0.04296875
2 0.0625 0.44296875 0.03359375 0.03828125
2 0.1390625 0.4578125 0.03359375 0.04609375
2 0.13515625 0.41171875 0.0328125 0.04375
2 0.1484375 0.07734375 0.0296875 0.0359375
2 0.3765625 0.58046875 0.03125 0.04296875
2 0.3828125 0.54140625 0.03125 0.0453125
2 0.47421875 0.63203125 0.03203125 0.0453125
2 0.52109375 0.1796875 0.01796875 0.04921875
2 0.375 0.2734375 0.03046875 0.040625
2 0.553125 0.45078125 0.0296875 0.0375
2 0.68984375 0.77421875 0.03515625 0.04609375
2 0.89453125 0.54140625 0.0328125 0.04453125
1 0.45859375 0.503125 0.05390625 0.0546875
1 0.484375 0.5640625 0.053125 0.05390625
1 0.4953125 0.13359375 0.028125 0.07265625
1 0.621875 0.5734375 0.05703125 0.05390625
1 0.76171875 0.790625 0.0609375 0.04609375
1 0.46171875 0.94140625 0.03515625 0.10703125
1 0.43515625 0.871875 0.0328125 0.109375
1 0.3453125 0.83046875 0.0375 0.08828125
1 0.27890625 0.4515625 0.05390625 0.06328125
1 0.3703125 0.4765625 0.05 0.05625
1 0.3296875 0.30234375 0.05078125 0.06015625
1 0.14140625 0.1515625 0.046875 0.05859375
1 0.76640625 0.55703125 0.053125 0.06015625
1 0.96640625 0.63125 0.0578125 0.0734375