0 0.803280478125 0.7860840984374999 0.809133521875 0.7863051203125 0.816583759375 0.7689689421875 0.822687925 0.7444864718749999 0.8137417359375 0.7218238984375 0.7017669421875 0.6914288375 0.6972599734375 0.6983541093750001 0.68781229375 0.7306710843750001 0.6878138078125 0.7418162078125 0.6916686515625 0.7514454671874999 0.69781388125 0.7616457796875 0.7899018796874999 0.7839867453125 0.803280478125 0.7860840984374999
3 0.899104959375 0.7279716374999999 0.9005219796875 0.7168493015624999 0.9002369531250001 0.707114540625 0.8951695624999999 0.6937714796875001 0.885309859375 0.6870853140625 0.8783925609375001 0.6726770390625 0.8065405968749999 0.648118540625 0.796826359375 0.668043803125 0.7881772890625001 0.69729435625 0.79104530625 0.7058611859374999 0.7993803625 0.7145831406250001 0.8161551515625 0.7193695453125 0.8193105890625001 0.7135124937499999 0.8355895296875 0.7230071171875 0.8445978390625 0.7276690640625 0.8555212296875 0.7328084968749999 0.8705576 0.73232961875 0.8744597625000001 0.7411542875 0.8814817312500001 0.7429050609375001 0.8868358031250001 0.7363882312500001 0.891126925 0.7368541453125 0.899104959375 0.7279716374999999
3 0.3412505515625 0.8886585390624999 0.332842884375 0.8935945984375 0.3287164296875 0.9130234312500001 0.326579340625 0.9316696640625001 0.32282688125000003 0.9409629078125 0.31942424687500004 0.9702842234375 0.34087028125 0.9756313203125 0.34411355 0.9635314328125 0.3525126203125 0.8953023015625 0.3493965765625 0.8919681765625 0.3412505515625 0.8886585390624999
2 0.078125 0.54375 0.0453125 0.04375
2 0.21953125 0.178125 0.046875 0.040625
2 0.6109375 0.03984375 0.0359375 0.0578125
2 0.52578125 0.4015625 0.0375 0.0703125
2 0.8234375 0.81640625 0.0453125 0.04375
2 0.784375 0.81953125 0.046875 0.05
2 0.69140625 0.77734375 0.040625 0.0390625
2 0.79296875 0.3078125 0.046875 0.0515625
1 0.9109375 0.79375 0.06875 0.059375
1 0.93046875 0.74453125 0.05625 0.05625
1 0.73515625 0.80546875 0.06875 0.05625
1 0.73984375 0.6171875 0.0625 0.0546875
1 0.48515625 0.709375 0.053125 0.1015625
1 0.45625 0.8671875 0.0546875 0.1078125
1 0.3125 0.94453125 0.0390625 0.0515625
1 0.3671875 0.95859375 0.0375 0.05
1 0.09453125 0.2234375 0.0859375 0.0734375
1 0.1171875 0.1734375 0.0734375 0.0578125
1 0.17265625 0.26328125 0.075 0.0578125
1 0.08125 0.33984375 0.0734375 0.05625
1 0.3734375 0.4828125 0.0703125 0.1109375
1 0.26484375 0.54375 0.071875 0.0828125
1 0.94765625 0.19765625 0.0859375 0.140625
1 0.9890625 0.32890625 0.021875 0.1171875
1 0.0859375 0.8625 0.06875 0.1015625