0 0.387152375 0.83546794375 0.3881188953125 0.8453110562499999 0.396353334375 0.848671740625 0.4150029828125 0.846717546875 0.431712771875 0.84373776875 0.44761049062499997 0.8318900359375 0.432841615625 0.7199393703125 0.41735091874999997 0.7193939984375 0.39013461562499996 0.72337143125 0.37713843125 0.731094334375 0.3700647875 0.742544090625 0.387152375 0.83546794375
3 0.46855375937500005 0.9065703140625001 0.4760095890625 0.9072949359375 0.48407648124999997 0.9047469265625001 0.48809094999999997 0.9015704171875001 0.4962559796875 0.8996420328125 0.50439416875 0.890413446875 0.5096196421875 0.8841868703125 0.5028239421875 0.8804994296875 0.5096909375 0.8775062953124999 0.51371651875 0.8708345906250001 0.5072902796875 0.798172703125 0.48586621875 0.798390090625 0.458126040625 0.8015133640625001 0.4502220890625 0.8157862093749999 0.4507174015625 0.8331749296875 0.45752421718749997 0.833367178125 0.45516700156249995 0.8505725249999999 0.4534588046875 0.8683102484375 0.4594629 0.8848264640625001 0.45378468437499997 0.89175991875 0.4566149890625 0.89893368125 0.46236911718749996 0.8996102421875 0.46341069062500007 0.902621121875 0.46855375937500005 0.9065703140625001
3 0.06763599375 0.5114106125 0.12643662656250002 0.49232764375000004 0.1279520296875 0.4857659515625 0.1247595625 0.4785131671875 0.115664665625 0.475930771875 0.0847518828125 0.4839877140625 0.0766881890625 0.48469017968749994 0.038565328125 0.49561317968749996 0.0461590578125 0.5145248765625 0.06763599375 0.5114106125
3 0.320586096875 0.2525024421875 0.347602121875 0.2952334671875 0.3821634109375 0.28070789375 0.35725330624999996 0.24143915625 0.3493403546875 0.240648534375 0.34026888906249997 0.24237730000000002 0.32709028125 0.2476764453125 0.320586096875 0.2525024421875
2 0.73671875 0.4421875 0.06875 0.0296875
2 0.8296875 0.378125 0.0671875 0.028125
2 0.85859375 0.3546875 0.065625 0.0296875
2 0.48203125 0.66953125 0.0390625 0.0390625
2 0.3546875 0.74296875 0.034375 0.0375
2 0.41796875 0.96953125 0.040625 0.040625
2 0.45859375 0.54140625 0.0546875 0.0265625
1 0.2 0.57421875 0.090625 0.0421875
1 0.0859375 0.6296875 0.096875 0.0390625
1 0.32578125 0.57890625 0.09375 0.0390625
1 0.35234375 0.515625 0.1015625 0.0484375
1 0.41875 0.52421875 0.096875 0.0421875
1 0.56640625 0.52890625 0.1 0.040625
1 0.73984375 0.471875 0.1078125 0.04375
1 0.70078125 0.4203125 0.103125 0.0484375
1 0.659375 0.028125 0.053125 0.05625
1 0.60703125 0.03046875 0.0578125 0.0609375
1 0.65390625 0.0890625 0.05 0.065625
2 0.6953125 0.1078125 0.0375 0.0421875
1 0.503125 0.053125 0.053125 0.0671875
1 0.3703125 0.11171875 0.0515625 0.05625
1 0.246875 0.06015625 0.0984375 0.065625
1 0.053125 0.5328125 0.09375 0.0390625
1 0.04609375 0.4796875 0.0921875 0.040625
1 0.94296875 0.74921875 0.1140625 0.0703125
1 0.96015625 0.80859375 0.0796875 0.0515625
1 0.89921875 0.85703125 0.1125 0.053125
1 0.4734375 0.94296875 0.05625 0.065625
1 0.34375 0.7984375 0.0546875 0.0625