0 0.69404618125 0.3362676171875 0.6885787890625 0.33931804374999996 0.685389684375 0.3467643921875 0.687942575 0.359944690625 0.6923767625 0.3693123171875 0.7004739203125 0.37404238749999996 0.8851337625 0.3768845375 0.8976509578125 0.37593438749999997 0.8980494765625 0.3639832234375 0.8923615968749999 0.35043745937500004 0.8817186265625001 0.34005101249999997 0.8715338359375 0.337585271875 0.7495282359375001 0.337228409375 0.69404618125 0.3362676171875
0 1 0.347466528125 0.90938985625 0.3534551328125 0.9007262828125 0.3564279828125 0.8983554406250001 0.362543775 0.8996773984375 0.373957946875 0.9037828671874999 0.3823530109375 0.9131949046875001 0.39097333125 0.928663509375 0.39125231718750003 1 0.3868953390625 1 0.347466528125
0 0 0.49966470156250004 0.13772480468749998 0.5064851625 0.1430592375 0.5019017890625 0.14023050625 0.4901382890625 0.137920665625 0.4782128359375 0.1197878171875 0.47463082968750003 0.083265875 0.47095159375 0 0.4688629953125 0 0.49966470156250004
0 0.22372188125 0.061684284374999995 0.2028938375 0.05390536875 0.17282654687500001 0.059374509374999995 0.2126946265625 0.1524166859375 0.2334238640625 0.1671359875 0.2423081984375 0.1685087515625 0.26942704375000004 0.163959875 0.27261816250000004 0.1597394140625 0.23150509531250002 0.06823741250000001 0.22372188125 0.061684284374999995
3 0.21640625 0.01796875 0.0765625 0.0359375
3 0.49375 0.8515625 0.0859375 0.075
3 0.0265625 0.4578125 0.053125 0.034375
2 0.4578125 0.03984375 0.053125 0.04375
2 0.5 0.11328125 0.0546875 0.04375
2 0.54765625 0.26953125 0.05 0.0421875
2 0.6 0.3203125 0.05 0.0390625
3 0.32109375 0.075 0.06875 0.059375
1 0.38828125 0.0609375 0.065625 0.0609375
1 0.459375 0.12109375 0.0640625 0.0578125
1 0.4953125 0.21015625 0.06875 0.0640625
1 0.5453125 0.21484375 0.0703125 0.065625
1 0.4609375 0.2515625 0.06875 0.0640625
1 0.5140625 0.3125 0.0703125 0.0671875
1 0.4828125 0.365625 0.06875 0.0671875
1 0.38125 0.31015625 0.0609375 0.0625
1 0.42890625 0.15390625 0.071875 0.065625
1 0.36328125 0.49375 0.0734375 0.06875
1 0.40625 0.58828125 0.075 0.0671875
1 0.340625 0.57109375 0.071875 0.0640625
1 0.3890625 0.70625 0.0765625 0.06875
1 0.5671875 0.69453125 0.0765625 0.075
1 0.67578125 0.89765625 0.0828125 0.0765625
1 0.7828125 0.95625 0.0578125 0.05
1 0.59765625 0.65078125 0.0765625 0.06875
1 0.52734375 0.53359375 0.071875 0.0734375
1 0.58359375 0.3953125 0.078125 0.071875
2 0.10859375 0.46171875 0.0609375 0.0296875
1 0.1109375 0.4171875 0.0859375 0.0453125
1 0.12578125 0.653125 0.084375 0.0609375
1 0.4453125 0.8828125 0.0765625 0.06875
1 0.5375 0.4125 0.06875 0.065625
1 0.63203125 0.525 0.075 0.0703125
1 0.6859375 0.9859375 0.090625 0.028125