0 0.19130600625 0.3446342265625 0.1898889234375 0.364284421875 0.1907391734375 0.37536915 0.20349290625 0.39451549531249996 0.30779010625000003 0.39905015625 0.3111911015625 0.38292691875 0.31147451875 0.35823820781250004 0.3072232734375 0.3451380765625 0.296453453125 0.3355649046875 0.21397930937499998 0.33405334999999997 0.1961240828125 0.332541796875 0.193006503125 0.3355649046875 0.19130600625 0.3446342265625
0 0.02382303125 0.34368450156249997 0.029847246875 0.35439421718749997 0.0366929453125 0.3631567109375 0.1254132015625 0.3655907375 0.127603825 0.35098658125000004 0.1292467921875 0.3256727078125 0.12294875000000001 0.3164234078125 0.113364771875 0.30814771875 0.03888356875 0.3071741078125 0.0271089671875 0.3071741078125 0.0251921703125 0.32421229218750003 0.02382303125 0.34368450156249997
0 0.55953161875 0.6807753796875 0.55979959375 0.7017369718750001 0.5622113671875 0.7141233687499999 0.5648911171875 0.7193637671875 0.6710091828125 0.726033365625 0.6798523546874999 0.7207929671875 0.6817281796875 0.7131705687500001 0.6811922296875 0.67791698125 0.6801203296875 0.67267658125 0.586865059375 0.664577784375 0.5648911171875 0.6617193859375 0.56194339375 0.6683889828125 0.55953161875 0.6807753796875
3 0.23241855 0.39652770625 0.2313474984375 0.40319203750000004 0.20831985312499998 0.39938384843749997 0.197609321875 0.39605168281249997 0.181007996875 0.3974797546875 0.1700297 0.390815421875 0.1684231203125 0.397955778125 0.1654777234375 0.3974797546875 0.15958693125 0.40319203750000004 0.15824811562500002 0.4117604640625 0.16039022187500002 0.41985286562499996 0.1644066703125 0.42318503124999995 0.1641389078125 0.4346095984375 0.169226409375 0.43936983593749995 0.17752707343750002 0.44270200156249995 0.1818112859375 0.44889030781250006 0.1874343140625 0.452222475 0.2567850125 0.4569827109375 0.259998171875 0.4327055046875 0.260265934375 0.41128444062499997 0.2562494859375 0.4027160140625 0.24848434843749997 0.3984318015625 0.23241855 0.39652770625
3 0.571651559375 0.14898190625000002 0.5762770125000001 0.15140044375 0.5822628921875 0.152367859375 0.58879294375 0.14656336875 0.5896092 0.13108473125 0.58716043125 0.110769015625 0.5879766875 0.10157857343750001 0.5828070624999999 0.0653005109375 0.565121509375 0.0677190484375 0.5645773375 0.09287183906249999 0.571651559375 0.14898190625000002
3 0.86328125 0.6515625 0.06015625 0.04296875
3 0.128125 0.54296875 0.05078125 0.046875
2 0.24765625 0.7640625 0.03359375 0.03125
2 0.16328125 0.97421875 0.0359375 0.0515625
2 0.528125 0.96015625 0.01796875 0.0625
2 0.17421875 0.3125 0.03359375 0.03359375
2 0.2078125 0.30078125 0.0328125 0.034375
2 0.21328125 0.26796875 0.03203125 0.02734375
2 0.296875 0.3203125 0.03125 0.028125
1 0.1171875 0.4 0.05703125 0.0453125
1 0.16015625 0.35859375 0.053125 0.04140625
1 0.28984375 0.4703125 0.05 0.0421875
1 0.0578125 0.396875 0.05703125 0.05234375
1 0.2546875 0.30390625 0.0546875 0.0390625
1 0.3765625 0.69453125 0.05546875 0.04609375
1 0.50859375 0.6234375 0.0546875 0.04765625
1 0.6140625 0.5390625 0.05 0.07265625
1 0.6046875 0.446875 0.05390625 0.08203125
1 0.94375 0.59609375 0.0625 0.0453125
1 0.94453125 0.74453125 0.065625 0.09140625
1 0.7703125 0.35703125 0.05703125 0.06875
1 0.94375 0.1796875 0.053125 0.0578125
1 0.5453125 0.071875 0.02421875 0.08671875
1 0.59609375 0.07265625 0.0234375 0.0890625
1 0.1375 0.89296875 0.0453125 0.0984375
1 0.1984375 0.87890625 0.04921875 0.11484375
1 0.80546875 0.59375 0.05625 0.04296875