1 0.1796875 0.90078125 0.109375 0.0359375
1 0.0390625 0.490625 0.078125 0.0359375
3 0.1484375 0.43515625 0.115625 0.0265625
1 0.3171875 0.50390625 0.115625 0.0375
1 0.34140625 0.428125 0.1109375 0.0390625
1 0.15703125 0.40078125 0.109375 0.0359375
1 0.49765625 0.4953125 0.096875 0.0328125
1 0.5328125 0.56328125 0.1 0.0375
2 0.628125 0.5328125 0.059375 0.0234375
2 0.6453125 0.58515625 0.0609375 0.0234375
2 0.80078125 0.56640625 0.0671875 0.0203125
2 0.85625 0.60546875 0.0578125 0.0203125
2 0.67109375 0.71171875 0.034375 0.034375
2 0.528125 0.68984375 0.0453125 0.0359375
1 0.515625 0.74609375 0.0515625 0.0609375
3 0.55546875 0.853125 0.0796875 0.103125
0 0.6234375 0.76015625 0.0671875 0.1296875
1 0.7484375 0.5328125 0.0953125 0.03125
1 0.8671875 0.54140625 0.090625 0.0296875
1 0.49609375 0.35234375 0.0921875 0.0546875
1 0.5578125 0.23671875 0.065625 0.065625
1 0.56015625 0.0921875 0.0609375 0.0640625
1 0.2875 0.11171875 0.0453125 0.0625
1 0.3375 0.11875 0.0453125 0.0609375
1 0.37265625 0.06328125 0.0421875 0.0640625
1 0.41640625 0.11875 0.053125 0.0609375
1 0.43125 0.05703125 0.0515625 0.0640625
1 0.4484375 0.0140625 0.046875 0.028125
3 0.396875 0.01328125 0.04375 0.0265625
1 0.3234375 0.04140625 0.0546875 0.0734375
1 0.271875 0.05078125 0.0453125 0.0625
2 0.2703125 0.0078125 0.0375 0.015625
2 0.2453125 0.125 0.03125 0.04375
1 0.88828125 0.0984375 0.1078125 0.0484375
1 0.9375 0.46484375 0.090625 0.0296875
1 0.9703125 0.44609375 0.059375 0.0296875
1 0.93671875 0.4125 0.096875 0.0296875
1 0.97109375 0.39296875 0.0578125 0.0328125
3 0.8984375 0.43125 0.0921875 0.0359375