0 0.2947506953125 0.8429149062500001 0.30603301875 0.8449206531250001 0.309417715625 0.8333876109375 0.34354674375 0.6598905515625 0.3407261625 0.651366128125 0.3328285359375 0.6453488890625 0.320982096875 0.6403345234375 0.313366528125 0.641838834375 0.309417715625 0.6463517624999999 0.299263625 0.69850116875 0.2752886875 0.8128287109375 0.2755707453125 0.8228574421875001 0.2831863140625 0.8348919203125 0.2947506953125 0.8429149062500001
0 0.28008367500000003 1 0.314212703125 0.87701259375 0.3170332828125 0.8624709328125 0.31082800625 0.8519407640625 0.30377655312499996 0.8464249625000001 0.2933404046875 0.8429149062500001 0.2871351265625 0.8439177796875 0.282622196875 0.8514393281249999 0.24059554374999997 1 0.28008367500000003 1
0 0.564001821875 0.1583401796875 0.5744652046875001 0.16333084375 0.5798244984375 0.1592475734375 0.60253769375 0.01860156875 0.6033033062500001 0.00045369687500000004 0.5762516359375 0 0.55736650625 0.101174384375 0.553538440625 0.1361090375 0.5532832359375 0.1538032125 0.564001821875 0.1583401796875
0 0.24265356875 0.1813188234375 0.23298609531249997 0.1589762203125 0.15371281875 0.10311971093750001 0.142595225 0.130188634375 0.145737153125 0.1512422421875 0.150329203125 0.1598355515625 0.227910671875 0.21655139218750002 0.23250272187499998 0.2144030640625 0.2421701953125 0.1899121328125 0.24265356875 0.1813188234375
3 0.0953125 0.1328125 0.04609375 0.06640625
3 0.8328125 0.56171875 0.0578125 0.07265625
3 0.965625 0.85546875 0.06875 0.07734375
3 0.5578125 0.0375 0.021875 0.06484375
2 0.07890625 0.36640625 0.03203125 0.0453125
2 0.1390625 0.4203125 0.0328125 0.046875
2 0.27578125 0.4953125 0.03203125 0.04296875
2 0.3125 0.5546875 0.03046875 0.04296875
3 0.1390625 0.2453125 0.04609375 0.0578125
1 0.11171875 0.3046875 0.0484375 0.053125
1 0.15390625 0.38359375 0.0453125 0.053125
1 0.23046875 0.43515625 0.05078125 0.0578125
1 0.225 0.4828125 0.05234375 0.0578125
1 0.2765625 0.4109375 0.0515625 0.05703125
1 0.32265625 0.4734375 0.0546875 0.05703125
1 0.37890625 0.4546875 0.0546875 0.05546875
1 0.34765625 0.3484375 0.0515625 0.04921875
1 0.1921875 0.36171875 0.0515625 0.059375
1 0.5234375 0.36796875 0.053125 0.06015625
1 0.603125 0.4265625 0.05234375 0.06171875
1 0.6 0.3625 0.04921875 0.05859375
1 0.7171875 0.434375 0.0546875 0.06171875
1 0.6703125 0.59921875 0.059375 0.06328125
1 0.83984375 0.74140625 0.06015625 0.06875
1 0.87265625 0.853125 0.03828125 0.04765625
1 0.6234375 0.61875 0.0546875 0.06328125
1 0.528125 0.52890625 0.05859375 0.05859375
1 0.3875 0.5546875 0.0578125 0.0640625
2 0.54375 0.12265625 0.01640625 0.05625
1 0.5015625 0.1171875 0.02890625 0.078125
1 0.71953125 0.17734375 0.04296875 0.0734375
1 0.871875 0.521875 0.05390625 0.0625
1 0.41171875 0.51484375 0.05234375 0.05625
1 0.4984375 0.62578125 0.05546875 0.06171875
1 0.9453125 0.77421875 0.0640625 0.075