0 0.667857909375 0.9192755640625 0.6909474999999999 0.970583153125 0.7226606421875 0.9638423171875001 0.675662284375 0.8534913328125 0.6700817265625 0.8565228515625 0.6515484984375 0.8706115484374999 0.667857909375 0.9192755640625
0 0.22865910625 0.2214756 0.23617044062499998 0.20986677812500001 0.23998280625 0.2013197046875 0.2373764140625 0.192678675 0.1679545015625 0.0594081515625 0.1244704296875 0.0686509765625 0.20848630781250002 0.22166754531250002 0.21302425781249998 0.22616419531249998 0.21829062656249998 0.22686520156249998 0.22865910625 0.2214756
0 0.286793921875 0.4275675109375 0.2914781203125 0.42793715781249997 0.29921941875 0.4258365921875 0.3053664640625 0.42225448906249996 0.31377047812500003 0.41364163437499996 0.3156840828125 0.4045879515625 0.23512266718750002 0.2241976453125 0.23000854999999998 0.2230091734375 0.21151371718749998 0.2383179171875 0.208176121875 0.25632121093750004 0.286793921875 0.4275675109375
0 0.5345000984375 0.9907212421875 0.540634746875 0.9890322828125001 0.544592325 0.986266078125 0.54857261875 0.981570053125 0.5518533203125 0.97663773125 0.5523356578125 0.9707602218750001 0.5522699171875 0.9623042187499999 0.5508782140624999 0.9506650671875001 0.494066465625 0.8279911546875001 0.489863840625 0.8234944640625 0.483213984375 0.8268329296875001 0.471475128125 0.8377980765625 0.4716696671875 0.8458417031250001 0.47582446406249995 0.8684435078125 0.5345000984375 0.9907212421875
3 0.19453125 0.7859375 0.05625 0.0671875
2 0.07890625 0.75703125 0.04375 0.05625
2 0.1109375 0.81171875 0.04375 0.05625
2 0.14609375 0.79296875 0.0421875 0.05625
2 0.23125 0.86640625 0.040625 0.0484375
2 0.34296875 0.93828125 0.0390625 0.046875
2 0.0734375 0.875 0.0203125 0.0515625
2 0.26484375 0.575 0.0421875 0.0546875
2 0.37890625 0.49296875 0.040625 0.053125
2 0.4984375 0.4671875 0.040625 0.053125
2 0.5296875 0.36015625 0.0421875 0.05
2 0.55859375 0.0734375 0.046875 0.053125
2 0.61171875 0.140625 0.0453125 0.046875
2 0.703125 0.15234375 0.0484375 0.0546875
2 0.7453125 0.15859375 0.0484375 0.05625
2 0.63671875 0.27109375 0.046875 0.053125
2 0.640625 0.225 0.046875 0.0515625
2 0.69453125 0.30859375 0.04375 0.053125
2 0.65 0.90390625 0.0296875 0.05625
2 0.4765625 0.7859375 0.0390625 0.0484375
1 0.21875 0.98515625 0.059375 0.0296875
1 0.2640625 0.96484375 0.0625 0.0703125
1 0.1328125 0.85078125 0.0578125 0.0671875
1 0.11796875 0.9796875 0.0609375 0.040625
1 0.16015625 0.9203125 0.065625 0.075
1 0.26484375 0.71328125 0.0640625 0.06875
1 0.25546875 0.653125 0.065625 0.071875
1 0.38671875 0.84375 0.0640625 0.071875
1 0.31484375 0.5890625 0.06875 0.075
1 0.3515625 0.6296875 0.0671875 0.075
1 0.39375 0.78359375 0.0671875 0.075
1 0.509375 0.71171875 0.0640625 0.065625
1 0.55703125 0.62578125 0.065625 0.0671875
1 0.4703125 0.64609375 0.065625 0.0703125
1 0.4296875 0.52109375 0.0734375 0.0859375
1 0.71875 0.47578125 0.0671875 0.0703125
1 0.9078125 0.11640625 0.0578125 0.0859375
1 0.834375 0.07734375 0.078125 0.0890625
1 0.8359375 0.22578125 0.0765625 0.0828125
1 0.75703125 0.2421875 0.0765625 0.08125
1 0.6921875 0.240625 0.075 0.08125
1 0.75546875 0.309375 0.0734375 0.075
1 0.63671875 0.346875 0.0734375 0.08125
1 0.6078125 0.91953125 0.046875 0.0859375
1 0.615625 0.42890625 0.0703125 0.0734375
1 0.903125 0.640625 0.0671875 0.096875