0 0.7170220765625 0.5926608734375 0.6967024109375 0.5940988109374999 0.68374833125 0.6006934312500001 0.6815510031249999 0.6092973296874999 0.69867850625 0.7191364640625 0.7111308328125 0.7195720375 0.7444438390625 0.7178150624999999 0.7527041296875 0.7078761765625 0.7370546 0.594392971875 0.7170220765625 0.5926608734375
0 0.3251678734375 0.3230007109375 0.337260521875 0.325916196875 0.3647614453125 0.3219791140625 0.374251828125 0.3178417796875 0.359508984375 0.21298509999999998 0.339183325 0.20256198906249998 0.3146413484375 0.20514145468749997 0.302551696875 0.20815649375 0.2995232109375 0.21475451093750003 0.31050922812500004 0.3133774640625 0.3251678734375 0.3230007109375
0 0.2628742421875 0.043123435937499996 0.2532387875 0.0458805265625 0.2641100109375 0.13160725 0.281080778125 0.14552282968750002 0.3086542359375 0.14227586875 0.3193717203125 0.1380095609375 0.32341269375000004 0.135142728125 0.3118916546875 0.049135428125000005 0.29145719375 0.0376771359375 0.2628742421875 0.043123435937499996
3 0.43078021718750004 0.25956948125 0.425391359375 0.23780801093749998 0.41876341874999995 0.19245342031249998 0.41291207031250005 0.18399772812499998 0.4069156546875 0.1741617921875 0.39568743125 0.1676667234375 0.384029990625 0.16889196875 0.37554610624999996 0.1648994421875 0.3648286234375 0.16916575 0.3607543765625 0.177618046875 0.35498155625 0.1817135234375 0.35621165 0.187515071875 0.360796634375 0.189824153125 0.3604429484375 0.204165115625 0.36618849062500003 0.21751614843749997 0.3721909 0.23921313125000002 0.366922825 0.2422089375 0.36913213906250003 0.257327134375 0.3821677390625 0.2692142046875 0.4078642796875 0.26581564375 0.43078021718750004 0.25956948125
1 0.268382934375 0.3021058390625 0.2845528234375 0.302499553125 0.29815671875 0.2961855078125 0.2912386375 0.248070428125 0.2755009625 0.2458869234375 0.25738461562500003 0.2505820109375 0.25453746875 0.25890533437499996 0.2616308953125 0.2968846703125 0.268382934375 0.3021058390625
3 0.539028096875 0.1976056078125 0.5154260734375 0.20322613750000001 0.508930903125 0.20635091718749998 0.5254119015625001 0.25101877968749997 0.5588307140625 0.24436646562500003 0.5436856156250001 0.2006048125 0.539028096875 0.1976056078125
3 0.11421439687499998 0.629504178125 0.14449592656250002 0.6284146984375 0.1545273234375 0.6235227546875 0.1554250203125 0.6143577078125 0.15000888125 0.6100427484375001 0.099440959375 0.606984703125 0.075007784375 0.6105993515625 0.0701809125 0.6295969375 0.1117602 0.629762125 0.11421439687499998 0.629504178125
1 0.3674040640625 0.7661653609375 0.3686341578125 0.7719669109375 0.379789846875 0.77777185625 0.3917011578125 0.7789620375 0.451052409375 0.7357434484375001 0.43978791875 0.72890331875 0.42376010312499995 0.7239593281250001 0.3674040640625 0.7661653609375
3 0.703698065625 0.8672287171875 0.6864824140625 0.86868928125 0.6786876078125 0.8712529140624999 0.6764570046875 0.8854422718749999 0.6767138734375 0.893788221875 0.6714458015625 0.896784028125 0.6746010625000001 0.926804334375 0.710549603125 0.92651471875 0.7152373984375 0.9179979359375 0.7102325015625001 0.8703795203125001 0.703698065625 0.8672287171875
1 0.7932004375 0.922014240625 0.7833866421875 0.92897655 0.78072083125 0.9390251781250001 0.7848010703125 0.942433928125 0.7986648265625 0.95039635625 0.8211908109375001 0.9581460921874999 0.8600559984375 0.9649107296875 0.8807402171875 0.9627367296875 0.8864809234375001 0.953725934375 0.8925741593750001 0.9408749593750001 0.810561159375 0.92193391875 0.7932004375 0.922014240625
1 0.5080253109374999 0.6285822328124999 0.4849310328125 0.6390336140625 0.4854387765625 0.64386446875 0.494793078125 0.6561384578125 0.5322013015625 0.6874428531250001 0.5565226796875 0.676862496875 0.566590346875 0.672315615625 0.5194681421875 0.63121714375 0.5080253109374999 0.6285822328124999
1 0.707363290625 0.40633133906249996 0.6852029734375 0.40796273593750004 0.677374896875 0.41611182968750005 0.6822922796875 0.43338750781249996 0.68703431875 0.460798925 0.6962042890625 0.4654170890625 0.7230191265625 0.4608543703125 0.7269513015625 0.45695235468749995 0.7179839546875 0.42475194062500005 0.7157746421875 0.40963374375 0.707363290625 0.40633133906249996
1 0.6402169140625 0.5229347796875 0.625491728125 0.5244824578125 0.6135471453125 0.5288777390625 0.612359309375 0.535282296875 0.6234604375 0.5759802625 0.6352296749999999 0.5817207234375 0.6572086546875 0.5783640203125 0.664531984375 0.571314596875 0.6516234796875 0.5252246281249999 0.6402169140625 0.5229347796875
1 0.1827767859375 0.17225201875 0.1544992671875 0.139290203125 0.143561184375 0.1355556234375 0.135152828125 0.138183740625 0.11985335625 0.146071490625 0.12205667812500001 0.149328640625 0.1476653875 0.1864085609375 0.16033531875 0.1889144984375 0.1810842015625 0.179756246875 0.1827767859375 0.17225201875
1 0.8898422968749999 0.1771305734375 0.9083485953125001 0.1584395875 0.902859921875 0.1534345046875 0.8195472875 0.13393231562500002 0.8043898890625 0.1372697859375 0.7886249328125 0.1525327890625 0.791335996875 0.16062079375 0.8750083109375 0.17764307031249998 0.8898422968749999 0.1771305734375
2 0.7293129421875 0.2020269640625 0.7224580921875 0.2076316578125 0.7233374968749999 0.233704690625 0.7316763140625 0.23631697499999998 0.754305109375 0.23324084687500002 0.7562515624999999 0.22815204531250002 0.7487319171875 0.20382355 0.7293129421875 0.2020269640625
2 0.914351321875 0.10931534999999999 0.939878509375 0.12791357812499998 0.9474587078125 0.1292101046875 0.962855546875 0.12039024062499999 0.9611913390625 0.10455636093750001 0.9376239406250001 0.09465875 0.9277346140624999 0.09500041406250001 0.9142395234375 0.10234964375 0.914351321875 0.10931534999999999
2 0.24753110937499997 0.21465623125 0.24917690937499998 0.23577171875 0.263495328125 0.2410403953125 0.268002653125 0.24572749843750002 0.272406615625 0.2439744125 0.272571503125 0.24008645 0.28024490625 0.2366995234375 0.2875746875 0.21367300625 0.26891936875 0.21079547187499997 0.24753110937499997 0.21465623125
2 0.2308959734375 0.2473696984375 0.23797135468750003 0.249206465625 0.24688264218749997 0.25214048437500003 0.25191816093749997 0.2454827296875 0.2528822546875 0.23828524375 0.24736622343749998 0.21854419218749999 0.23722258906250002 0.220255434375 0.22000634218749998 0.22561301406249998 0.22475392656249998 0.24349951875000003 0.2308959734375 0.2473696984375
1 0.345245784375 0.096653453125 0.3327017484375 0.102810171875 0.341601665625 0.1492899765625 0.3554198875 0.1552563328125 0.3745726359375 0.1519530875 0.38297818437500003 0.144618578125 0.3730135796875 0.104379175 0.3617969453125 0.09588151406249999 0.345245784375 0.096653453125
1 0.45188165468749997 0.2654298953125 0.44000270625000004 0.2670009734375 0.423753325 0.27064416874999997 0.4234906140625 0.279058146875 0.42743621875000004 0.294771075 0.42931396718750003 0.3126366578125 0.441396875 0.31846285 0.462852196875 0.315240146875 0.4689887046875 0.308144121875 0.4592252859375 0.2698188890625 0.45188165468749997 0.2654298953125
1 0.698109634375 0.7746649718749999 0.6779872484375 0.7741994984375 0.66884678125 0.7799984906249999 0.66504638125 0.7874940828125 0.6702969359375001 0.8101660125000001 0.6701068265625 0.83018425 0.6872280187500001 0.8348357921874999 0.7052127125000001 0.8313327625 0.70924783125 0.8260703656249999 0.7057885765624999 0.7822442484375001 0.698109634375 0.7746649718749999
1 0.611447878125 0.6431405781249999 0.59663203125 0.6440526796875 0.5852560515625 0.6504091843750001 0.5860608 0.6580658640625 0.615745415625 0.6949424015625 0.632796775 0.693472784375 0.6459751328125 0.6878945 0.6471068843750001 0.6822921546875 0.6211611484375 0.64824816875 0.611447878125 0.6431405781249999
1 0 0.512207975 0.00484838125 0.514010328125 0.067216325 0.5126160343749999 0.0785950765625 0.51174263125 0.08843692812500001 0.5071601328125 0.088129609375 0.49332267500000004 0.0796514578125 0.489052925 0.009375390625 0.49160094687500006 0 0.49580713593750003 0 0.512207975
1 0.0371536796875 0.652215475 0.0475320328125 0.652737428125 0.1098329125 0.650705078125 0.12324598906249999 0.6473599921875001 0.12384124062499999 0.63665319375 0.1164305484375 0.6316261437499999 0.051726498437500004 0.6326208671875 0.0379473484375 0.63793974375 0.0341804796875 0.6457543671875 0.0371536796875 0.652215475
1 0.8043420453125 0.09609988750000001 0.877491303125 0.11453100000000001 0.8854765453125 0.11195042343749999 0.8979924765625 0.1033795546875 0.90315174375 0.09355039375 0.832463934375 0.073989928125 0.8176625890624999 0.0755456125 0.803708484375 0.0900719515625 0.8043420453125 0.09609988750000001
1 0.31202043125 0.198922928125 0.3246016859375 0.20079295625000002 0.3399712703125 0.1948243140625 0.3437803828125 0.186878353125 0.3287479109375 0.14695749375 0.32034029531249997 0.1455194453125 0.3065295625 0.146680796875 0.2971941640625 0.1511445734375 0.297918234375 0.1580336453125 0.306463975 0.1951537015625 0.31202043125 0.198922928125
2 0.9377233640625 0.47648399843749994 0.9320813828125001 0.48172044375 0.940219965625 0.48550849375 0.9457160828125 0.4887036328125 0.9954352203125 0.48550945 0.9980425328125 0.4759485109375 0.9952165578125 0.46869992656250004 0.9466388796875 0.47293499843750003 0.9377233640625 0.47648399843749994
1 0.23050159374999998 1 0.2533148609375 0.9602557875000001 0.23811205625 0.955033225 0.22323421875 0.9529025437499999 0.2155626203125 0.956834896875 0.1940322796875 0.9971786281250001 0.19628647187499998 1 0.23050159374999998 1
2 0.2673875171875 0.20728354375000002 0.27888318125 0.2106332453125 0.2891350578125 0.20214906875 0.29056657812500003 0.1772147859375 0.27609456718750003 0.1744627828125 0.2635993625 0.176060953125 0.25879673125 0.1785598296875 0.2589842015625 0.1996206203125 0.2673875171875 0.20728354375000002