2 0.7953125 0.29453125 0.053125 0.0546875
1 0.9625 0.2546875 0.075 0.1
1 0.93515625 0.18828125 0.0671875 0.115625
1 0.86875 0.1828125 0.0859375 0.134375
2 0.928125 0.1 0.046875 0.0578125
0 0.915625 0.4734375 0.1515625 0.1296875
1 0.6390625 0.41640625 0.0703125 0.0703125
1 0.9203125 0.71484375 0.0734375 0.0703125
1 0.859375 0.6953125 0.071875 0.0671875
1 0.80546875 0.73359375 0.0640625 0.05625
1 0.69296875 0.59140625 0.065625 0.05625
1 0.69765625 0.76875 0.065625 0.0578125
1 0.79921875 0.90859375 0.075 0.0796875
3 0.76875 0.64921875 0.1234375 0.1
0 0.7125 0.709375 0.1421875 0.0921875
0 0.8875 0.77109375 0.1203125 0.0859375
2 0.78125 0.77890625 0.046875 0.0421875
2 0.74375 0.78359375 0.0453125 0.046875
2 0.73203125 0.815625 0.0421875 0.0421875
2 0.65546875 0.74453125 0.0421875 0.05
2 0.5453125 0.03671875 0.0375 0.0734375
2 0.10859375 0.290625 0.05 0.0484375
2 0.09765625 0.2484375 0.040625 0.0359375
2 0.0640625 0.17109375 0.028125 0.0546875
1 0.14609375 0.2 0.0734375 0.0578125
1 0.1578125 0.26328125 0.0890625 0.0765625
1 0.16171875 0.31640625 0.08125 0.065625
1 0.16171875 0.371875 0.075 0.0640625
1 0.03671875 0.3375 0.0359375 0.05
3 0.4828125 0.37109375 0.065625 0.065625
1 0.37421875 0.3515625 0.071875 0.0640625
1 0.2984375 0.303125 0.0890625 0.0921875
1 0.2640625 0.39921875 0.0734375 0.0734375
1 0.37578125 0.5296875 0.06875 0.090625
1 0.4234375 0.68828125 0.059375 0.096875
1 0.0296875 0.89140625 0.059375 0.0609375
1 0.35078125 0.94140625 0.040625 0.0796875
1 0.3234375 0.9640625 0.03125 0.0265625
1 0.29765625 0.93046875 0.04375 0.0828125
1 0.26953125 0.95078125 0.0328125 0.03125
3 0.3234375 0.90546875 0.046875 0.0921875