0 0.741946090625 0.7227298906249999 0.7474213625 0.7270905515625 0.778493121875 0.7410487296875 0.92839601875 0.8018708703125 0.9408159296875 0.7941748921875 0.9489665281249999 0.78564734375 0.9506008390625 0.781237534375 0.9577119953125001 0.7722749921875 0.768124359375 0.6964371296875 0.7606251828125 0.6952089828125 0.7526798546875 0.6976144343749999 0.7450303859375 0.7065108812500001 0.7404814453124999 0.7124070078125 0.7398122203125 0.717857409375 0.741946090625 0.7227298906249999
0 0.818734940625 0.555983059375 0.8091174656250001 0.5587769359375 0.8008039609375001 0.56893516875 0.7963316890625001 0.5765839749999999 0.8013423062499999 0.57893815625 0.985438471875 0.644519371875 0.990118440625 0.6110601515625 0.8310674359375 0.5562551874999999 0.818734940625 0.555983059375
0 0.05859375 0.50703125 0.1171875 0.0546875
3 0.74140625 0.58359375 0.140625 0.0546875
3 0.45234375 0.36484375 0.0609375 0.05
3 0.04140625 0.78984375 0.05625 0.0609375
2 0.00625 0.9046875 0.0125 0.034375
2 0.01328125 0.83046875 0.0265625 0.0359375
2 0.23515625 0.58046875 0.0421875 0.0328125
2 0.53828125 0.56875 0.0453125 0.0359375
2 0.6515625 0.48984375 0.053125 0.0375
2 0.69140625 0.4484375 0.0546875 0.0375
2 0.7140625 0.4015625 0.046875 0.0390625
2 0.65546875 0.30390625 0.04375 0.0390625
2 0.7625 0.2171875 0.04375 0.040625
2 0.8421875 0.259375 0.0484375 0.040625
2 0.87890625 0.26640625 0.0453125 0.040625
2 0.62734375 0.11796875 0.04375 0.0375
2 0.54140625 0.0796875 0.053125 0.0390625
2 0.4953125 0.27109375 0.04375 0.0359375
2 0.51796875 0.221875 0.04375 0.0359375
2 0.47421875 0.20859375 0.0390625 0.0359375
2 0.77109375 0.55625 0.0640625 0.0265625
2 0.85 0.5484375 0.0671875 0.0265625
1 0.09140625 0.84921875 0.0609375 0.053125
1 0.17578125 0.75625 0.0625 0.05625
1 0.20859375 0.66875 0.06875 0.059375
1 0.25390625 0.67421875 0.059375 0.05625
1 0.32421875 0.6734375 0.0609375 0.059375
1 0.3765625 0.59765625 0.0625 0.0578125
1 0.2875 0.5609375 0.0578125 0.053125
1 0.33984375 0.48203125 0.05625 0.053125
1 0.3671875 0.5109375 0.071875 0.0609375
1 0.4453125 0.4671875 0.0625 0.059375
1 0.50703125 0.3609375 0.0625 0.0578125
1 0.62265625 0.35625 0.059375 0.059375
1 0.66640625 0.3671875 0.065625 0.0625
1 0.596875 0.4796875 0.0859375 0.071875
1 0.95703125 0.5109375 0.0859375 0.065625
1 0.75 0.32265625 0.06875 0.06875
1 0.70234375 0.2203125 0.065625 0.065625
1 0.74375 0.15703125 0.0671875 0.0625
1 0.8671875 0.1453125 0.0765625 0.0765625
1 0.34453125 0.14765625 0.0875 0.059375
1 0.6265625 0.56328125 0.0984375 0.0359375
1 0.66796875 0.53515625 0.103125 0.034375
1 0.2515625 0.78515625 0.0609375 0.0578125
1 0.4171875 0.35078125 0.06875 0.0609375
1 0.621875 0.18671875 0.0671875 0.059375
1 0.790625 0.1609375 0.06875 0.0640625
1 0.040625 0.428125 0.071875 0.0359375
1 0.15 0.4078125 0.0796875 0.0375