0 0.0239329890625 0.347929053125 0.035899484375 0.36371281718750004 0.118892915625 0.36577156875 0.125841203125 0.36439906718750004 0.1285433140625 0.33420404062500003 0.1281573 0.32322403125 0.11155861250000002 0.30812651875 0.0378295640625 0.30812651875 0.027407132812500002 0.30812651875 0.0235469734375 0.32391028125 0.0239329890625 0.347929053125
0 0.190691884375 0.37606532656249997 0.20188634843750003 0.3932215921875 0.3076547203125 0.3973390953125 0.3111288640625 0.3863590859375 0.3119008953125 0.3602815625 0.3080407375 0.34587029999999996 0.2956882265625 0.33283153906249996 0.204974475 0.33214528906249996 0.193393996875 0.33420404062500003 0.19030586875 0.3554778078125 0.190691884375 0.37606532656249997
0 1 0.6717856640625001 0.9253895640625001 0.67050240625 0.913840240625 0.669219146875 0.8994035859375 0.673068921875 0.891102509375 0.6833349875 0.8921852593749999 0.70771689375 0.8972380875000001 0.720549475 0.90481733125 0.728249025 1 0.7269657671875 1 0.6717856640625001
3 0.6153624046874999 0.58259921875 0.60958774375 0.58837388125 0.6092268265625 0.6101892703125 0.6139187390624999 0.61788881875 0.6196934015625 0.62173859375 0.658311453125 0.623021853125 0.6575896203125 0.58644899375 0.6247462296874999 0.5845241062500001 0.6153624046874999 0.58259921875
3 0.5720524421875 0.1462914328125 0.5767443531249999 0.1494995796875 0.58396268125 0.1475746921875 0.588293678125 0.13987514375 0.5875718453125 0.121909528125 0.5861281796875 0.109718575 0.5868500125 0.101377396875 0.5828799328125001 0.0628796515625 0.562668615625 0.068012684375 0.5630295328125 0.08790318593749999 0.5720524421875 0.1462914328125
3 0.23256402812500002 0.398217865625 0.23097764375000002 0.40329429687499996 0.21416196250000002 0.39934596093749997 0.2030572671875 0.39708976875 0.195759896875 0.39539762500000003 0.18306881875 0.40103810468749995 0.18116515625000001 0.3959616734375 0.16910863125 0.3908852421875 0.1668876921875 0.3999100078125 0.1621285375 0.40160215312499997 0.1580039359375 0.40780668125 0.1583212140625 0.4185235921875 0.1627630921875 0.42416407031250003 0.1633976453125 0.4331888390625 0.1678395234375 0.437701221875 0.1703777390625 0.44785408593750003 0.175771446875 0.4472900375 0.1802133265625 0.44390575 0.18687614218749998 0.45349456562499996 0.2569943546875 0.4574429015625 0.260801678125 0.430932646875 0.260801678125 0.40780668125 0.2560425234375 0.40329429687499996 0.2484278765625 0.39765381718750004 0.23256402812500002 0.398217865625
1 0.5562115984375 0.429647296875 0.5582848046875 0.41964325625 0.5310369515625 0.3617251140625 0.527482884375 0.3538271859375 0.519782403125 0.350668015625 0.5076393390625 0.3648842859375 0.5094163734375 0.3854189 0.536960396875 0.43807175468750004 0.542587671875 0.4459696828125 0.547326428125 0.44386356875 0.5562115984375 0.429647296875
1 0.4988168046875 0.1957546578125 0.48966709843749995 0.1430299078125 0.48777405468749996 0.1329336796875 0.48241043437500003 0.12956826875 0.471367684375 0.13742089375 0.47073666875000003 0.15088253125 0.4811484046875 0.2052899859375 0.4852499984375 0.20921629687499999 0.49755477656249997 0.20416818281250002 0.4988168046875 0.1957546578125
2 0.1907582921875 0.31569939687500004 0.1907582921875 0.3090061234375 0.18667957968749999 0.307890578125 0.1841696015625 0.29952398593749996 0.1772671640625 0.29450403125 0.15718734375 0.29785066875 0.15655984843749998 0.31625716875 0.16220729843749998 0.3318748078125 0.1847970953125 0.325181534375 0.18636583125 0.3184882609375 0.1907582921875 0.31569939687500004
2 0.22401549531249998 0.2939462578125 0.218995540625 0.29171516875000003 0.215230575 0.283348575 0.1932682703125 0.2844641203125 0.1904445453125 0.29004184843749997 0.192327028125 0.30956389687499997 0.197974478125 0.32016157968750003 0.210524365625 0.315141625 0.2193092875 0.31012166875 0.2246429890625 0.3034283953125 0.22401549531249998 0.2939462578125
2 0.1970332359375 0.283348575 0.218995540625 0.286137440625 0.2246429890625 0.28223303125 0.2299766921875 0.28223303125 0.2299766921875 0.2744242109375 0.22495673593749999 0.26940425625 0.22307425468750003 0.26271098125000003 0.2177405515625 0.256017709375 0.203935675 0.2549021640625 0.197346984375 0.256017709375 0.197346984375 0.2699620296875 0.1970332359375 0.283348575
2 0.280489990625 0.3318748078125 0.3040210296875 0.33522144374999996 0.3087272375 0.3318748078125 0.3137471921875 0.33020149062500004 0.3134334453125 0.3235082171875 0.309668478125 0.3179304890625 0.3068447546875 0.3106794421875 0.3008835578125 0.306217259375 0.28550994531249996 0.3051017140625 0.28143123124999997 0.3090061234375 0.280489990625 0.3240659890625 0.280489990625 0.3318748078125
2 0.31155096250000003 0.6509208421875 0.28864741718750003 0.6436697953125 0.2823724734375 0.64422756875 0.2779800125 0.65705634375 0.2833137140625 0.66932734375 0.30245229375 0.6804827999999999 0.30935473281250003 0.6815983453125 0.3131196984375 0.662076296875 0.31155096250000003 0.6509208421875
2 0.2616651578125 0.7462999890625001 0.23750662500000003 0.7485310796875 0.232172921875 0.75466658125 0.231859175 0.7691686734375 0.23844786718750002 0.7769774921875 0.2585276859375 0.7808819015624999 0.2648026296875 0.7780930374999999 0.265743871875 0.7557821265625 0.2616651578125 0.7462999890625001
2 0.5374004343750001 0.98425398125 0.535440140625 0.9449236515624999 0.5340399312499999 0.9344687531250001 0.5301193453125 0.9334730484374999 0.5281590515625 0.9265031171875 0.52451850625 0.9265031171875 0.52451850625 0.93496660625 0.5208779609375 0.9384515703125 0.520317878125 0.945421503125 0.520317878125 0.98674324375 0.5236783796875 0.9942110281250001 0.5351600984375 0.9922196187500001 0.5374004343750001 0.98425398125
1 0.7841820734375 0.55668898125 0.7405951609375 0.5417351859374999 0.7333306765625001 0.5424149046875 0.724919165625 0.5424149046875 0.7218604359375 0.5587281328125 0.7203310703125 0.573681928125 0.724919165625 0.5811588249999999 0.73141896875 0.58047910625 0.7765352453125 0.5933937484375 0.7845644140625 0.5872762859375 0.7845644140625 0.568244184375 0.7841820734375 0.55668898125
1 0.78991719375 0.7395331015625 0.7948876312500001 0.7524477421875 0.8094166015625 0.7544868953125 0.8442096625 0.7544868953125 0.8518564890625001 0.7497288703125 0.8514741484374999 0.72118071875 0.8422979546875 0.7157429750000001 0.8082695765624999 0.7143835390625 0.7983287015625 0.7143835390625 0.7906818765625 0.720501 0.78991719375 0.7395331015625
1 0.4915809140625 0.6150046640625 0.454565321875 0.6106996312499999 0.44626275781249997 0.6100846265625 0.43934395625 0.6199247015625 0.44003583593749995 0.6426798734375 0.45214374218750003 0.6475999109374999 0.492618734375 0.65190494375 0.49538625625000005 0.6445248875 0.4950403171875 0.62238471875 0.4915809140625 0.6150046640625
1 0.311576621875 0.4539991296875 0.2846259015625 0.44990904531250003 0.272793878125 0.44990904531250003 0.26556319687499996 0.45107764218749996 0.2649058625 0.478539621875 0.2695072046875 0.48496689374999996 0.27739522031249997 0.487304084375 0.2997445984375 0.487304084375 0.3122339578125 0.48788838125 0.31519196250000003 0.47211235 0.311576621875 0.4539991296875
1 0.14403505156250002 0.40624231875000005 0.1455544078125 0.391116275 0.137046009375 0.382472821875 0.094504009375 0.3770706625 0.08994593906250001 0.383553253125 0.088122709375 0.397598865625 0.0884265828125 0.406782534375 0.093288525 0.41434555624999997 0.134311165625 0.4251498734375 0.1416040796875 0.42190857968750006 0.14403505156250002 0.40624231875000005
1 0.1315763234375 0.3635652671875 0.1367421359375 0.373289153125 0.17594155 0.3776108796875 0.1826267203125 0.375450015625 0.18657705 0.36572613125000003 0.18596930625000002 0.35276095 0.18110736249999998 0.3424968484375 0.1722950921875 0.3408762015625 0.1458582796875 0.33709469062499997 0.137046009375 0.336554475 0.1333995515625 0.345197928125 0.1315763234375 0.3635652671875
1 0.2214639484375 0.9222122359375 0.22431419218749998 0.9130914562499999 0.2226040453125 0.90295725625 0.197236875 0.8264440437499999 0.1895412171875 0.8198568125 0.1741499 0.8411386328124999 0.1747199484375 0.8527929640625 0.1764300953125 0.8598869046875001 0.1975219 0.925252496875 0.20464750937499998 0.9369068265625 0.2100629734375 0.93589340625 0.2214639484375 0.9222122359375
1 0.1222754609375 0.7767864609374999 0.1128696578125 0.780840140625 0.0789517546875 0.8406319234374999 0.079521803125 0.8482325734374999 0.0849372671875 0.86191374375 0.09291795 0.8679942640625 0.100328584375 0.8598869046875001 0.125980778125 0.8117494515624999 0.1308261921875 0.8016152515625 0.128831021875 0.7864139515625 0.1222754609375 0.7767864609374999
1 0.225738259375 0.3208513 0.23607528281249998 0.3228379953125 0.2740708328125 0.3228379953125 0.2802171703125 0.31290451875 0.2796584125 0.295024259375 0.2729533171875 0.28608413125 0.24250100156249998 0.28558745625 0.2293701875 0.2850907828125 0.2251795015625 0.30148101875 0.225738259375 0.3208513
1 0.5882688109374999 0.109334809375 0.5909427609375 0.114088496875 0.597961878125 0.116465340625 0.6053152374999999 0.1134942859375 0.6073207 0.10220427812499999 0.60464675 0.067145834375 0.6026412890625 0.03981213125 0.5986303640624999 0.027333703124999997 0.58659759375 0.0285221234375 0.5842578890625 0.0374352875 0.5839236453125001 0.0475368734375 0.5882688109374999 0.109334809375
1 0.5485173171875 0.11357319531250001 0.5557301296875 0.10807771875000001 0.5567605328125 0.0940337203125 0.550234653125 0.0299198203125 0.5423349046875 0.025645559374999998 0.5330612859375 0.03419408125 0.5375263625 0.10441406718749999 0.5419914375 0.1129625859375 0.5485173171875 0.11357319531250001
1 0.889272390625 0.6121621078125 0.8817540234375001 0.6094889109375 0.8453651296875 0.608954271875 0.8375460296874999 0.6143006671875 0.8339372125000001 0.62927056875 0.836643825 0.6447751109375 0.842959253125 0.6485175875 0.8847613703125001 0.6495868671875 0.89288120625 0.641567275 0.8934826765624999 0.6255280937500001 0.889272390625 0.6121621078125