3 0.4210620578125 0.5285593703125 0.39313734375 0.5288563500000001 0.391557009375 0.5394182437499999 0.393725321875 0.575146559375 0.40204388125 0.5784293828125 0.42227252968749995 0.579174678125 0.42940769687499997 0.57027855625 0.4286554640625 0.53339835 0.4210620578125 0.5285593703125
0 0.2861010296875 0.1338544796875 0.2773043359375 0.14980097812499998 0.2715200984375 0.2593543859375 0.2915419390625 0.2657957765625 0.3194116765625 0.2662822453125 0.32960483125 0.2590628484375 0.33063715312499997 0.2442862296875 0.3340685421875 0.1364323 0.2861010296875 0.1338544796875
0 0.650316140625 0.696316184375 0.6240099078125 0.694986734375 0.599935034375 0.69891786875 0.6065601265625 0.807382471875 0.6264908515625 0.8190439093749999 0.6590283265625 0.8183064437500001 0.666883815625 0.8119165171875 0.6670667046875 0.7127086109375 0.650316140625 0.696316184375
0 0.67495125 0.88211429375 0.6494039921875 0.8816683640624999 0.6323041484374999 0.8852861125 0.6330169046874999 0.9775474687499999 0.6506403390625 0.988298359375 0.68628204375 0.98717994375 0.6902743296875 0.980287446875 0.6878462062499999 0.8975691484375 0.67495125 0.88211429375
3 0.5952290046875001 0.7467007265625 0.568930365625 0.7449362749999999 0.5402181296874999 0.7483513281249999 0.54137920625 0.77056355 0.5435874593750001 0.8215130531250001 0.5527710703125 0.8277652640625 0.555655103125 0.8399994218750001 0.5702882 0.8446062078125 0.58410158125 0.8518095046875 0.5981275671875 0.8468326921875 0.5997745953125 0.8412046671875 0.6060817671875001 0.8347877140625 0.6007765468749999 0.828168065625 0.6034103375 0.810373446875 0.5982493843750001 0.7954887234375 0.6009287343749999 0.77508408125 0.60047348125 0.75680040625 0.5952290046875001 0.7467007265625
1 0.4458149234375 0.8432423124999999 0.41697492656249996 0.8475534343750001 0.4156372515625 0.85406408125 0.42771155624999996 0.8986372453125 0.440541971875 0.899892884375 0.4601925234375 0.8961091515625 0.46212402656249996 0.8906405515625 0.451219371875 0.84918285625 0.4458149234375 0.8432423124999999
2 0.7125305734375 0.8184139859374999 0.7185575515625 0.7978193250000001 0.7096034578125 0.7912938406250001 0.7057318875 0.7858124531249999 0.6972443421875 0.785027384375 0.695483484375 0.7884997015625 0.6886456562500001 0.7906095609375 0.678036046875 0.8139903687500001 0.7125305734375 0.8184139859374999
2 0.681329684375 0.8525814515624999 0.7017209078125 0.853255840625 0.7038318609374999 0.8297266890625 0.691489415625 0.82250514375 0.69099508125 0.8183565421875001 0.684773846875 0.81761103125 0.68242418125 0.822346909375 0.676730625 0.823839825 0.6672263828125 0.848832221875 0.681329684375 0.8525814515624999
2 0.7363437265624999 0.78539140625 0.725106653125 0.779781453125 0.7188631890625 0.780309390625 0.7147304375 0.7897910359375 0.7182908140625 0.8131007218749999 0.73076106875 0.81299993125 0.74552541875 0.8113468875000001 0.744170225 0.791578746875 0.7363437265624999 0.78539140625
1 0.5413140765625 0.69186313125 0.5226503703125001 0.6896265984375 0.5072694296875 0.694135015625 0.5143901828125 0.740754384375 0.53364269375 0.7417273578125 0.5472905609375001 0.739099446875 0.5479627218750001 0.73306045 0.547440840625 0.698020803125 0.5413140765625 0.69186313125
3 0.90140928125 0.42013353125 0.8855729046875 0.418264809375 0.865748259375 0.41760030937500003 0.8588159640624999 0.42512233281249995 0.8620320453125 0.43568763125 0.9146070281249999 0.443292978125 0.9361536328125 0.4427136984375 0.9455356203124999 0.42472527343750005 0.9076527453125 0.4196055921875 0.90140928125 0.42013353125
1 0.5819938234375 0.3094665015625 0.584582440625 0.2910410390625 0.5693682109375 0.28599858125 0.498673871875 0.277440040625 0.4850260046875 0.28006795 0.48013217968750005 0.30068239218750004 0.5689347625 0.3108308515625 0.5819938234375 0.3094665015625
1 0.8054103109374999 0.0754770546875 0.8262347437500001 0.08380203124999999 0.8398325968749999 0.0840393828125 0.868844971875 0.045375285937499996 0.8678451875000001 0.0377148078125 0.849848084375 0.029757640624999998 0.8373833875000001 0.02954006875 0.8077877625 0.0691493640625 0.8054103109374999 0.0754770546875
1 0.4071509875 0.0659777375 0.43262473437500004 0.0676962203125 0.4423510171875 0.0624521828125 0.4437400359375 0.0153444328125 0.4376466109375 0.007276584375000001 0.41217286406250003 0.005558103125 0.4013134296875 0.010782359375 0.399335603125 0.0591536703125 0.4071509875 0.0659777375
1 0.3480967390625 0.397100128125 0.372459559375 0.3975253828125 0.3821858421875 0.3922813453125 0.3800420296875 0.35275495625 0.37119351875 0.3401805875 0.35250202656249996 0.3395358671875 0.33655450937500003 0.3440343921875 0.339159315625 0.389619559375 0.3480967390625 0.397100128125
1 0.272052896875 0.4352617484375 0.294143853125 0.43596580781250005 0.3033091140625 0.43039351718749996 0.3017985609375 0.38705666875 0.2962606015625 0.3796354359375 0.272469915625 0.378901709375 0.26561541875 0.3819666578125 0.26538734062499997 0.427502375 0.272052896875 0.4352617484375
2 0.0016397296875000002 0.47194139531249996 0.05375371875 0.4734879671875 0.061752482812499995 0.46980607343749997 0.068018175 0.468004684375 0.0618636234375 0.4634388234375 0.0500599734375 0.45781897968749996 0.004195003125 0.45542610625 0.0016397296875000002 0.47194139531249996
1 0.8310638328125 0.553932446875 0.843173121875 0.5420423578125 0.8365353484375 0.5326911703125 0.7688128203125 0.5162230171875 0.753543021875 0.514364184375 0.74197808125 0.5275376140625 0.7435555593750001 0.53457125625 0.8118446625000001 0.5510493000000001 0.8310638328125 0.553932446875
1 0.9696986265625 0.4041287171875 0.90234818125 0.3988131390625 0.8931440203125 0.4066139640625 0.8929939796875 0.41520975 0.9008760468749999 0.41821346718749997 0.9670766687500001 0.42446435468750005 0.9818799171875 0.420582775 0.982674334375 0.40753980468749995 0.9696986265625 0.4041287171875
1 0.165201103125 0.8029323796875 0.08020748125 0.774427490625 0.067097915625 0.77720103125 0.049653340625 0.790240396875 0.0566415484375 0.798035096875 0.1356884484375 0.8271033765625001 0.151131296875 0.826705740625 0.1686108 0.81166540625 0.165201103125 0.8029323796875
2 0.232250284375 0.7710766703124999 0.24124604062500002 0.7658961484375 0.246453978125 0.739632928125 0.239395915625 0.7358401671875 0.21981015625000003 0.735498296875 0.21260656406249998 0.740042909375 0.21631288906249999 0.765794534375 0.232250284375 0.7710766703124999
1 0.440625 0.24609375 0.0546875 0.0703125
1 0.3671875 0.19296875 0.0546875 0.065625
1 0.4203125 0.11875 0.0578125 0.0703125
1 0.353125 0.07734375 0.0546875 0.071875
1 0.993786184375 0.45570095781250003 0.889439309375 0.4448834953125 0.8786675374999999 0.46850862656250003 0.978279328125 0.48083097812500003 0.993786184375 0.45570095781250003
1 1 0.0760180640625 0.9562315109374999 0.07138912187499999 0.9524744406250001 0.1247708359375 1 0.12560039843749998 1 0.0760180640625