0 0.27649369375 0.3201932703125 0.2902296734375 0.32524508124999996 0.316984125 0.321817478125 0.33554896093750003 0.3148859984375 0.31527825625 0.20435599531249998 0.2935208734375 0.1927842640625 0.2743145125 0.1951510515625 0.25721660625 0.19988143125 0.24963777187499997 0.204936440625 0.2545263625 0.2228687953125 0.26708193125 0.31220630625 0.27649369375 0.3201932703125
0 0.27556924843749997 0.0608970984375 0.2598889765625 0.028831617187500002 0.2028435171875 0.036848834375 0.21418980156249998 0.05942013593749999 0.23189414218749999 0.07444430625000001 0.250574359375 0.0708086453125 0.27556924843749997 0.0608970984375
3 0.39190861718750003 0.251622275 0.37890943906249996 0.1778399953125 0.3713090140625 0.17241050156249998 0.3647942140625 0.17096330937499998 0.36433306875000004 0.1639397578125 0.359474278125 0.15930634531250001 0.3531496078125 0.15546964375 0.3417214 0.1564850765625 0.3355188421875 0.1535172609375 0.3271852171875 0.154097778125 0.3214031 0.1578638859375 0.31737179531250004 0.1628606765625 0.309730146875 0.168364865625 0.319529134375 0.178210946875 0.3173295359375 0.1962409859375 0.3227308796875 0.20847720625 0.3308326359375 0.2324431921875 0.3237340578125 0.234326878125 0.3288772625 0.2522109984375 0.33883906874999997 0.263215590625 0.3681561828125 0.2585046421875 0.39190861718750003 0.251622275
3 0.067751440625 0.6554953609374999 0.08398855468750001 0.655415790625 0.10554655937499999 0.6533299 0.1094941421875 0.645538625 0.10751376875 0.6354341765625 0.0429846609375 0.6347496359375 0.018766209375000002 0.6378386890625001 0.0182447640625 0.6580482578125 0.05752900625 0.6585051796875 0.067751440625 0.6554953609374999
2 0.78515625 0.95546875 0.0359375 0.0234375
2 0.7515625 0.68125 0.0375 0.0421875
2 0.9671875 0.4671875 0.065625 0.028125
2 0.72109375 0.196875 0.0390625 0.0421875
2 0.2265625 0.184375 0.0453125 0.040625
2 0.1859375 0.20859375 0.0484375 0.040625
2 0.21875 0.2234375 0.0453125 0.0390625
2 0.2515625 0.31640625 0.0390625 0.0390625
1 0.31171875 0.11015625 0.0578125 0.0671875
1 0.27109375 0.1625 0.0515625 0.065625
1 0.228125 0.271875 0.0484375 0.0640625
1 0.41171875 0.2859375 0.05 0.059375
1 0.778125 0.909375 0.0546875 0.06875
1 0.72421875 0.9140625 0.065625 0.0796875
1 0.61171875 0.92421875 0.053125 0.06875
1 0.6078125 0.97890625 0.046875 0.028125
1 0.4765625 0.978125 0.059375 0.04375
1 0.36171875 0.99453125 0.0859375 0.0109375
1 0.6609375 0.82109375 0.053125 0.06875
1 0.60625 0.79140625 0.053125 0.06875
1 0.68671875 0.646875 0.0578125 0.065625
1 0.5203125 0.65 0.0859375 0.0671875
1 0.83828125 0.12734375 0.13125 0.071875
1 0.7375 0.04375 0.115625 0.0640625
1 0.03984375 0.6140625 0.059375 0.0359375
1 0.04765625 0.66953125 0.059375 0.034375
1 0.85390625 0.06015625 0.1125 0.0671875
1 0.2953125 0.04609375 0.0625 0.0515625