0 0.4094592125 0.8637705546875001 0.4188651109375 0.8655421531249999 0.4323879265625 0.8638135640625 0.450420984375 0.8606082859375 0.46814857343750005 0.8448626687499999 0.450560421875 0.7351840078125 0.43550464843750003 0.7345106343750001 0.4092535953125 0.739313328125 0.39622856875 0.7463450359375 0.3890544265625 0.7615392375 0.38837223125000003 0.7607718609375 0.40450660000000005 0.8410337796875 0.4094592125 0.8637705546875001
0 0.4686765234375 1 0.4665236828125 0.9516761171875 0.43788890625 0.9524422609375 0.42288140937499996 0.9547594374999999 0.4106192875 0.9739425734375 0.412123971875 1 0.4686765234375 1
3 0.512049884375 0.8777059968750001 0.5223039734375 0.8696108703125001 0.5244925046875 0.860587284375 0.52947101875 0.8532402640625 0.5332327078125 0.8472392140625 0.5231089578125 0.7748744265624999 0.5011161765625001 0.7758210640625001 0.47499805000000006 0.7808979140625001 0.4686022328125 0.7860241828125 0.46467005156249996 0.7962187828125 0.466362459375 0.8125314484375 0.4732185125 0.812308209375 0.4726850765625 0.8323818624999999 0.47296017968750004 0.8464737796874999 0.47733866718750007 0.8639284890625 0.47308014375 0.8775148500000001 0.480826675 0.8793374046875 0.488877590625 0.8852612015625001 0.49963654531249996 0.8848340359375 0.5054462656250001 0.8817632156249999 0.512049884375 0.8777059968750001
3 0.1420513171875 0.514046425 0.1434119609375 0.5076068625 0.140241540625 0.5020480484375 0.1327052890625 0.49822002187500003 0.11524970937500001 0.5024951984375 0.0989111890625 0.5071413421875001 0.08979398125 0.508619496875 0.0543165359375 0.5196323328125 0.0599654109375 0.5379416953125 0.0847446984375 0.5337131937499999 0.1420513171875 0.514046425
3 0.54921875 0.06015625 0.0515625 0.065625
2 0.65703125 0.05703125 0.0375 0.04375
2 0.96953125 0.3984375 0.0421875 0.0265625
2 0.71953125 0.4296875 0.040625 0.040625
2 0.39140625 0.8890625 0.04375 0.040625
2 0.371875 0.85703125 0.040625 0.040625
2 0.33984375 0.85546875 0.0375 0.0390625
2 0.3734375 0.7609375 0.040625 0.0390625
2 0.8390625 0.721875 0.040625 0.0421875
1 0.49375 0.93046875 0.05625 0.0640625
1 0.440625 0.89453125 0.053125 0.0640625
1 0.365625 0.809375 0.05 0.0625
1 0.49921875 0.9796875 0.0609375 0.040625
1 0.53046875 0.7375 0.053125 0.0609375
1 0.66875 0.121875 0.059375 0.06875
1 0.6140625 0.10859375 0.06875 0.0796875
1 0.61328125 0.0296875 0.0578125 0.059375
1 0.50234375 0.0890625 0.053125 0.0640625
1 0.58359375 0.2703125 0.0703125 0.0734375
1 0.51484375 0.35234375 0.0796875 0.06875
1 0.4109375 0.4984375 0.0890625 0.065625
1 0.95078125 0.74921875 0.0984375 0.0765625
1 0.9078125 0.85703125 0.109375 0.06875
1 0.06796875 0.55703125 0.09375 0.0421875
1 0.059375 0.50546875 0.096875 0.0421875