0 0.6984334750000001 0.2919807375 0.674574884375 0.29878435 0.6672111609375 0.303353528125 0.699361446875 0.416984128125 0.7258350250000001 0.41392542031249996 0.7465815828125 0.408748996875 0.7534046859375 0.40502164062499996 0.721269246875 0.2872296140625 0.6984334750000001 0.2919807375
0 0.295423871875 0.13888749843749998 0.319036578125 0.1335797578125 0.33336493906250003 0.126998759375 0.3151194390625 0.033857285937499995 0.29787826562499997 0.025780375 0.25496820468750003 0.0325766609375 0.25120375781250004 0.036141246875 0.269343525 0.1242039296875 0.2855185203125 0.1381045671875 0.295423871875 0.13888749843749998
0 0.337460121875 0.1995118078125 0.3223869375 0.201899165625 0.3124253375 0.20686892812500002 0.311449225 0.21343063906249998 0.3300115609375 0.3179039734375 0.344865653125 0.3268579796875 0.35658902812500004 0.32877006875000003 0.376963290625 0.32591999375 0.395080321875 0.32154298125 0.399566146875 0.3159329421875 0.3723973140625 0.203777409375 0.3531304296875 0.1966529859375 0.337460121875 0.1995118078125
3 0.4541049390625 0.2529417578125 0.449830553125 0.23072552656249998 0.43715397500000003 0.1793157625 0.42940573750000005 0.1733358359375 0.4263592765625 0.1636435796875 0.41345073593750004 0.1584809640625 0.4028681140625 0.158461290625 0.39163045625000004 0.15430587812500002 0.3795568171875 0.159185796875 0.3716931390625 0.1667905109375 0.374428728125 0.1697488265625 0.368252578125 0.1736946734375 0.366630553125 0.1777671140625 0.3764593421875 0.1825696171875 0.37712994375000003 0.201117146875 0.3831740078125 0.2154220140625 0.390004115625 0.23468976874999997 0.3861705296875 0.2391124875 0.3908057265625 0.254064446875 0.3979311390625 0.2656543515625 0.406973884375 0.26549396875000003 0.43338157656250004 0.2604635015625 0.4541049390625 0.2529417578125
3 0.1386997671875 0.66622105625 0.1523621390625 0.6666008406249999 0.1723971734375 0.6642755 0.181391059375 0.6590354703125 0.1824235515625 0.6512408640625 0.17755855625 0.6443803265625 0.1224338921875 0.6446322421875 0.0908658953125 0.6504800203125 0.08884976875 0.6711488796875 0.1329987890625 0.6683958484375 0.1386997671875 0.66622105625
3 0.769752534375 0.7667998468749999 0.7763383515625 0.7606693718749999 0.7718841015625 0.7325463453125 0.771623165625 0.7118141859375 0.759975840625 0.7098434046875 0.742824046875 0.7112881343749999 0.7330929734375 0.7166449234375001 0.7343208999999999 0.7291689 0.7290618015625 0.7389047828125 0.7334994046875 0.7716938812499999 0.769752534375 0.7667998468749999
2 0.264342621875 0.1750282171875 0.2651278 0.1920362984375 0.267472046875 0.19880352343750002 0.2792362359375 0.20479262812500001 0.2882421140625 0.2094339765625 0.2935110265625 0.2025317234375 0.2989453828125 0.19667404375 0.3027533265625 0.17251381875 0.286630621875 0.17114121875 0.264342621875 0.1750282171875
2 0.2583960984375 0.2138041953125 0.2594981515625 0.236829828125 0.2738000609375 0.24277392187500002 0.27750990625 0.24611252499999997 0.283606040625 0.24443314218749998 0.282889115625 0.2399066546875 0.2899507953125 0.2362897125 0.295510371875 0.21113820468750003 0.278711875 0.2095157140625 0.2583960984375 0.2138041953125
2 0.229624109375 0.2490568546875 0.25187006875 0.25695506875 0.2598281328125 0.25498078281250003 0.2627939328125 0.2455879 0.2595542078125 0.2211162109375 0.2488378328125 0.2217427421875 0.22654983125 0.225629740625 0.229624109375 0.2490568546875
2 0.7826853093749999 0.173952971875 0.771968934375 0.1745795015625 0.7634313625 0.18092868125 0.7665467718750001 0.20863239218750002 0.7758424046875 0.21108629375 0.800447534375 0.2057615203125 0.8023234765625 0.2015382140625 0.7924361390625 0.1752639984375 0.7826853093749999 0.173952971875
1 0.832270315625 0.12148374531249999 0.8420622796874999 0.1270713671875 0.9229926796875001 0.1399519125 0.9412670671875001 0.1388421640625 0.9464116703125001 0.1351719328125 0.94815873125 0.1333362578125 0.94442051875 0.10973411562499999 0.86720669375 0.0970332953125 0.8506147765625001 0.100731975 0.835401559375 0.1131354359375 0.832270315625 0.12148374531249999
1 0.8305750765625 0 0.8108158968750001 0.018160959375 0.7867613390625 0.043029453125 0.78762969375 0.05252891562499999 0.8035729406250001 0.056785346874999997 0.8168821859375001 0.05646199843750001 0.8705911015625001 0.00191190625 0.8701016484374999 0 0.8305750765625 0
1 0.592424546875 0.18981028125 0.577198225 0.1900803375 0.558123734375 0.19417221875 0.548675765625 0.20280714687499998 0.5500544671875 0.21151192812500003 0.5561496921875 0.225894353125 0.568685046875 0.25281994218750004 0.5843665671875 0.2514070109375 0.6050272453125001 0.2452792734375 0.60877913125 0.23683266406249998 0.5906729140625 0.19080156406249998 0.592424546875 0.18981028125
1 0.5740751578125 0.053872378124999995 0.5604069984375 0.0599633875 0.5545174421875 0.066963940625 0.563329846875 0.078417525 0.5734246703125 0.093951103125 0.58706389375 0.1117787109375 0.6043316015625 0.10832992187499998 0.62026174375 0.10045294687499999 0.6214067484375 0.095631559375 0.60310615 0.072474503125 0.5863085609375001 0.054790206249999994 0.5740751578125 0.053872378124999995
1 0.3308495234375 0.1370112671875 0.320353740625 0.1390305625 0.3070304828125 0.1432823140625 0.3052648359375 0.148202 0.3090018 0.159745603125 0.3173992296875 0.1926804640625 0.33125995625 0.1958390296875 0.34847251562500003 0.1920420484375 0.3568997921875 0.1849964859375 0.342172528125 0.140214840625 0.3308495234375 0.1370112671875
1 0.350330425 0.018995670312499997 0.334304003125 0.02224785625 0.32220801718750003 0.030231410937499998 0.32354558437500003 0.0346595984375 0.345044771875 0.07801175 0.351968128125 0.081555234375 0.3689460828125 0.08029389375 0.38284885 0.0716672453125 0.385800634375 0.0662027671875 0.3597915015625 0.02249414375 0.350330425 0.018995670312499997
1 0.1166787515625 0.5482032203125 0.1127614203125 0.55560525625 0.1126230953125 0.5627656812499999 0.1214635296875 0.5663624578124999 0.195788353125 0.5656552625 0.20679448437499998 0.5628412843749999 0.208822765625 0.54752915 0.206919703125 0.54354745625 0.12881587187500002 0.5444962609374999 0.1166787515625 0.5482032203125
1 0.5298187734375001 1 0.5032709703125 0.9645398296875 0.48262430468749995 0.9667391625 0.4695767875 0.9727318703125001 0.4633283140625 0.985500084375 0.47345329999999997 1 0.5298187734375001 1
1 0.68365659375 0.9506035140625 0.6836145499999999 0.9623887265625 0.6871177734375 0.9765960187499999 0.7279824203125 0.9701236953124999 0.72387408125 0.9474460234375 0.716274934375 0.9436526484375 0.6960834671875 0.94470910625 0.68365659375 0.9506035140625
1 0.8060146250000001 0.7791734890625001 0.7877813703125 0.784559834375 0.78532591875 0.793158034375 0.7900555484375 0.8109690796875 0.8009355484375 0.8435107390625 0.8068933609375 0.8489917796875 0.8323948718749999 0.8453096640625001 0.841953140625 0.8373711171875 0.828109153125 0.782098725 0.8060146250000001 0.7791734890625001
1 0.7012851125 0.6047653484375 0.7026053250000001 0.6131008421875 0.7136135359375 0.6533372859375 0.7195276828125 0.6572301328125 0.745424790625 0.6534999375 0.755832659375 0.6481364515625 0.743217234375 0.59775245 0.7332549265625 0.59338625625 0.7088794078125 0.598361471875 0.7012851125 0.6047653484375
1 0.6940831609375 0.7808844953125 0.6796991203125 0.7820481906250001 0.6658890859375 0.7868360140624999 0.6600459796875 0.7959345640625 0.6696902171875 0.8401020796875001 0.6744845828125 0.8452867953125001 0.7030804609375 0.8418721640625 0.7136751203125 0.8335070609375 0.702107490625 0.7855576328125 0.6940831609375 0.7808844953125
1 0.47173528437499995 0.2592161703125 0.4557002671875 0.2624988765625 0.4465269828125 0.26729531875 0.45764999531250006 0.30825658749999996 0.4674255109375 0.3156243984375 0.4824555453125 0.3143583875 0.4961507796875 0.3088457390625 0.500931503125 0.3014014703125 0.48604733749999995 0.26177891875000003 0.47173528437499995 0.2592161703125
2 0.3048075859375 0.3323644265625 0.313889990625 0.3334264234375 0.322116453125 0.33712449843750003 0.3312128828125 0.334254903125 0.3302334390625 0.32405078125000003 0.3259695640625 0.30114988593750003 0.31535487500000003 0.302473871875 0.29513299531250003 0.30746278125000004 0.300873959375 0.32762921875 0.3048075859375 0.3323644265625