0 0.6025034125000001 0.737735378125 0.5908479437499999 0.731654625 0.56233790625 0.72525176875 0.5507979203125 0.7262547374999999 0.5291189828125 0.8358448984375 0.5444329890625 0.8498927546875 0.5585224015625 0.8537583859375 0.5808680500000001 0.8572133031250001 0.5873418609375001 0.8538889562499999 0.586056253125 0.8489827156249999 0.6110015046874999 0.753964046875 0.6025034125000001 0.737735378125
3 0.47410580468749997 0.7621616828125 0.473696140625 0.7839298203125 0.46253962968750006 0.8337074031249999 0.468300903125 0.8407877921875 0.4655575359375 0.8492751999999999 0.47131880937500004 0.856355590625 0.47809549531249995 0.8643946421875001 0.4873889296875 0.869886475 0.5019860484375 0.8742314390624999 0.5116608125 0.8706469390624999 0.515606984375 0.867397871875 0.5219151921875 0.8647377281249999 0.5194267781249999 0.8545931453125 0.513852896875 0.851792434375 0.523152878125 0.8396485765625 0.521668984375 0.8279907171875 0.52323788125 0.8015731593750001 0.5295569812500001 0.8013849546875 0.5335314875 0.785444084375 0.5322960015625 0.7727899171875 0.5191283062500001 0.7677431109375 0.49163368125 0.7622989171875 0.47410580468749997 0.7621616828125
3 0.9142487546875 0.51880249375 0.9006561546875 0.5129442546874999 0.8820082734374999 0.5072365765625 0.87460185 0.5092701578125001 0.8701697578124999 0.516983775 0.8733205890625 0.5244715453125 0.923805834375 0.5458775921875 0.9497054296874999 0.55268783125 0.9593976328125 0.5339395859375 0.9234375984375 0.5196825453125 0.9142487546875 0.51880249375
2 0.1521672609375 0.69494500625 0.1583425453125 0.7003648890624999 0.170224634375 0.7005054546875 0.17661564375 0.697513209375 0.18645166562499998 0.673156878125 0.1777487421875 0.6678122765625 0.1581791421875 0.6632857750000001 0.1528035453125 0.6672366843749999 0.15012554218750002 0.6905557390625 0.1521672609375 0.69494500625
2 0.60851788125 0.9267223578125 0.6028808546875 0.9224945765625 0.601517121875 0.9190186562499999 0.5964147390625001 0.9171193093750001 0.59335795625 0.9204338406250001 0.58146014375 0.9234255984375 0.5684775359375001 0.935241003125 0.5638652421875 0.9425579671875 0.5800750875 0.9491082562500001 0.5928310406249999 0.9538566234375001 0.5994153234375 0.9520487765625001 0.608860746875 0.936529140625 0.60851788125 0.9267223578125
2 0.6190248656249999 0.8801083703125 0.6138934296875 0.8716163828125 0.60937025 0.86515759375 0.6005195359375 0.862637271875 0.5970210875 0.867723225 0.5902992671875 0.87231909375 0.5778609890624999 0.888660478125 0.591004365625 0.8963277546875 0.607960003125 0.902123221875 0.61416655 0.8995940125 0.6175526484375 0.8860131093750001 0.6190248656249999 0.8801083703125
2 0.6374353078125 0.8420503328125 0.6293303859375 0.8387751874999999 0.62878605625 0.83424920625 0.6227073640625 0.8317928468750001 0.6198810984375 0.8364192156250001 0.6128454671875 0.8378009375 0.5989892125 0.855356734375 0.60042655625 0.858537415625 0.6112395765625 0.8643693062500001 0.6298437031249999 0.8702621984375 0.6347794953125 0.8683569265625 0.639196146875 0.85064270625 0.6374353078125 0.8420503328125
2 0.6338594328125 0.7445729640625001 0.6280751875 0.74093565625 0.6251365718749999 0.737067075 0.61763990625 0.7358251265625 0.619307765625 0.7403176453125 0.61459280625 0.7413372046875 0.6108870750000001 0.7673820250000001 0.6203363609375 0.769737996875 0.634510290625 0.7732719546875 0.6381656437500001 0.7697930734375 0.6398838828125 0.7517196515625 0.6338594328125 0.7445729640625001
2 0.347440615625 0.10869824531250001 0.330116925 0.104378965625 0.32293406875 0.10635116250000001 0.3192922640625 0.1299031984375 0.3272596484375 0.1359663640625 0.3276567546875 0.14108281875 0.33620334375 0.1425865421875 0.3386518703125 0.1372388125 0.34658051875 0.1345117921875 0.350005353125 0.12972107500000002 0.35119863281249997 0.1115167671875 0.347440615625 0.10869824531250001
1 0.4100339125 0 0.3996228859375 0.0335898828125 0.3997449203125 0.044282378125 0.410484328125 0.0504095078125 0.4257178625 0.056402784375 0.439116946875 0.054098926562500003 0.44348903906250003 0.04327258125 0.45799541718750003 0 0.4100339125 0
1 0.47858772343749995 0.1373202203125 0.48625098125 0.1423667875 0.5042565390625 0.148424028125 0.516826534375 0.144972684375 0.5203056125 0.13549163749999998 0.5274807390625 0.0977682234375 0.522736728125 0.0921951453125 0.5089308531250001 0.0871850015625 0.4941583515625 0.08381539375 0.49073351406250004 0.0886061125 0.480354384375 0.1302345328125 0.47858772343749995 0.1373202203125
1 0.4394209765625 0.2250814265625 0.45906534218750006 0.22903854687499997 0.4687160921875 0.226113715625 0.4670637359375 0.2081406796875 0.4608145890625 0.18400409375 0.45400560937499995 0.16882204375 0.4420787421875 0.1652211609375 0.42934215781249996 0.16486788593749999 0.4217815640625 0.1661187203125 0.417841453125 0.17297609687499998 0.4298051 0.21892083593749997 0.4394209765625 0.2250814265625
1 0.687293334375 0.2395308171875 0.6824021015625 0.23454821093749997 0.66792404375 0.22999765625 0.6566054328125001 0.22842996875 0.6515321046875 0.2331232625 0.63777269375 0.272654521875 0.63922940625 0.280230296875 0.6547573843750001 0.285042628125 0.67103115625 0.2891001359375 0.6764822234375 0.2851282046875 0.6769781296875 0.278666453125 0.6875529046875 0.247435290625 0.687293334375 0.2395308171875
1 0.8607162578124999 0.2059403921875 0.870607209375 0.206524940625 0.887818553125 0.2023492734375 0.8905712078124999 0.19801814375 0.8869507265625 0.192411603125 0.851956615625 0.15609064687500002 0.8406186375000001 0.15012786875 0.82713625625 0.150529415625 0.8172646734375 0.154339959375 0.8149827374999999 0.1634923078125 0.8533571296875 0.2019104234375 0.8607162578124999 0.2059403921875
1 0.9266537359375 0.6683058140625 0.9366822234375001 0.6661023421875 0.9432471375 0.6598994015625 0.9384934421875 0.6521287765625 0.9249820109375 0.6459376859375 0.8765829937499999 0.6275986515625 0.8657990265625 0.6283594 0.8585716140624999 0.637219471875 0.8634725328125 0.6443996234375 0.912470121875 0.662574309375 0.9266537359375 0.6683058140625
1 0.9863384937499999 0.5787613359375 0.98249718125 0.5740405046875 0.9205964156249999 0.551707925 0.908973678125 0.5491236421875 0.9021685625 0.5518172 0.8978603953125001 0.5601507625 0.9044834156249999 0.5671331000000001 0.975907075 0.5915264140625001 0.9836052078125 0.5874875578125 0.9863384937499999 0.5787613359375
1 0.653217084375 0.7854622484375 0.6439692609375001 0.7778254734375001 0.6287454109375 0.7740297421875 0.6198404531249999 0.7761997484375 0.615228159375 0.7835167125 0.6072433140625 0.824487734375 0.6125762109374999 0.8276989171875 0.6297526812500001 0.832608671875 0.64225875 0.8316501125 0.6450017203125 0.825121434375 0.6527308609375 0.794121546875 0.653217084375 0.7854622484375
1 0.5298222499999999 0.9180769906249999 0.5403311421875 0.922892284375 0.5628947515625 0.9263228921875 0.5663932 0.9212369375 0.5718462234375 0.8837113359375 0.5681424484375001 0.8762024859374999 0.5558184749999999 0.8674851484375001 0.5383669296875 0.8681514359375001 0.532253365625 0.8747804984374999 0.52852244375 0.9121082890625001 0.5298222499999999 0.9180769906249999
1 0.48015825312500005 0.9696667812499999 0.496956984375 0.973855175 0.5065341234375 0.9712255796875 0.5151020359375 0.943570725 0.5236253890625 0.9228037453125 0.5151330453125 0.9166096937500001 0.4972107828125 0.9124547625 0.48454780781249995 0.9118062484375 0.47806618749999996 0.9199114984375001 0.4700813421875 0.9608825187500001 0.48015825312500005 0.9696667812499999
1 0.4946713296875 0.7101830609374999 0.4914925140625 0.7028050984374999 0.472667553125 0.69779791875 0.45797834687499994 0.69633061875 0.455616978125 0.7214562671875 0.453015409375 0.74307253125 0.4558804140625 0.74723635 0.4759025171875 0.7519148296875 0.48706422343750005 0.7518754453125001 0.4889044953125 0.7444945187500001 0.49249205625 0.7256328125 0.4946713296875 0.7101830609374999
1 0 0.7072815109375 0.0527592359375 0.742685575 0.0714272921875 0.7460856828125 0.08989001875 0.7368909859375 0.0908372765625 0.7308553578125 0.019086254687500002 0.68317474375 0.0014584359375 0.6778388640624999 0 0.678504909375 0 0.7072815109375
1 0.0469458859375 0.8174385781250001 0.05661986875 0.8367844484375 0.064116534375 0.838026396875 0.1364642203125 0.8341133828125 0.147238503125 0.8311550859375 0.1517771859375 0.8241333624999999 0.147612375 0.8140008390625001 0.131485828125 0.8093528578125 0.050149890625000006 0.813533571875 0.0469458859375 0.8174385781250001
2 0.6784540640625 0.5455861734375 0.6773789546875 0.55660736875 0.6859449109375 0.562506184375 0.720813125 0.5702590359374999 0.73130265 0.570679234375 0.73591494375 0.563362271875 0.7278003375 0.55788958125 0.68916441875 0.5451206609375 0.6784540640625 0.5455861734375