0 0.665870746875 0.6905342343750001 0.65331229375 0.68488826875 0.62798135 0.6863489078125 0.610105703125 0.6916376468750001 0.6218792953125 0.7967539343750001 0.6415374109374999 0.8090489281250001 0.6597157171875 0.8080884515625 0.67607046875 0.804770103125 0.6835138828125 0.8005215296875001 0.6801024265625 0.7833623796875 0.6741789078125 0.698652121875 0.665870746875 0.6905342343750001
0 0.649734246875 0.9340666125 0.6720594484375 0.9891893796875 0.7264152203124999 0.9853884546874999 0.7072353890625 0.9394861000000001 0.6916070203125 0.9242156515625 0.6738392328125 0.9264021343750001 0.649734246875 0.9340666125
3 0.5530695625 0.7473376015625 0.5604294328125 0.817471090625 0.5672055609375 0.82306858125 0.57322409375 0.824855478125 0.57319624375 0.8314806890625001 0.5774518468750001 0.83615055625 0.5831352671875 0.8401686406250001 0.5939259984375 0.83996601875 0.5995518078125001 0.8431602234375 0.6074100875 0.8431626578125 0.6130829531249999 0.8400062796875 0.6171935765625001 0.8355792984375 0.624725390625 0.8309130828125 0.616175778125 0.821024096875 0.619422228125 0.8042389249999999 0.61515606875 0.79239459375 0.609125075 0.7693589328125 0.61590985 0.7680565859375 0.612256303125 0.7509260015625 0.603629875 0.739938509375 0.575809990625 0.7424358046874999 0.5530695625 0.7473376015625
3 0.883741134375 0.38940970625000004 0.8684991343749999 0.3884176328125 0.8481324796875 0.3889598515625 0.8439171671875 0.3960162765625 0.8451129109375 0.405634175 0.9056216359375 0.410516534375 0.928550615625 0.40920716874999996 0.9303652296875 0.390265225 0.8935311625000001 0.3872551921875 0.883741134375 0.38940970625000004
3 0.34921875 0.03125 0.0453125 0.046875
2 0.2296875 0.0484375 0.034375 0.040625
2 0.24296875 0.31953125 0.0328125 0.0359375
2 0.028125 0.50625 0.05625 0.01875
2 0.240625 0.77734375 0.0328125 0.0359375
2 0.703125 0.821875 0.0390625 0.0375
2 0.74375 0.80078125 0.0421875 0.0359375
2 0.71328125 0.78515625 0.0390625 0.0359375
2 0.68828125 0.69609375 0.0328125 0.0328125
2 0.95859375 0.490625 0.053125 0.01875
1 0.61875 0.8859375 0.0515625 0.0609375
1 0.66015625 0.8390625 0.04375 0.0578125
1 0.7078125 0.73984375 0.040625 0.059375
1 0.53671875 0.71328125 0.04375 0.053125
1 0.23359375 0.1046875 0.0484375 0.0625
1 0.28515625 0.103125 0.0578125 0.071875
1 0.390625 0.1015625 0.046875 0.0625
1 0.39765625 0.03359375 0.04375 0.0578125
1 0.52109375 0.04921875 0.053125 0.059375
1 0.628125 0.0265625 0.08125 0.053125
1 0.3375 0.19453125 0.046875 0.0625
1 0.38671875 0.2265625 0.0484375 0.0609375
1 0.30234375 0.35703125 0.05 0.059375
1 0.45859375 0.3640625 0.075 0.0578125
1 0.12578125 0.834375 0.121875 0.059375
1 0.215625 0.91953125 0.10625 0.0546875
1 0.92578125 0.428125 0.0921875 0.03125
1 0.92109375 0.3765625 0.0921875 0.03125
1 0.10703125 0.89609375 0.103125 0.05625
1 0.63046875 0.95625 0.0578125 0.0625