3 0.0828125 0.43046875 0.1078125 0.08359375
0 0.24765625 0.38671875 0.12421875 0.07890625
1 0.24140625 0.484375 0.0546875 0.04921875
2 0.309375 0.4734375 0.03515625 0.0390625
2 0.2953125 0.3359375 0.0328125 0.0375
1 0.52734375 0.8140625 0.03203125 0.10625
1 0.46796875 0.70078125 0.03359375 0.10390625
2 0.5 0.671875 0.02109375 0.0578125
2 0.4453125 0.56484375 0.0203125 0.0609375
2 0.475 0.53046875 0.02421875 0.0640625
1 0.4859375 0.4359375 0.03125 0.10078125
2 0.4203125 0.33359375 0.0234375 0.05625
1 0.4703125 0.284375 0.02578125 0.090625
1 0.45 0.13984375 0.03046875 0.08828125
1 0.478125 0.1390625 0.028125 0.078125
2 0.46796875 0.04609375 0.01953125 0.06015625
1 0.57890625 0.825 0.0328125 0.11171875
1 0.56640625 0.68984375 0.03515625 0.10234375
1 0.58515625 0.9515625 0.0328125 0.096875
1 0.65078125 0.56171875 0.05234375 0.09765625
1 0.746875 0.45546875 0.0546875 0.0578125
1 0.540625 0.07890625 0.0265625 0.08984375
1 0.59140625 0.08125 0.0296875 0.0953125
1 0.6125 0.0375 0.0296875 0.071875
3 0.571875 0.1171875 0.02734375 0.08203125
1 0.5609375 0.03671875 0.025 0.0734375
2 0.859375 0.759375 0.040625 0.03984375
2 0.984375 0.73828125 0.03125 0.0359375
1 0.93671875 0.73359375 0.0609375 0.046875
1 0.94375 0.6828125 0.0734375 0.04921875
1 0.87421875 0.7171875 0.05859375 0.04453125
1 0.86953125 0.66875 0.05859375 0.04375
1 0.92421875 0.63359375 0.06171875 0.04453125
1 0.8703125 0.590625 0.0578125 0.046875
1 0.93125 0.57890625 0.05859375 0.04609375
3 0.9828125 0.61015625 0.03359375 0.046875