0 0.28585341249999996 0.993187371875 0.3385106203125 0.7921427109375 0.33374639687499996 0.7774321265624999 0.3227134578125 0.76717929375 0.3129342625 0.7649504171875 0.3041580609375 0.7707454968749999 0.28585341249999996 0.8349371390625 0.25074860781249997 0.9677781796874999 0.26153079687499997 0.9793683375000001 0.27381747968750003 0.9887296187500001 0.28585341249999996 0.993187371875
0 0.4500939640625 1 0.48508643281249997 0.8343581609375 0.4813467796875 0.81773748125 0.4615800421875 0.80301630625 0.45810750625 0.8044409359375001 0.4559705625 0.8125138375000001 0.414300140625 1 0.4500939640625 1
3 0.44453125 0.74609375 0.0375 0.14140625
0 0.42672293906250003 0 0.41095488593749996 0.1016163421875 0.41440414687500005 0.132714446875 0.4259838109375 0.1370944625 0.43904173125 0.13534245625000002 0.4560416625 0 0.42672293906250003 0
3 0.875 0.58046875 0.04921875 0.0609375
3 0.4421875 0.33125 0.04453125 0.05625
3 0.02265625 0.0234375 0.0453125 0.046875
1 0.04296875 0.11328125 0.046875 0.06640625
1 0.15234375 0.159375 0.05546875 0.06484375
1 0.1828125 0.29296875 0.05234375 0.05859375
1 0.19609375 0.228125 0.04921875 0.05703125
1 0.35078125 0.27578125 0.04765625 0.05078125
1 0.365625 0.32109375 0.0546875 0.06328125
1 0.45390625 0.4171875 0.0515625 0.0578125
1 0.53515625 0.41015625 0.05390625 0.0578125
1 0.56640625 0.46796875 0.0515625 0.05
2 0.2328125 0.18203125 0.03046875 0.0390625
2 0.54609375 0.375 0.0328125 0.0390625
2 0.628125 0.42265625 0.0296875 0.03828125
2 0.76171875 0.4859375 0.03125 0.0375
2 0.89921875 0.553125 0.03203125 0.04296875
2 0.8125 0.72421875 0.03671875 0.0390625
1 0.92578125 0.834375 0.06875 0.07421875
1 0.76875 0.753125 0.06328125 0.05859375
1 0.86875 0.7453125 0.05625 0.059375
1 0.79921875 0.66640625 0.059375 0.06171875
1 0.67734375 0.66640625 0.0578125 0.0578125
1 0.60625 0.6640625 0.06484375 0.084375
1 0.67421875 0.86640625 0.0578125 0.04765625
1 0.4828125 0.62890625 0.0234375 0.1015625
1 0.284375 0.23828125 0.046875 0.0546875
2 0.475 0.7765625 0.0203125 0.06484375