0 0.2888431078125 0.996136346875 0.3397161421875 0.7998237625 0.3385106203125 0.7873934890625 0.3317596953125 0.7805354078125 0.3218744140625 0.77410595625 0.31536459375 0.773248696875 0.3095780875 0.7762491078125 0.3057204171875 0.7831071890625 0.29342409062499997 0.8276847187499999 0.2536418609375 0.9725616921875 0.262080515625 0.9828488140625 0.27727009375 0.99270730625 0.2888431078125 0.996136346875
0 0.4538224875 1 0.4766388234375 0.8221300890625001 0.4727433515625 0.80580620625 0.4426925671875 0.7944289546875 0.43879709531250005 0.817678121875 0.4140330234375 1 0.4538224875 1
0 0.5241377703125 0.3784958140625 0.5334509609375 0.38157614687499997 0.5401651234375 0.3746453984375 0.5581417484375 0.2240941640625 0.55879150625 0.200221590625 0.5475290421875 0.19213571875 0.5360499921875 0.19290580156249998 0.53410071875 0.2071523375 0.515690921875 0.3353711640625 0.5128753046875001 0.3565484484375 0.5146079921875 0.3731052328125 0.5241377703125 0.3784958140625
0 0.41042330781249997 0.34469267812500004 0.41608431875 0.34217667343749997 0.4344826046875 0.1962483859375 0.4322586359375 0.18438721875 0.42983248906249993 0.1768392046875 0.4221496875 0.17324491250000001 0.4142647078125 0.1721666234375 0.40840151718750006 0.172526053125 0.4023361484375 0.210266128125 0.3873749046875 0.3137817609375 0.3910141265625 0.3393012390625 0.401325253125 0.34469267812500004 0.41042330781249997 0.34469267812500004
0 0.44190236250000003 0.0473801203125 0.43974674062499997 0.038670539062499995 0.430536359375 0.034489940625 0.4215219421875 0.032399640625 0.417798596875 0.032399640625 0.4121155953125 0.06897988125 0.3993778328125 0.1515467078125 0.4007495921875 0.1815076671875 0.4264210828125 0.1755851515625 0.44190236250000003 0.0473801203125
3 0.47109375 0.68671875 0.0296875 0.0859375
3 0.8145950265625 0.8010342125 0.8848432046875001 0.7602466437500001 0.8730169125 0.7148336796875 0.8067896749999999 0.7509958546875 0.8022956828125001 0.7602466437500001 0.8110471390624999 0.7968293078124999 0.8145950265625 0.8010342125
3 0.4796875 0.24453125 0.03203125 0.121875
3 0.15859375 0.17265625 0.0453125 0.0515625
3 0.290625 0.275 0.04453125 0.05546875
2 0.44921875 0.76484375 0.021875 0.06328125
2 0.50234375 0.64609375 0.0171875 0.0609375
2 0.75546875 0.8015625 0.03046875 0.0640625
2 0.8515625 0.86875 0.03828125 0.0375
1 0.91015625 0.82421875 0.0671875 0.06796875
1 0.80703125 0.82890625 0.06015625 0.04921875
1 0.69453125 0.74375 0.0671875 0.06875
1 0.690625 0.6765625 0.05546875 0.05546875
1 0.43515625 0.3875 0.05 0.09140625
1 0.3703125 0.4515625 0.05234375 0.0703125
1 0.2421875 0.25625 0.046875 0.053125
1 0.09453125 0.1078125 0.04921875 0.059375
1 0.103125 0.1671875 0.0515625 0.0734375
1 0.1609375 0.08671875 0.04765625 0.0390625
2 0.27578125 0.0703125 0.03046875 0.040625
2 0.203125 0.19453125 0.03046875 0.0390625
2 0.31484375 0.24140625 0.02890625 0.0421875
2 0.25390625 0.19296875 0.03125 0.040625
2 0.5515625 0.1421875 0.01640625 0.053125
2 0.5515625 0.05390625 0.01875 0.0515625
1 0.025 0.18828125 0.05 0.06640625
1 0.1390625 0.26640625 0.05078125 0.0640625
1 0.190625 0.303125 0.05078125 0.05625
1 0.2796875 0.471875 0.053125 0.04296875
1 0.77890625 0.71875 0.0609375 0.059375