0 0.9059131140625001 0.6322908984375 0.9212961265624999 0.6220472421875 0.92712859375 0.6086383718749999 0.9291424484374999 0.5934609359375 0.7308237203125 0.589605109375 0.7180655203125 0.5929219953125 0.712614925 0.6031878500000001 0.7089128484375 0.6147877125 0.7114893859375 0.6229352890625 0.7152476953125 0.62694741875 0.7463673890625 0.6287098265625 0.9059131140625001 0.6322908984375
0 1 0.5802465031249999 0.9597356218750001 0.5771919343749999 0.94895105 0.577893340625 0.94288145 0.5824209203125 0.9365867437500001 0.5908979859375 0.9321973203124999 0.601515534375 0.9323379890625001 0.6073467875 0.9329569921875001 0.613085059375 0.9397420562500001 0.61734579375 0.967617934375 0.620296696875 1 0.6231576015625 1 0.5802465031249999
0 0.0172898625 0.6122876609375 0.029911651562500002 0.61471184375 0.1465472703125 0.629841640625 0.1773990046875 0.6233569109375 0.1841632171875 0.613506265625 0.18804605937500002 0.6044595828125 0.1878387625 0.5966957046875 0.054719610937499996 0.5815995359375 0.0418940015625 0.584824221875 0.029388150000000002 0.58969391875 0.025199618750000003 0.5927030109375 0.02002368125 0.5995622390625 0.0184213390625 0.6069462359375 0.0172898625 0.6122876609375
0 0 0.46985307499999995 0.0869049203125 0.470281278125 0.1330243390625 0.46690966562499997 0.1449067609375 0.464040646875 0.14734452343749999 0.4509823328125 0.1490852125 0.43945778906250005 0.14526544531250002 0.43516649375 0 0.4378943875 0 0.46985307499999995
0 0.16623589375 0.926134915625 0.20057998124999998 0.9075799703125 0.24395275156250001 0.81437536875 0.24386718749999997 0.80899239375 0.23806733593749999 0.8063400484375001 0.2159298546875 0.80119383125 0.20862459375000003 0.8031537906249999 0.18313395625 0.81782795625 0.1747784015625 0.8267415781249999 0.1385669734375 0.9147744343750001 0.134848203125 0.9203569343750001 0.14604336406250001 0.9235804203125 0.16623589375 0.926134915625
3 0.5484375 0.71953125 0.0703125 0.0609375
2 0.31796875 0.85 0.05 0.0421875
2 0.5484375 0.81171875 0.05625 0.046875
2 0.46484375 0.721875 0.0515625 0.040625
2 0.58984375 0.60703125 0.0515625 0.0390625
2 0.6890625 0.40546875 0.0515625 0.0421875
2 0.68359375 0.3203125 0.053125 0.0421875
2 0.72265625 0.27734375 0.053125 0.04375
2 0.75859375 0.20078125 0.0546875 0.0453125
2 0.4875 0.040625 0.0515625 0.04375
2 0.1109375 0.48203125 0.059375 0.0296875
1 0.36171875 0.97265625 0.0671875 0.0546875
1 0.2796875 0.97578125 0.075 0.0484375
1 0.14609375 0.9734375 0.0703125 0.053125
1 0.1625 0.990625 0.071875 0.01875
1 0.2671875 0.84375 0.0828125 0.0734375
1 0.34921875 0.8015625 0.071875 0.0640625
1 0.43515625 0.796875 0.0734375 0.0703125
1 0.478125 0.7890625 0.0703125 0.0671875
1 0.5125 0.81328125 0.0734375 0.0671875
1 0.45546875 0.87265625 0.06875 0.0640625
1 0.42265625 0.95390625 0.071875 0.0640625
1 0.53359375 0.65390625 0.0734375 0.0640625
1 0.48203125 0.640625 0.0734375 0.0703125
1 0.5734375 0.51640625 0.0734375 0.0703125
1 0.63125 0.50078125 0.0796875 0.075
1 0.43046875 0.4 0.078125 0.071875
1 0.34921875 0.62421875 0.084375 0.071875
1 0.5625 0.38203125 0.0734375 0.0703125
1 0.5828125 0.3 0.0765625 0.071875
1 0.64375 0.290625 0.06875 0.0671875
1 0.68671875 0.20078125 0.078125 0.071875
1 0.63046875 0.1671875 0.0765625 0.0734375
1 0.68046875 0.03359375 0.0890625 0.0671875
1 0.48671875 0.1671875 0.08125 0.071875
1 0.7328125 0.1140625 0.0796875 0.078125