0 0.2934822375 0.8339145734375 0.299459053125 0.8368457328125001 0.3046114796875 0.8353801531249999 0.34232724531250003 0.6587778578125 0.3427394390625 0.6503507765625 0.33820530312499997 0.6444884609375 0.331610196875 0.6408245124999999 0.325015090625 0.6375269593749999 0.3182138875 0.6360613796875 0.312030975 0.6378933531250001 0.305023675 0.667937728125 0.274315209375 0.80167183125 0.27349082187499996 0.8126636749999999 0.279673734375 0.8247547031250001 0.2934822375 0.8339145734375
0 0.31379513124999997 0.858658984375 0.312136303125 0.8512864109375 0.30107744375 0.8399817984375 0.29527154218749996 0.8370327703125 0.2908479984375 0.836541265625 0.2822773828125 0.8385072859375 0.28006561093750004 0.8434223328125 0.27757736718750003 0.8537439359375 0.2341713453125 0.999720878125 0.27370676718750003 1 0.312136303125 0.8655400515625 0.31379513124999997 0.858658984375
0 0.419591203125 0.1886851328125 0.4245415484375 0.1907972796875 0.4312740171875 0.19009323125 0.43266011249999997 0.1855169125 0.461570125 0.068644778125 0.4611740984375 0.05667594375 0.46018402812500003 0.04857938125 0.45840190468750003 0.0436510375 0.45265950468750005 0.0383706703125 0.4469171046875 0.035906498437500003 0.44236278906250004 0.035554475 0.4391945671875 0.035906498437500003 0.4314720296875 0.0644204828125 0.408898459375 0.15101851093750002 0.40929448749999997 0.179180471875 0.41424483125 0.1848128625 0.419591203125 0.1886851328125
0 0.5669098296875 0.1637775453125 0.5747948093749999 0.1673718375 0.5824776093749999 0.1698878421875 0.58672336875 0.1648558328125 0.6117935609375 0.026475560937499996 0.6126022765625 0 0.5873299046875 0.0003594296875 0.565898934375 0.1060316375 0.5632706078124999 0.12759739375 0.56003574375 0.1580266765625 0.5669098296875 0.1637775453125
3 0.3328125 0.225 0.0546875 0.06015625
3 0.52421875 0.6296875 0.05 0.059375
2 0.5515625 0.12734375 0.0171875 0.05390625
2 0.41796875 0.33125 0.02890625 0.04140625
2 0.44375 0.628125 0.03125 0.0421875
2 0.371875 0.8328125 0.02421875 0.06171875
2 0.63046875 0.90625 0.03359375 0.04140625
2 0.73515625 0.77109375 0.0359375 0.04765625
2 0.6703125 0.72890625 0.034375 0.04765625
2 0.940625 0.58515625 0.034375 0.04453125
2 0.60390625 0.68984375 0.0328125 0.0453125
2 0.5984375 0.575 0.03125 0.0390625
2 0.25703125 0.18125 0.03046875 0.040625
2 0.04453125 0.2921875 0.03046875 0.0484375
2 0.14453125 0.37265625 0.03125 0.04453125
2 0.16875 0.44453125 0.03125 0.04375
2 0.20703125 0.46328125 0.03046875 0.04609375
2 0.24375 0.47421875 0.03125 0.0453125
1 0.28828125 0.4578125 0.053125 0.05859375
1 0.3234375 0.4234375 0.05078125 0.053125
1 0.340625 0.28203125 0.04609375 0.05625
1 0.03828125 0.0625 0.05078125 0.07421875
1 0.0953125 0.0734375 0.04375 0.0609375
1 0.0875 0.18515625 0.053125 0.06484375
1 0.128125 0.15078125 0.05 0.06484375
1 0.1859375 0.15 0.05 0.06796875
2 0.2234375 0.05 0.0296875 0.034375
1 0.24453125 0.38515625 0.04921875 0.053125
1 0.19921875 0.40859375 0.05 0.06015625
1 0.328125 0.528125 0.0515625 0.0546875
1 0.3703125 0.5046875 0.053125 0.05625
1 0.44375 0.540625 0.0515625 0.0546875
1 0.45234375 0.59375 0.05546875 0.06015625
1 0.48828125 0.51171875 0.0546875 0.059375
1 0.53125 0.57734375 0.05390625 0.05546875
1 0.66015625 0.66796875 0.05390625 0.059375
1 0.68515625 0.6171875 0.05703125 0.0625
1 0.7375 0.54296875 0.0546875 0.0609375
1 0.484375 0.38671875 0.05 0.06015625
1 0.509375 0.121875 0.02890625 0.078125
1 0.62734375 0.409375 0.0515625 0.05703125
1 0.83515625 0.59453125 0.0578125 0.06796875
1 0.87109375 0.8515625 0.065625 0.07890625
1 0.778125 0.74140625 0.0609375 0.07265625
1 0.09765625 0.3296875 0.04921875 0.05859375