0 0.290240190625 0.632645765625 0.28048972031249997 0.6878256656249999 0.2573057390625 0.808828540625 0.2577878453125 0.819398915625 0.26604214531250003 0.83194938125 0.2783877515625 0.8401969218750001 0.290325090625 0.8421043125000001 0.293682928125 0.8298800921874999 0.3264881625 0.6462944203125 0.3233561484375 0.63735711875 0.3149150984375 0.6311571859375 0.3023273609375 0.6260875109375 0.29432226875 0.6278140578125 0.290240190625 0.632645765625
0 0.26739219375 1 0.2995436046875 0.8757955265625 0.3022510421875 0.860409025 0.2955119859375 0.8494189265625 0.2879726953125 0.843732190625 0.2769002 0.8402228859375 0.2703734296875 0.841394690625 0.2657517109375 0.8494094531249999 0.2259654921875 1 0.26739219375 1
0 0.5507085859374999 0 0.5417377125 0.05317650625 0.5383429640624999 0.090086515625 0.5383994734375 0.10875019687500001 0.5497887828125 0.11333720781250001 0.5609172578125 0.11840735312499999 0.5664949953125 0.11400276250000001 0.582873909375 0 0.5507085859374999 0
0 0.210906946875 0.15255602968749998 0.2112586265625 0.1434852546875 0.2006502703125 0.1201023703125 0.1160059140625 0.06265970625 0.104777503125 0.091409303125 0.10847909062500001 0.1135530515625 0.1134808890625 0.12253038125 0.1963565703125 0.18091037968749998 0.20116065 0.17856036718749999 0.210906946875 0.15255602968749998
3 0.0546875 0.0953125 0.05 0.0703125
3 0.840625 0.53359375 0.0625 0.078125
3 0.97421875 0.83984375 0.0515625 0.0828125
3 0.54140625 0.009375 0.0234375 0.01875
2 0.04140625 0.34140625 0.0359375 0.046875
2 0.10703125 0.39765625 0.0359375 0.05
2 0.2515625 0.47421875 0.0359375 0.0453125
2 0.2921875 0.53671875 0.0328125 0.0453125
3 0.103125 0.21328125 0.0515625 0.0625
1 0.07578125 0.27578125 0.053125 0.0578125
1 0.121875 0.35859375 0.0484375 0.0578125
1 0.203125 0.4109375 0.0546875 0.0625
1 0.1984375 0.46171875 0.0578125 0.0625
1 0.25078125 0.3859375 0.0546875 0.0609375
1 0.30078125 0.45 0.059375 0.0609375
1 0.359375 0.42890625 0.059375 0.0609375
1 0.325 0.31796875 0.0546875 0.0546875
1 0.1609375 0.33515625 0.05625 0.0640625
1 0.51015625 0.33515625 0.0578125 0.065625
1 0.59609375 0.39609375 0.0578125 0.0671875
1 0.59140625 0.32734375 0.053125 0.0640625
1 0.71640625 0.4015625 0.0578125 0.0671875
1 0.6703125 0.57578125 0.0640625 0.06875
1 0.85078125 0.72265625 0.0640625 0.0734375
1 0.88828125 0.840625 0.0421875 0.05
1 0.62109375 0.59765625 0.059375 0.06875
1 0.51796875 0.50546875 0.0640625 0.0640625
1 0.37109375 0.53515625 0.0625 0.06875
2 0.528125 0.0765625 0.01875 0.059375
1 0.48359375 0.0703125 0.0328125 0.0828125
1 0.7140625 0.13046875 0.046875 0.078125
1 0.88125 0.490625 0.0578125 0.0671875
1 0.3953125 0.4921875 0.0578125 0.0609375
1 0.4890625 0.60703125 0.0609375 0.0671875
1 0.9640625 0.75546875 0.0703125 0.08125