0 0.5584171484375 0.26791095625 0.582238265625 0.1323952640625 0.58524725 0.0927212625 0.5824890140625001 0.0882635109375 0.567694846875 0.0802395546875 0.5649366125 0.079348003125 0.5604231375000001 0.079793778125 0.5561604109375 0.10520297187500001 0.5358497734375 0.2099601671875 0.53233929375 0.2576581234375 0.5436229796875 0.2647905296875 0.5584171484375 0.26791095625
0 0.38119260312500003 0.5156449984375 0.3857783796875 0.5125878140625 0.41357964375 0.3582000328125 0.4127198109375 0.35004754375 0.40870725781250006 0.3449522375 0.40412148124999997 0.3403664609375 0.39409009687499996 0.33425209375 0.3869248234375 0.3332330328125 0.37632021718750003 0.3811289125 0.376606828125 0.38061938125 0.3559708375 0.48762081406249996 0.36084322343749997 0.506982978125 0.3743139390625 0.5146259375 0.38119260312500003 0.5156449984375
0 0.399358775 0.28813764375 0.40869443437499997 0.2922868265625 0.4133622640625 0.28813764375 0.4315149359375 0.15674687812500002 0.43073696406249995 0.1456823921875 0.428143725 0.1369230078125 0.41803009375 0.1327738265625 0.411546996875 0.13092974531249998 0.4068791671875 0.1318517859375 0.4045452515625 0.1369230078125 0.38768919999999996 0.258171328125 0.388467171875 0.27569009843750003 0.389763790625 0.28444948281250004 0.399358775 0.28813764375
3 0.27421875 0.26328125 0.04375 0.05546875
3 0.75546875 0.50625 0.05859375 0.06640625
3 0.54296875 0.10859375 0.02421875 0.0609375
2 0.25546875 0.19296875 0.03203125 0.03828125
2 0.27578125 0.23046875 0.03125 0.03671875
2 0.31640625 0.24140625 0.02890625 0.03984375
2 0.353125 0.26015625 0.03046875 0.03671875
2 0.5375 0.1640625 0.0171875 0.05234375
2 0.90703125 0.9078125 0.03984375 0.04296875
2 0.9421875 0.51484375 0.0328125 0.04296875
1 0.13828125 0.19765625 0.0484375 0.0546875
1 0.35703125 0.3046875 0.04921875 0.05859375
1 0.475 0.2328125 0.0328125 0.08203125
1 0.69296875 0.67734375 0.05546875 0.05390625
1 0.7015625 0.7453125 0.0671875 0.06875
1 0.70078125 0.62265625 0.05546875 0.05390625
1 0.78125 0.71953125 0.06015625 0.06015625
1 0.509375 0.071875 0.02578125 0.075