1 0.1142478046875 0.8932698078125 0.14772635 0.8088879890625 0.132758390625 0.7874040812499999 0.1227227734375 0.7908600703124999 0.090971225 0.8704633078124999 0.1142478046875 0.8932698078125
1 0.12802129843750001 0.8919619593749999 0.1603909390625 0.9687907593749999 0.18279119531250002 0.9371443375 0.1490762484375 0.859800034375 0.13500471249999998 0.8617095109375 0.126865690625 0.876200278125 0.12802129843750001 0.8919619593749999
1 0.12944661562499998 0.9317358828125 0.123413990625 0.910955709375 0.11497462968750001 0.900849834375 0.0563841625 0.952559184375 0.06477279531249999 0.9931401937500001 0.0729058828125 0.9974020296875 0.1272625046875 0.9529466734375 0.12944661562499998 0.9317358828125
2 0.2609375 0.77890625 0.0421875 0.0375
1 0.1640625 0.58984375 0.0625 0.0609375
1 0.2875 0.47890625 0.0578125 0.0484375
1 0.0181078625 0.391996428125 0.0143498875 0.42090782187500003 0.01827975625 0.43300805625 0.0715182875 0.44897023437500005 0.0779056171875 0.4199210421875 0.074984153125 0.40190786718749993 0.0181078625 0.391996428125
1 0.0836402015625 0.44130284218750004 0.1390486796875 0.4483611609375 0.1365066125 0.39985563125 0.07868316875 0.3970259375 0.0766992828125 0.43463449218749994 0.0836402015625 0.44130284218750004
1 0.1215057296875 0.35258904687500003 0.11807642656249999 0.381483215625 0.1247887875 0.396367671875 0.1757101703125 0.3995590859375 0.17607310625 0.35617539374999996 0.16907093125 0.3483382328125 0.1215057296875 0.35258904687500003
0 0.30255785468749996 0.354820690625 0.28828609374999997 0.3403324046875 0.177616340625 0.3478903875 0.1782087859375 0.39063800312499997 0.19179258125 0.404576334375 0.2982060921875 0.41013361093749995 0.3060164453125 0.39566006875 0.30255785468749996 0.354820690625
3 0.150318965625 0.40557785625 0.1495743359375 0.45425563750000003 0.1717117703125 0.47419179062500005 0.2583356234375 0.47316808125 0.2554872828125 0.418818509375 0.2378982 0.40391806875 0.150318965625 0.40557785625
0 0.1006052578125 0.31852384843750003 0.016404601562500003 0.32176459999999996 0.010023204687499999 0.3320611890625 0.009331599999999999 0.375462109375 0.027516768749999997 0.389159290625 0.11829081718750001 0.38557404375000004 0.11756763125 0.33404314375 0.1006052578125 0.31852384843750003
1 0.27009269375 0.32018955312499997 0.268057125 0.293925821875 0.25762335 0.2897845609375 0.2132529625 0.292109915625 0.21066246562500002 0.2992777859375 0.2117815109375 0.33320766874999996 0.21955530156249997 0.33690232343750004 0.265630290625 0.33565965468750003 0.27009269375 0.32018955312499997
2 0.1410233796875 0.309959525 0.14342647656250002 0.343236103125 0.15481563125 0.3467412875 0.17954126718750002 0.33431129843749996 0.17805699218749999 0.3185668390625 0.1677598921875 0.304456259375 0.1410233796875 0.309959525
2 0.28671875 0.32890625 0.0359375 0.0390625
2 0.19296875 0.31015625 0.0390625 0.0328125
2 0.19921875 0.28203125 0.0359375 0.0359375
1 0.0864669203125 0.17452056093749999 0.08178419218750001 0.2046524375 0.0841543640625 0.21214633906249997 0.1274043640625 0.2450402484375 0.1340001515625 0.2388344875 0.14110607656250002 0.210919653125 0.133767003125 0.1966540515625 0.0864669203125 0.17452056093749999
1 0.188510659375 0.8764856562500001 0.2256736671875 0.9630253984375001 0.24643057656249998 0.9314651015625 0.2092511046875 0.832034021875 0.19930736875 0.8372432234374999 0.1866364578125 0.8595896156249999 0.188510659375 0.8764856562500001
2 0.553125 0.95859375 0.028125 0.0703125
2 0.5671875 0.7125 0.0453125 0.0390625
1 0.66953125 0.64609375 0.065625 0.0625
3 0.71875 0.59765625 0.0578125 0.04375
1 0.853125 0.64765625 0.0703125 0.0578125
1 0.91484375 0.61015625 0.0640625 0.0546875
1 0.8535086875 0.5919947109375 0.8521587875 0.5410826640625 0.7859654703125 0.5357615734375 0.7844222359375 0.544046578125 0.7844103671875 0.5815517812500001 0.8535086875 0.5919947109375
1 0.978304909375 0.7659452203125 0.9830854531250001 0.718813953125 0.919686496875 0.6787718796875 0.9143322640625 0.7212451375 0.9207772125 0.737315628125 0.978304909375 0.7659452203125
1 0.8507663937500001 0.5270914171875 0.8527041453124999 0.5703545390625 0.9221759281249999 0.5690577125 0.9127235703125001 0.514468234375 0.8507663937500001 0.5270914171875
1 0.5719357515625 0.4954095953125 0.5747959609375 0.5122539609375 0.6279001140625 0.5633837265625 0.64078311875 0.51992989375 0.5914780937499999 0.47211707656249996 0.5817629140625 0.46911017343749994 0.5719357515625 0.4954095953125
1 0.514159784375 0.342559084375 0.5509611999999999 0.403333378125 0.5670861078125 0.37142982343750003 0.530109159375 0.3135947765625 0.514159784375 0.342559084375
1 0.9003080265625 0.151793265625 0.9133510546875 0.1868562640625 0.9622121765625 0.14444694375 0.9430999578125 0.10677197187500001 0.9003080265625 0.151793265625
1 0.5327073203125 0.055028600000000004 0.5265274921875001 0.0125738078125 0.5057765187500001 0.025381503125 0.515674121875 0.1010439734375 0.5221108375 0.11066879375000001 0.535371896875 0.105871746875 0.5380766734375 0.0945958234375 0.5327073203125 0.055028600000000004
1 0.5588065921875 0.0185002484375 0.557455353125 0.0367373484375 0.57054776875 0.11047435937500001 0.588738871875 0.1054189390625 0.5898839515625001 0.08953668125 0.5781286109375 0.009869507812500001 0.5588065921875 0.0185002484375
1 0.578699034375 0 0.585692603125 0.059869878125 0.6100977999999999 0.05390278281250001 0.604599446875 0 0.578699034375 0
1 0.5278040828125 0 0.5317661046875 0.0433577453125 0.5356123234375 0.0601504375 0.55323796875 0.05688267968750001 0.5544749296875 0.0427536359375 0.5506414921875 0 0.5278040828125 0
3 0.54045278125 0.083337125 0.550960634375 0.1454894046875 0.5749146515625 0.13720191718750002 0.570004709375 0.10640075468750002 0.5620201640625 0.0546643984375 0.5413222156249999 0.06219523125 0.54045278125 0.083337125
2 0.48956029687499997 0.313375815625 0.47437565 0.2626028078125 0.4640950140625 0.2613835671875 0.458256678125 0.275753759375 0.47084259375000004 0.32724896875 0.48956029687499997 0.313375815625
1 0.45402551406249997 0.1447094671875 0.4741201046875 0.2262836375 0.4956426953125 0.20933344062499998 0.47336169687499996 0.12377179062500002 0.45402551406249997 0.1447094671875