0 0.294853546875 0.7464135796875 0.289647453125 0.7689636484375 0.2954063734375 0.7745346265624999 0.302448753125 0.7767260125 0.3146844671875 0.7803991328125 0.323761825 0.78249480625 0.329327025 0.7823658250000001 0.35073041250000003 0.7768450015624999 0.377352315625 0.6724312968749999 0.363887328125 0.6653639953125 0.339106009375 0.659360015625 0.32791363281249997 0.65988643125 0.31162354375 0.6694153703125 0.294853546875 0.7464135796875
3 0.3524689328125 0.8586817609375 0.35882177187500003 0.8573208125 0.3668997046875 0.8572064156250001 0.3763669890625 0.8554334453125 0.3833576671875 0.8491300421875 0.3888530984375 0.8427641937500001 0.41509816875 0.770498334375 0.40150922656250004 0.7639679390625 0.37273799531249996 0.75562900625 0.3614036015625 0.7589502515625 0.3562619703125 0.76596330625 0.350154553125 0.7815190046875 0.3557636671875 0.7833794921874999 0.3461338171875 0.8054737796874999 0.34215948125 0.8161494656249999 0.34061005 0.82286079375 0.339520309375 0.831940346875 0.33070643906249997 0.8417815 0.337129046875 0.846657415625 0.3378625 0.8521992218750001 0.343391575 0.8565860875 0.3524689328125 0.8586817609375
3 0.125450015625 0.34805629531250004 0.181600196875 0.3534649015625 0.1860372140625 0.35216474999999997 0.1886112828125 0.3454949 0.1872392734375 0.3402385453125 0.1813214328125 0.3345138328125 0.164865675 0.33187698125 0.14926441875000002 0.33001853593749997 0.143073265625 0.3277175015625 0.1045517875 0.3243448484375 0.104339609375 0.343182575 0.125450015625 0.34805629531250004
2 0.85390625 0.08203125 0.0375 0.0328125
2 0.8390625 0.21875 0.0390625 0.04375
2 0.97578125 0.575 0.0421875 0.028125
2 0.64765625 0.6171875 0.0640625 0.0375
2 0.26328125 0.81953125 0.0453125 0.0421875
2 0.2609375 0.74921875 0.04375 0.0421875
2 0.29765625 0.6640625 0.0375 0.0375
2 0.16328125 0.45703125 0.05625 0.0296875
2 0.47578125 0.24765625 0.05 0.040625
2 0.534375 0.18203125 0.04375 0.040625
1 0.84140625 0.125 0.05625 0.06875
1 0.79375 0.10546875 0.0640625 0.078125
1 0.74140625 0.1125 0.053125 0.0703125
1 0.76171875 0.17578125 0.0578125 0.0703125
1 0.14375 0.0140625 0.053125 0.028125
1 0.290625 0.01171875 0.071875 0.0234375
1 0.9453125 0.52578125 0.109375 0.0515625
1 0.75703125 0.51484375 0.103125 0.05
1 0.56171875 0.490625 0.1109375 0.0546875
1 0.6109375 0.3765625 0.1015625 0.0640625
1 0.3515625 0.475 0.0953125 0.0453125
1 0.4453125 0.7046875 0.053125 0.0578125
1 0.33125 0.88984375 0.05625 0.0671875
1 0.2703125 0.9171875 0.053125 0.0640625
1 0.03828125 0.47265625 0.0765625 0.0390625
1 0.1796875 0.48203125 0.090625 0.0453125
1 0.17578125 0.4375 0.0984375 0.0484375
1 0.10234375 0.3625 0.090625 0.04375
1 0.1140625 0.3125 0.09375 0.0453125
1 0.72734375 0.9578125 0.109375 0.059375
1 0.83359375 0.8875 0.1265625 0.0765625