0 0.541627128125 0 0.5592985578125 0.069647371875 0.5729339515625 0.07016898906249999 0.603973134375 0.0626111953125 0.6157874296875 0.041226465625 0.6060186171875 0 0.541627128125 0
0 0.6158799453125 0.1448227921875 0.6148617171875 0.13598607812500002 0.6031150609375 0.13495837500000002 0.5865562093750001 0.1386361765625 0.567668821875 0.1436970359375 0.5534220140625 0.15852182812499999 0.575662875 0.27174566875 0.5809586125 0.27639971406249997 0.5973623390625 0.2746612984375 0.622545521875 0.267913484375 0.6310403046874999 0.2618416703125 0.6385861765625 0.2522284703125 0.6416301 0.24344199843749997 0.6158799453125 0.1448227921875
3 0.4324615359375 0.7018269421875 0.443288209375 0.749787590625 0.48348641406250004 0.7386369515625 0.47288417968749996 0.6940322453125 0.46692420781250005 0.6868992296875 0.4527887828125 0.6895481125 0.440197190625 0.69292201875 0.4324615359375 0.7018269421875
3 1 0.45600303281250004 0.9775338031249999 0.46202283125 0.9216398531250001 0.4876273765625 0.9199499812499999 0.49643059687499996 0.9253406078124999 0.5014387796875 0.9345689453125001 0.5031412640624999 0.95326655 0.49737212656249996 0.9679020046875 0.4915527453125 0.97700079375 0.49025342656250004 1 0.4807756796875 1 0.45600303281250004
3 0.5352390312499999 0.1249205234375 0.5317840078125 0.1213024 0.526009934375 0.11830566093749999 0.511690640625 0.12284156718749999 0.50386803125 0.12843293281249998 0.49552112499999995 0.1320676 0.49184423437499997 0.13689765468749998 0.4866902046875 0.1431721 0.4882630921875 0.14904219375 0.4872547796875 0.15455532656249998 0.48227551718750006 0.161482003125 0.4972430359375 0.2382130015625 0.5236264078125 0.23463890156249997 0.5470790531249999 0.2294033765625 0.5543538156250001 0.2264055171875 0.5594120984375001 0.212816590625 0.555447965625 0.19570319375 0.5492134281250001 0.1956260796875 0.546933115625 0.1801586875 0.5491328656250001 0.176773021875 0.5472659140625 0.16748641875 0.546264425 0.15447260937500001 0.5387107828125 0.142515384375 0.5416650625 0.13962660468750002 0.54507980625 0.1338182015625 0.5434195359375 0.127621990625 0.5352390312499999 0.1249205234375
2 0.14800618906250002 0.30871565156249997 0.15041502499999998 0.336021803125 0.15906378593749998 0.33853551249999997 0.184334903125 0.33210921875 0.1871337984375 0.32652811875 0.17969129687500002 0.30333138593750003 0.1760214390625 0.29879341875 0.164942115625 0.29865638125 0.15260850312500002 0.3029964078125 0.14800618906250002 0.30871565156249997
2 0.301327671875 0.41843386875000005 0.285755553125 0.419845753125 0.2741983765625 0.4270834671875 0.27010695 0.453025625 0.274921575 0.4572568515625 0.2985933203125 0.45401975937500005 0.3066614421875 0.44978742499999996 0.30491125937499997 0.422649871875 0.301327671875 0.41843386875000005
2 0.62888275 0.12292673125 0.631893953125 0.127296103125 0.6397347734375 0.12450499687500001 0.6379546031250001 0.120150853125 0.645850184375 0.1152745875 0.6515972640625 0.109248603125 0.6514479734374999 0.104112384375 0.640547925 0.0863281578125 0.6266381953125 0.0893650953125 0.6180839625 0.094072765625 0.60850274375 0.1018162671875 0.6200929562499999 0.1221762171875 0.62888275 0.12292673125
2 0.67906490625 0.1201779859375 0.669107096875 0.1242264984375 0.6727469703125 0.1515478765625 0.677130240625 0.15416927656249999 0.679482790625 0.15837005312500002 0.6864376562500001 0.156851584375 0.687605671875 0.15205255625 0.697649753125 0.1483260078125 0.7024478578125 0.13875840625 0.7002513312499999 0.12140273125 0.696495203125 0.1165427984375 0.67906490625 0.1201779859375
2 0.6507923703125 0.154324859375 0.653803575 0.15869423124999998 0.66067216875 0.156853796875 0.66069541875 0.1523615078125 0.6728482312499999 0.1404781359375 0.6661821640625 0.12017909375 0.661571590625 0.11899892187500001 0.641797003125 0.1253327515625 0.6283816437499999 0.1347937703125 0.640285428125 0.154034453125 0.6451548125000001 0.15618051875 0.6507923703125 0.154324859375
2 0.6414047843749999 0.25208273124999997 0.6471368703125 0.25744845 0.649834503125 0.2629370875 0.65824770625 0.2599926140625 0.6636812109375 0.25508589531250003 0.670432028125 0.25051636875 0.67403060625 0.24334066875000002 0.6694267671875 0.2238693765625 0.6523963125 0.226707265625 0.6366831656249999 0.22988234687500003 0.6414047843749999 0.25208273124999997
2 0.9716803625000001 0.33992226406250003 0.9744993 0.33900384375 0.9700715078125001 0.3224790984375 0.9660495390625 0.3234868046875 0.9573227640624999 0.32755054375000003 0.9616595328124999 0.33915652500000004 0.9716803625000001 0.33992226406250003
1 0.6458217234375 0.16324853125 0.6365540765625 0.16987276874999999 0.6420056265625 0.2039554171875 0.6506709046875 0.22026795937500002 0.6652160359375 0.2218919046875 0.6814385484375001 0.2137492015625 0.68764023125 0.20484075468750002 0.6787228734374999 0.169271196875 0.6779149328125 0.16396638125000002 0.669234659375 0.1590455421875 0.6458217234375 0.16324853125
1 0.5431782953125001 0.0823961875 0.533680296875 0.0400805828125 0.5245454234375 0.03804220625 0.500905184375 0.043686425 0.49336294531249997 0.056749968750000004 0.49546646718750004 0.0920748 0.5022653078125 0.10371123125 0.5251373734375 0.1020687390625 0.5397605140625 0.0971152359375 0.5431782953125001 0.0823961875
1 0.58578149375 0.1337855140625 0.5933087421875001 0.1321136765625 0.5990475640625 0.1191882765625 0.59675650625 0.09461121875 0.5937602953125001 0.07885014375 0.589486546875 0.0720584171875 0.569680446875 0.0759851203125 0.5577466765625 0.0795278453125 0.5568374734375 0.08529276875 0.560007746875 0.1268883125 0.56471285 0.13528986406250001 0.58578149375 0.1337855140625
1 0.5154970718749999 0.29962285624999996 0.5175112765625001 0.28424465 0.5115503640625 0.255129625 0.507503915625 0.2468966703125 0.480829221875 0.25266380625 0.47236125937500006 0.2576934421875 0.4723695171875 0.26459285625 0.47702138281249995 0.30027010625 0.4868779296875 0.3072913328125 0.498929478125 0.30647769999999996 0.5154970718749999 0.29962285624999996
1 0 0.333190209375 0.0125622375 0.3298241671875 0.0898241390625 0.2770293296875 0.0845466546875 0.2687811484375 0.0627795890625 0.2608103578125 0.045121990625000004 0.265886778125 0 0.2961658921875 0 0.333190209375
1 0 0.2535896625 0.051187853125 0.21525987343750003 0.04660053125 0.20958741406249998 0.029271496875000004 0.20215286406250002 0.011527628125 0.20690732031249998 0 0.215171196875 0 0.2535896625
1 0.0767875328125 0.1963226109375 0.098350546875 0.20124234218749998 0.113200990625 0.1948476078125 0.11744996562500001 0.180941084375 0.1067937328125 0.17551445937500001 0.041587065625 0.158823471875 0.031338934375 0.1594989625 0.013148721875 0.17403529375 0.0136746046875 0.182866503125 0.0767875328125 0.1963226109375
1 0.40347609375 0.6119153953125 0.404753634375 0.60294604375 0.3982038203125 0.5601855578125 0.3889196546875 0.5530109624999999 0.371089515625 0.5574434515625 0.3581287625 0.5640220078125 0.360512821875 0.5706299109375 0.3658315984375 0.613375171875 0.37279472187499996 0.61875611875 0.3873631046875 0.6158877781250001 0.40347609375 0.6119153953125
1 0.6109509656250001 0.520779284375 0.5573375609375 0.574829315625 0.5600351921875 0.5803179546874999 0.5794264578125 0.58858025625 0.5901291890625 0.5850223046874999 0.6416023546875 0.53672196875 0.6467455421875 0.5284422281250001 0.6459060875 0.5207302859375 0.6238569609375 0.5162858890625001 0.6109509656250001 0.520779284375
1 0.5642709515625 0.8662907343749999 0.556876478125 0.8592999609374999 0.535525771875 0.864330703125 0.52634439375 0.871276903125 0.52222819375 0.8765208124999999 0.5360629593749999 0.9304423953125 0.5490634828125 0.9331703828125001 0.5749069828125 0.9265907203125 0.578764371875 0.9203809140624999 0.5642709515625 0.8662907343749999
1 0.5469569109375 0.8474644796874999 0.5432375031250001 0.80153001875 0.5404220921875 0.7933122890625001 0.535780009375 0.789724990625 0.5211801171875 0.79018620625 0.503836090625 0.7941433609375 0.49943782812500004 0.8029136640625 0.5027971609375 0.8589519671874999 0.5110460828125001 0.8622629796875 0.5446756374999999 0.8549773734375 0.5469569109375 0.8474644796874999
2 0.07281867656249999 0.6613015515625 0.0640698421875 0.6625508953125 0.051804649999999994 0.66036285625 0.027196328125000002 0.6673243249999999 0.031965215625 0.6851220546875 0.060604278125 0.6762532984375 0.06692291875 0.668355803125 0.074004815625 0.66572828125 0.07281867656249999 0.6613015515625
1 0.394257028125 1 0.394533690625 0.9999185687500001 0.40088565625 0.9945669078125 0.3910141078125 0.9431970281250001 0.3842551171875 0.9373438109375 0.3657871171875 0.9386426374999999 0.3512916828125 0.9450814390625 0.3476682265625 0.9533516578125001 0.358957909375 1 0.394257028125 1
1 0.45442666249999997 0.9013880046875 0.46250348125 0.8952092031250001 0.4566044984375 0.8489793000000001 0.45074918750000004 0.8392342828125001 0.4327040703125 0.8396898671875 0.417238303125 0.844928803125 0.41271116875 0.8570908218750001 0.41930675781250004 0.9034990359374999 0.4236109640625 0.9074552515625 0.4362657125 0.9062542171875 0.45442666249999997 0.9013880046875
1 0.51232911875 0.9358734156249999 0.505585984375 0.9179720734375 0.49068352343750005 0.9132059953124999 0.4725225734375 0.9180722078124999 0.4640316078125 0.932391228125 0.47631588125 0.9758153015625 0.4848909671875 0.9811818984375 0.5026290343750001 0.9771589281249999 0.5164857796875 0.968336503125 0.51232911875 0.9358734156249999
1 0.7646965796875 0.44905960624999997 0.78082224375 0.45992729218750006 0.79068351875 0.4559923296875 0.8477211171875 0.42228899999999997 0.8468029156249999 0.41671814375 0.8412733734375 0.411090246875 0.8362285703125 0.40727142968749996 0.8270058828125 0.4071573578125 0.8142516296875 0.41316013281249997 0.7904102125 0.4292432375 0.765709609375 0.4442639171875 0.7646965796875 0.44905960624999997
1 1 0.4341737515625 0.9972635109375 0.4239610359375 0.9561334828125 0.43790175312499996 0.9483131531250001 0.44737841562499997 0.9525155406250001 0.45790693125 0.9646353781249999 0.459321246875 1 0.446788259375 1 0.4341737515625
1 1 0.481885328125 0.9775955484375001 0.4896467515625 0.9617158765625 0.49739805937500003 0.965600725 0.51189650625 0.9778176828125 0.5136732828125 1 0.50656149375 1 0.481885328125