0 0.7662414421875 0.69902478125 0.7631621234375 0.7041598578125 0.7601828375 0.7084802406249999 0.7589334375 0.714666978125 0.7671337390625 0.7236679421875001 0.8062622921875 0.74004998125 0.9588675875 0.8015146124999999 0.9672415328125 0.7973776171875 0.971508009375 0.76262995625 0.7901521046875 0.6917612796875 0.7810515203125 0.6900925515624999 0.7744790796875 0.6917664828125 0.7662414421875 0.69902478125
0 0.8340069281250001 0.5713121546875 0.826921303125 0.581952 0.8259225203125 0.59008643125 0.8559738781249999 0.59878055625 0.9873245984375 0.633814175 0.992456575 0.592017578125 0.8640334609375 0.5584848171875 0.8483721921875 0.559314209375 0.8418473953125 0.5617658484375 0.8340069281250001 0.5713121546875
0 0.47044694531250003 0.4851172265625 0.48535731249999997 0.4848544859375 0.4959541515625 0.4730712140625 0.49843615 0.464216884375 0.48130080937499997 0.45609410468749995 0.319729821875 0.41636739531250005 0.304329765625 0.4168316984375 0.2960981109375 0.42707356093750004 0.29420076562499997 0.434952925 0.294610371875 0.4391902265625 0.3046754515625 0.441734503125 0.4477984046875 0.4802428328125 0.47044694531250003 0.4851172265625
0 0.1451220015625 0.540187746875 0.264957996875 0.5719574859375001 0.2783891703125 0.574215759375 0.302213375 0.5740953375 0.307435921875 0.5668178562499999 0.309913584375 0.558391165625 0.3069014765625 0.5476660609375 0.160484846875 0.5120234984375001 0.148964975 0.511827303125 0.140422578125 0.5138240921875 0.13627921875 0.5181884171875 0.133678753125 0.5276152515625 0.13210835781250002 0.534528984375 0.13463219843750002 0.5374784515625 0.1451220015625 0.540187746875
0 0 0.5101118 0.006473378125 0.5117933515625 0.10799316249999999 0.54172023125 0.1411673171875 0.5447782828125 0.14417082187500002 0.540883134375 0.136002715625 0.5163270671875 0.018225384375 0.485419234375 0.0009210156250000001 0.48532496875 0 0.486751221875 0 0.5101118
3 0.121875 0.78984375 0.0609375 0.053125
3 0.24375 0.67109375 0.0625 0.0515625
3 0.28046875 0.484375 0.134375 0.046875
3 0.81484375 0.1671875 0.103125 0.0953125
2 0.92421875 0.1796875 0.0484375 0.0453125
3 0.715625 0.546875 0.096875 0.0421875
2 0.78984375 0.57890625 0.06875 0.0328125
2 0.8015625 0.5296875 0.065625 0.0296875
2 0.24140625 0.415625 0.05625 0.025
2 0.1125 0.39609375 0.0578125 0.025
2 0.0421875 0.3421875 0.0546875 0.0234375
2 0.19140625 0.684375 0.04375 0.0359375
2 0.21328125 0.6390625 0.046875 0.034375
1 0.02109375 0.903125 0.0421875 0.053125
1 0.1046875 0.85234375 0.08125 0.0640625
1 0.06328125 0.8203125 0.0625 0.0578125
1 0.13515625 0.91953125 0.071875 0.0609375
1 0.20859375 0.8328125 0.06875 0.0609375
2 0.178125 0.76328125 0.0421875 0.0375
2 0.1453125 0.70390625 0.04375 0.0375
2 0.00859375 0.59296875 0.0171875 0.0328125
1 0.43671875 0.66015625 0.0515625 0.0609375
1 0.41484375 0.57890625 0.096875 0.0671875
1 0.778125 0.31484375 0.0796875 0.078125
1 0.70703125 0.309375 0.0625 0.0640625
1 0.88671875 0.1015625 0.078125 0.0796875
1 0.25546875 0.7828125 0.0625 0.059375