0 0.306311384375 0.8350297265625001 0.3460555875 0.6580319718750001 0.34485121875 0.6466127625 0.329997325 0.635907253125 0.319960909375 0.63305245 0.3143405171875 0.6380483546875 0.2771263328125 0.787079190625 0.2749977703125 0.7914939875 0.27459631406249996 0.8107639046875 0.283428359375 0.8257516171875 0.2994866234375 0.8336023234375001 0.306311384375 0.8350297265625001
0 0.27620214062500004 1 0.31594634374999997 0.860009246875 0.3155448875 0.8500174390625 0.298282253125 0.834316025 0.2902531203125 0.8364571265625 0.2830269015625 0.8378845281249999 0.234450653125 0.9991808687500001 0.23164045781249998 0.9984671671875001 0.2352535671875 1 0.27620214062500004 1
0 0.5910123281249999 0 0.5679802296875 0.11047681406250001 0.562765415625 0.152967896875 0.56406911875 0.1606935484375 0.58623208125 0.1715094609375 0.5905777609375 0.1637838078125 0.6183901046875 0 0.5910123281249999 0
0 0.46361507187499995 0.06999905625 0.4597548296875 0.0535286890625 0.4524203703125 0.04529350625 0.445471934375 0.042548446875 0.4396815703125 0.043920976562500005 0.40918565781250005 0.1619586 0.41034373124999995 0.1935268015625 0.42887289375000004 0.203134515625 0.43427723125 0.1948993328125 0.46361507187499995 0.06999905625
3 0.7736132953125 0.7627564234374999 0.7651645265625 0.76340946875 0.7592871234375 0.7751642765625 0.758552446875 0.79214344375 0.7592871234375 0.7947556234375 0.8070410296875 0.8280609125 0.8107144078124999 0.8215304625 0.814020446875 0.7882251734375 0.7736132953125 0.7627564234374999
3 0.0282200796875 0.40402792656250003 0.03461663125 0.4067036078125 0.0270912765625 0.3812846328125 0.001128803125 0.339142646875 0 0.4227576984375 0.01392190625 0.422088778125 0.0282200796875 0.40402792656250003
2 0.09346689531249999 0.3656928765625 0.08483340624999999 0.35301374375 0.06906790625 0.3410019359375 0.064938846875 0.3410019359375 0.060809787500000004 0.3550157125 0.0660649546875 0.3676948453125 0.0814550859375 0.38371059218750003 0.0863348828125 0.3810413015625 0.09346689531249999 0.3656928765625
2 0.1681653375 0.3696968140625 0.1651623859375 0.3630235859375 0.1591564796875 0.3556830359375 0.1433909796875 0.34567319375 0.137385075 0.3610216171875 0.14414171874999998 0.37370074999999997 0.15690426562499998 0.39038381875 0.1614086953125 0.3883818515625 0.1681653375 0.3696968140625
2 0.2188401609375 0.44777357812499996 0.22371995781249998 0.4304231859375 0.22034163593749997 0.4224153125 0.2150864703125 0.4144074390625 0.201573184375 0.403730275 0.19669338593750002 0.4097361796875 0.19556727812500002 0.417744053125 0.1925643265625 0.4150747625 0.194065803125 0.417744053125 0.195191909375 0.4264192484375 0.19932096875 0.43175783125 0.21358499375 0.4517775140625 0.2188401609375 0.44777357812499996
2 0.19932096875 0.172836596875 0.19556727812500002 0.1674980140625 0.1903121125 0.15148226874999998 0.178675671875 0.1388031359375 0.1734205046875 0.1434743953125 0.1696668140625 0.1548188828125 0.17191902812499998 0.1668306921875 0.186558421875 0.1808444703125 0.1925643265625 0.17950982499999998 0.19781949375000002 0.180177146875 0.19932096875 0.172836596875
2 0.1437367984375 0.10847076250000001 0.14520349999999999 0.10221283437499999 0.141683415625 0.09647639999999999 0.140510053125 0.0876110015625 0.13405656562499998 0.0787456015625 0.12378965 0.0672727328125 0.11616280000000001 0.081353071875 0.119682884375 0.09647639999999999 0.13317654375000001 0.10794926875 0.1390433515625 0.1063847875 0.1437367984375 0.10847076250000001
2 0.1892045609375 0.0464129703125 0.1859778171875 0.0396335484375 0.1830444125 0.0255532078125 0.166324009375 0.016687809375 0.16280392500000002 0.0234672328125 0.16104388281249998 0.0338971125 0.16221724375 0.044848489062500003 0.163097265625 0.0516279109375 0.1633906046875 0.051106417187499996 0.17747094531250002 0.054235381250000006 0.1830444125 0.05319239375 0.18891122031250002 0.0516279109375 0.1892045609375 0.0464129703125
2 0.2681131296875 0.06414376875 0.2716332140625 0.06414376875 0.2716332140625 0.05632135781249999 0.2684064703125 0.0526708984375 0.26165964062499997 0.0427625125 0.2449392375 0.0417195234375 0.24317919531249998 0.0568428515625 0.245232578125 0.0766596265625 0.2554994921875 0.07509514375000001 0.266059746875 0.07196617968749999 0.2681131296875 0.06414376875
2 0.3674766578125 0.5464575218750001 0.35065025312500003 0.5395132921875 0.34403988124999996 0.5496625515625 0.34403988124999996 0.5619484984375 0.3467441234375 0.5710294140625 0.3470445953125 0.5694269000000001 0.3677771296875 0.5838495328125 0.37198373125 0.580644503125 0.3755893890625 0.557140953125 0.3674766578125 0.5464575218750001
2 0.3806974046875 0.49143784999999995 0.3713827875 0.4834252765625 0.356659684375 0.47754938906250005 0.35004931093749997 0.48449361875 0.35004931093749997 0.4951770515625 0.35275355468749997 0.5053263109375 0.37078184531249997 0.5186805999999999 0.376791275 0.5186805999999999 0.3800964625 0.4994504234375 0.3806974046875 0.49143784999999995
2 0.41615304374999995 0.5875887328125 0.405035596875 0.580644503125 0.3966223953125 0.5785078171875 0.3918148515625 0.580644503125 0.38881013593749997 0.5923962781250001 0.3918148515625 0.60361388125 0.40984314218750006 0.6158998265625 0.4146506859375 0.6148314828125 0.41825634375 0.597203821875 0.41615304374999995 0.5875887328125
2 0.46783414375000004 0.5902595921875 0.449204909375 0.58011033125 0.4428950078125 0.585452046875 0.438988878125 0.5923962781250001 0.4407917078125 0.6004088515625 0.4431954796875 0.6062847390625 0.44409689375 0.6062847390625 0.4651299 0.6265832578125 0.4681346140625 0.6217757140625 0.47113932968750005 0.60147719375 0.46783414375000004 0.5902595921875
2 0.3834016484375 0.8119407953125 0.379195046875 0.8044623937500001 0.37348608906249997 0.8049965640625001 0.368979015625 0.8135433109375001 0.3626691140625 0.8365126875 0.3599648703125 0.8504011484375 0.361467228125 0.8605504078124999 0.3728851453125 0.8680288109375001 0.37739221875 0.8664262968750001 0.3834016484375 0.8204875406250001 0.3834016484375 0.8119407953125
2 0.5973373640624999 0.3600316421875 0.602144909375 0.3600316421875 0.6033467953125 0.3541557546875 0.601543965625 0.345609009375 0.599440665625 0.334925578125 0.5871213328125 0.3253104890625 0.5811119031249999 0.32263963125 0.5766048296874999 0.33813060781250004 0.5742010578125 0.35201906875 0.578407659375 0.357360784375 0.5922293484375001 0.36270250000000004 0.5973373640624999 0.3600316421875
2 0.5465576796875 0.1303378640625 0.54745909375 0.141021296875 0.5483605078125 0.1527730703125 0.5519661671875 0.15384141406250001 0.5540694671875 0.1468971828125 0.5588770109375 0.139952953125 0.5630836125 0.1132443734375 0.5618817265625 0.10683431406249999 0.5540694671875 0.102026771875 0.549862865625 0.10362928593750001 0.5477595656250001 0.116449403125 0.5465576796875 0.1303378640625
2 0.9829108171875 0.6161456578125 0.9699093515625 0.6022774265625 0.9624799421875 0.6022774265625 0.9587652375 0.604258603125 0.9543075921874999 0.6181268328125 0.9543075921874999 0.62737231875 0.9550505328125001 0.6280327109375 0.9795675828125001 0.6518068203125 0.9873684624999999 0.6471840765625 0.9903402265624999 0.62737231875 0.9829108171875 0.6161456578125
1 0.77340148125 0.6405801578125 0.74182649375 0.6227495765625 0.7291964984375 0.617466440625 0.72139561875 0.6168060484375 0.7161950328125 0.626711928125 0.7135947390624999 0.6405801578125 0.7165665031249999 0.6518068203125 0.7626288390625 0.6841660234375 0.76931530625 0.6749205375 0.7715441296875001 0.6617126984375 0.77340148125 0.6405801578125
1 0.6560168187500001 0.651146428125 0.6560168187500001 0.6319950624999999 0.6419009421874999 0.6234099671875 0.624070359375 0.6121833062500001 0.6121833062500001 0.6075605625 0.6047538968749999 0.6075605625 0.6017821328124999 0.6240703609375 0.6010391921875 0.6366178062500001 0.6248133015625 0.6524672125000001 0.6419009421874999 0.6650146578125 0.65193064375 0.6689770109375 0.6560168187500001 0.651146428125
1 0.5397465671874999 0.5184076531249999 0.53863215625 0.507180990625 0.5048283453125 0.48802962499999997 0.4955415828125 0.48802962499999997 0.490340996875 0.49463354375 0.48922658593749996 0.5091621671875 0.490340996875 0.5197284375 0.4918268796875 0.5236907890625 0.528602453125 0.5421817625 0.535288921875 0.540860978125 0.5382606859375 0.5309551 0.5397465671874999 0.5184076531249999
1 0.407131615625 0.5421817625 0.40898896875 0.5553896015625 0.419390140625 0.5639746953125 0.44910777656249995 0.5778429265625 0.454679834375 0.57586175 0.458766009375 0.5646350875 0.4606233609375 0.5487856812499999 0.45653718593750003 0.5382194109375 0.423476315625 0.521049221875 0.4156754359375 0.5197284375 0.40973190937500004 0.5283135328124999 0.407131615625 0.5421817625
1 0.3896725046875 0.3625551609375 0.38447191875 0.3506681078125 0.3465819328125 0.32821478125 0.3413813453125 0.332837525 0.3369237 0.35000771406250003 0.340266934375 0.361234378125 0.34509605 0.3684986890625 0.36961309999999997 0.38038574375 0.3829860359375 0.3863292703125 0.386700740625 0.37576299999999996 0.3896725046875 0.3625551609375
1 0.5107056437499999 0.16166315625 0.5171591328125 0.155926721875 0.528012728125 0.101169846875 0.5250793234375 0.08813249375 0.519212515625 0.0844820359375 0.5139323890624999 0.0844820359375 0.507772240625 0.09647639999999999 0.49838534687499997 0.14080339375 0.49926536875 0.1527977578125 0.503372134375 0.15957717968750001 0.5107056437499999 0.16166315625
1 0.4596644140625 0.4761240703125 0.4444107125 0.4677801640625 0.42798365 0.45995775468750005 0.4218235015625 0.457350284375 0.41419665156249996 0.4568287890625 0.40891652343749996 0.47873153906250004 0.41155658749999996 0.4886399265625 0.4171300546875 0.49176889218750003 0.416836715625 0.4922903859375 0.44793079843749994 0.5074137125 0.45643766875 0.5094996890625 0.45995775468750005 0.49176889218750003 0.4596644140625 0.4761240703125
1 0.8571492812500001 0.5605502375 0.845121125 0.550367671875 0.82936996875 0.5381485921875 0.8170554296875 0.5294934125 0.807031965625 0.5340755671874999 0.8038817343750001 0.5508767999999999 0.8073183515625001 0.5630958781250001 0.809609428125 0.5692054171875001 0.8405389718749999 0.5951709609375 0.853139896875 0.5992439875 0.8588675890624999 0.5824427531249999 0.8571492812500001 0.5605502375
1 0.936764215625 0.6440472749999999 0.9284590609375 0.64506553125 0.924163290625 0.6588119953125 0.9227313687500001 0.6695036890625 0.923590521875 0.675613228125 0.9278862921875 0.6812136390625 0.9281726765625 0.68172276875 0.929890984375 0.6791771265625 0.92915695 0.68265699375 0.961966065625 0.71379785 0.9719895296875001 0.7199073890625 0.9759989140625001 0.7122704640624999 0.979721915625 0.6990331296875001 0.9788627609375 0.6883414359375 0.9757125296875 0.6807045109375001 0.9444966015625 0.6471020453125 0.936764215625 0.6440472749999999
1 0.9676937593750001 0.7937309890625001 0.9321820625000001 0.763692421875 0.9233041375000001 0.7580920109375 0.9141398281249999 0.7555463687499999 0.90755298125 0.76725631875 0.9061210578125 0.7820210390625 0.9086985203125 0.7916944765625 0.9596749890625 0.836497765625 0.967407375 0.8237695578125 0.9728486828125 0.8018770421875001 0.9676937593750001 0.7937309890625001
1 0.84712581875 0.76420155 0.8436892031250001 0.755037240625 0.8273652765625 0.7433272890625 0.8107549671875001 0.732635596875 0.79987235 0.72652605625 0.7915671953125 0.7295808265625 0.787557809375 0.7428181625 0.7892761171875 0.757073753125 0.83824789375 0.7901670921874999 0.8436892031250001 0.7855849375 0.8459802796875 0.77285673125 0.84712581875 0.76420155
1 0.734003878125 0.7290716984375 0.690187025 0.7000513859375 0.67959079375 0.7046335406249999 0.6755814078125 0.723980415625 0.679877178125 0.736708621875 0.7251259546875 0.76725631875 0.7314264171875 0.76420155 0.734003878125 0.7474003171875 0.734003878125 0.7290716984375
1 0.746032034375 0.6868140515625 0.742881803125 0.68172276875 0.707942875 0.6618667640625 0.698778565625 0.6583028671875 0.6927644875000001 0.6700128171874999 0.692478103125 0.6847775375 0.69963771875 0.6954692312499999 0.7382996484375 0.7183800046875 0.7431681875 0.7178708765625 0.74574565 0.7020878984375 0.746032034375 0.6868140515625
1 0.5565567796875001 0.5765840359375 0.5509064578125 0.56804576875 0.5229373609375 0.5564939984375 0.5127667796875001 0.5524759921875 0.504856328125 0.55699625 0.5011836187500001 0.5715615265625 0.5011836187500001 0.583113296875 0.506833940625 0.5891403078125 0.54497361875 0.60923034375 0.55373161875 0.6067190890624999 0.5565567796875001 0.5896425578125 0.5565567796875001 0.5765840359375
1 0.5983691671875 0.6468991609375 0.5893286515625 0.6418766515625001 0.5641847156249999 0.6258046234375 0.553449103125 0.6202798640625 0.5483638125 0.631831634375 0.545256134375 0.6499126671875 0.55175400625 0.65744643125 0.586503490625 0.6800477203125 0.5946964578125 0.6780387171875 0.599216715625 0.6614644375000001 0.5983691671875 0.6468991609375
1 0.2065684078125 0.13895292343750001 0.2110347515625 0.1275389328125 0.20824328749999999 0.1200950265625 0.1931693765625 0.104710953125 0.1792120515625 0.09478574375 0.1694419234375 0.0853567953125 0.1585552109375 0.10619973437500001 0.16218411562499999 0.11513242187499999 0.19428596250000002 0.14838187187500002 0.200985478125 0.149870653125 0.2065684078125 0.13895292343750001
1 0.20135035937499998 0.3470947265625 0.19975655625 0.339066684375 0.1923188125 0.3286774546875 0.161770934375 0.30648228125 0.15672389375 0.30601004375 0.1522081203125 0.3140380859375 0.14742671406250002 0.32489955312499996 0.148223615625 0.3300941671875 0.153005021875 0.3414278734375 0.1917875453125 0.372123325 0.197365853125 0.35984514375 0.20135035937499998 0.3470947265625
1 0 0.20412892187499998 0.0027209125 0.21090097187499998 0.030746314062500002 0.24331006562500002 0.0345555921875 0.23895660468750002 0.040269509375 0.22396135312499998 0.042174148437499996 0.2191241734375 0.0397253265625 0.21186840624999997 0.010067376562499999 0.1814682671875 0.010067376562499999 0.180910465625 0.009251103125 0.17994303125 0.0057139171875 0.181394184375 0.0008162734374999999 0.18913366874999998 0 0.20412892187499998
1 0.1195764515625 0.2805566359375 0.11297193750000001 0.271905109375 0.09941530625 0.2595457859375 0.0851634609375 0.25027629375 0.0782113421875 0.25460205625 0.072997253125 0.26078171875 0.071606828125 0.2725230765625 0.0740400703125 0.2817925671875 0.1056722125 0.30527528125000003 0.11158151406250001 0.304657315625 0.116795603125 0.2929159578125 0.1195764515625 0.2805566359375
1 0.2500170078125 0.22525165625 0.2466259015625 0.21648273593749998 0.2330614765625 0.20661769843750002 0.217955640625 0.1956565484375 0.2105568625 0.18962791406249999 0.2056243453125 0.1929162609375 0.20254152187500002 0.20661769843750002 0.2022332390625 0.215934678125 0.20377465 0.22086719531250001 0.237069146875 0.2455297859375 0.24354307656250002 0.24498172812500002 0.2481673125 0.2378569796875 0.2500170078125 0.22525165625
1 0.8635563703125 0.3341183015625 0.8577688671875 0.321663325 0.8504583359375 0.30650074374999997 0.8349234593749999 0.28267383125 0.8309635890625 0.2788831859375 0.82487148125 0.28267383125 0.8163425296875 0.2994609734375 0.8142102921875001 0.30487618125 0.8507629421875 0.359569778125 0.8577688671875 0.3584867359375 0.8629471593750001 0.3471148 0.8635563703125 0.3341183015625
2 0.159375 0.4203125 0.0328125 0.05703125
1 0.63828125 0.4328125 0.04921875 0.06015625
1 0.7236328125 0.503472221875 0.7197265625 0.503472221875 0.71484375 0.512152778125 0.712890625 0.5295138890625 0.7158203125 0.5381944437499999 0.7255859375 0.5416666671875 0.7451171875 0.559027778125 0.759765625 0.5607638890625 0.763671875 0.5538194437499999 0.763671875 0.5399305562500001 0.7587890625 0.527777778125 0.7236328125 0.503472221875
1 0.13046875 0.1515625 0.0453125 0.05546875
1 0.02265625 0.03984375 0.04453125 0.07109375
1 0.46328125 0.40390625 0.05546875 0.05703125
1 0.90703125 0.83359375 0.059375 0.07578125
2 0.90546875 0.88515625 0.03984375 0.04921875
2 0.85625 0.74140625 0.0359375 0.046875
2 0.64140625 0.85625 0.034375 0.04140625
2 0.63203125 0.90703125 0.03359375 0.0421875
2 0.7546875 0.8203125 0.0359375 0.04609375
1 0.2921875 0.46171875 0.0515625 0.05703125
1 0.24765625 0.3796875 0.04765625 0.05703125
1 0.28828125 0.21640625 0.04765625 0.0546875
1 0.346875 0.2484375 0.05 0.05546875
1 0.42890625 0.3328125 0.0484375 0.05546875
1 0.71015625 0.1640625 0.0359375 0.07578125
1 0.05234375 0.30625 0.05078125 0.059375
1 0.23359375 0.184375 0.046875 0.05546875