0 0.3176099984375 0.72055126875 0.3256047578125 0.7227047390625 0.3311768625 0.7227047390625 0.3609755125 0.5465508421874999 0.3585528578125 0.54095181875 0.3544343453125 0.5383676546875 0.3445014625 0.53276863125 0.336022171875 0.5319072421875 0.33093459687500004 0.5314765484375 0.32463569531249997 0.564639996875 0.301620478125 0.69126406875 0.30234727499999997 0.69944725625 0.305254459375 0.712798775 0.3176099984375 0.72055126875
0 0.3208940890625 0.855929328125 0.32041763125 0.8478824921875001 0.3151766 0.8419532437499999 0.3085061953125 0.83687103125 0.3013593328125 0.832635853125 0.2949271578125 0.83390640625 0.2913537265625 0.835600478125 0.28682738125 0.8402591718749999 0.2796805203125 0.8686348609375001 0.24680495625 0.9986548031250001 0.28706560937500003 0.9995018375000001 0.3192264875 0.8643996828124999 0.3208940890625 0.855929328125
0 0.5703572703125 0 0.5518820234375 0.104165203125 0.5484509046875 0.129971896875 0.5468673125 0.1506172515625 0.5471312453125 0.16093992968749998 0.558480325 0.16657048125 0.566926153125 0.1703241828125 0.5724687265624999 0.16657048125 0.5946083484375 0.022644043750000002 0.5948105265625 0 0.5703572703125 0
2 0.0984375 0.09921875 0.0296875 0.04375
2 0.53671875 0.12890625 0.01875 0.0515625
3 0.54453125 0.071875 0.02421875 0.0625
2 0.90234375 0.90234375 0.040625 0.04375
1 0.95859375 0.6734375 0.05390625 0.0734375
1 0.73203125 0.2171875 0.04296875 0.0859375
1 0.68828125 0.671875 0.05546875 0.05625
1 0.6953125 0.61796875 0.05546875 0.05390625
1 0.33671875 0.84609375 0.02421875 0.06640625
1 0.35078125 0.73203125 0.021875 0.06171875
1 0.37734375 0.878125 0.02109375 0.0640625
1 0.35546875 0.97109375 0.02421875 0.05703125
1 0.4609375 0.60078125 0.03046875 0.0546875
1 0.1046875 0.334375 0.04921875 0.0671875
1 0.0609375 0.3875 0.05390625 0.0640625
1 0.05234375 0.28984375 0.05078125 0.05859375
1 0.4328125 0.3421875 0.046875 0.05625
1 0.559375 0.4015625 0.05078125 0.0546875
1 0.49453125 0.12578125 0.0296875 0.07890625