0 0.0729679328125 0.5965193375 0.072835540625 0.6011493578125 0.07393991093749999 0.6038959312500001 0.0831647109375 0.618396703125 0.087900571875 0.6208893375 0.12808653750000001 0.614998753125 0.26438612968749997 0.5810804 0.2601546296875 0.5662304640625 0.2520877921875 0.555242646875 0.2037667 0.5622155125 0.0985386203125 0.59036720625 0.0729679328125 0.5965193375
0 0.36670410000000003 0.3875001734375 0.3186868546875 0.4017145484375 0.32023503125 0.4089418875 0.327175978125 0.4187263625 0.33217240000000003 0.4230717609375 0.337646846875 0.426796884375 0.346009840625 0.4270923578125 0.5012434734375 0.38777525156250003 0.5040299328125 0.38288562187499997 0.5025021734374999 0.3759502796875 0.49375962968750003 0.362770696875 0.4736958828125 0.3591854859375 0.3662056609375 0.3878284515625 0.36670410000000003 0.3875001734375
0 0.11504041250000001 0.4363835625 0.11443402968750001 0.4412047515625 0.11677373124999998 0.4476783484375 0.121719375 0.45768655156250004 0.1308238640625 0.4597047859375 0.14214633593749998 0.45970950468750005 0.274649309375 0.431859825 0.27854191250000004 0.42680884218750004 0.273651690625 0.417593228125 0.26921245625 0.40808058750000004 0.2602003390625 0.4073833359375 0.242305425 0.40783820625 0.1200382046875 0.433644690625 0.11504041250000001 0.4363835625
3 0.23984375 0.2921875 0.059375 0.046875
3 0.521875 0.76484375 0.0734375 0.0640625
3 0.1015625 0.5765625 0.0640625 0.0296875
2 0.16640625 0.278125 0.040625 0.0359375
2 0.20625 0.29609375 0.0390625 0.034375
2 0.2203125 0.3359375 0.0421875 0.03125
2 0.2421875 0.3734375 0.0390625 0.034375
2 0.15703125 0.5671875 0.0546875 0.0203125
2 0.940625 0.890625 0.046875 0.04375
2 0.54296875 0.9546875 0.0453125 0.0375
1 0.1625 0.1578125 0.059375 0.053125
1 0.2875 0.3734375 0.0625 0.0546875
1 0.22265625 0.4984375 0.0859375 0.040625
1 0.690625 0.68984375 0.059375 0.059375
1 0.7609375 0.69296875 0.0734375 0.0734375
1 0.63515625 0.70078125 0.0578125 0.059375
1 0.73984375 0.77578125 0.065625 0.065625
1 0.06171875 0.54453125 0.078125 0.03125