0 0.6952701078125 0.705482690625 0.6919032515625 0.7025127906249999 0.6891126515625 0.701096146875 0.6826955031249999 0.7000797703125 0.6760524671875 0.7004896015625001 0.6638098 0.7068351374999999 0.660307728125 0.711641075 0.6592950703125 0.7197652703124999 0.6665683890625 0.914386640625 0.6690916062500001 0.9157609375 0.67668738125 0.914527346875 0.69030844375 0.9098621140625 0.7019256781250001 0.8970822484375001 0.703506903125 0.8870987937500001 0.697633571875 0.754589871875 0.6952701078125 0.705482690625
0 0.6978816828125 1 0.6945478984375 0.967488584375 0.6937691781249999 0.9707089796874999 0.6899282203125 0.9271097796875001 0.6880860875 0.9234742812500001 0.684147271875 0.9195067015625 0.6787504234374999 0.9162635437500001 0.66962564375 0.9195950828124999 0.6610657062499999 0.9244491109374999 0.6533733625 0.9323066109375 0.6518490578125 0.9368419453125 0.6523882984375 0.9436148203125001 0.657244334375 1 0.6978816828125 1
0 0.49853017343749995 0 0.498509125 0.1467881765625 0.505987384375 0.15228199375 0.516521553125 0.1486834265625 0.52739241875 0.14465936562499998 0.530727596875 0.092996253125 0.5283032734375 0 0.49853017343749995 0
0 0.7868467734375 0.53954001875 0.7842095921875 0.539513690625 0.7798003046875001 0.5423375640625 0.6813249546875 0.5776173499999999 0.67621719375 0.5834614734375 0.6724915796875 0.5903072265625 0.6703356921875 0.5997497578125001 0.672811259375 0.6369296531249999 0.675911215625 0.6382033546875 0.7859904078125 0.594977446875 0.790523084375 0.5788668921875 0.791048778125 0.5672093640625 0.7880203671875 0.543248134375 0.7868467734375 0.53954001875
3 0.85234375 0.50625 0.065625 0.0765625
3 0.30234375 0.41484375 0.103125 0.1
3 0.54375 0.0546875 0.0375 0.071875
2 0.8890625 0.5328125 0.040625 0.0515625
2 0.85625 0.09296875 0.0375 0.0421875
2 0.41328125 0.040625 0.03125 0.05625
2 0.2953125 0.7296875 0.0421875 0.0484375
2 0.58359375 0.98046875 0.0359375 0.0390625
2 0.646875 0.99375 0.034375 0.0125
2 0.640625 0.91796875 0.0359375 0.075
2 0.596875 0.89375 0.0359375 0.071875
2 0.6109375 0.6015625 0.0375 0.0484375
2 0.575 0.64140625 0.040625 0.0453125
3 0.5203125 0.43203125 0.053125 0.06875
1 0.85234375 0.4375 0.0671875 0.0734375
1 0.7296875 0.46484375 0.065625 0.0640625
1 0.5953125 0.55546875 0.065625 0.0671875
1 0.68828125 0.3234375 0.0609375 0.0640625
1 0.7859375 0.4953125 0.0625 0.0640625
1 0.71875 0.5328125 0.0640625 0.0640625
1 0.3890625 0.61015625 0.06875 0.071875
1 0.19609375 0.678125 0.0734375 0.08125
1 0.13125 0.55390625 0.06875 0.0796875
1 0.02734375 0.48046875 0.0546875 0.0953125
1 0.2125 0.25078125 0.065625 0.09375
2 0.5421875 0.1140625 0.0265625 0.0578125