0 0.6364455359375001 0.1647316671875 0.622170721875 0.1652440796875 0.5976489671875 0.167634815625 0.5820831296875 0.180088721875 0.5904532296875 0.2931698015625 0.6061146234375 0.2949677640625 0.632809421875 0.29231020937499996 0.6461840578125 0.284466446875 0.6553057796874999 0.27342393593750003 0.6421987437500001 0.1801493296875 0.6418599859375 0.1684079515625 0.6364455359375001 0.1647316671875
0 0.589460796875 0 0.58248265 0.026659171875 0.6155346171875 0.031574157812499996 0.6280754390625 0.029735229687499996 0.6396207265625 0.015455978125 0.64324620625 0 0.589460796875 0
3 0.54431129375 0.146068609375 0.53102233125 0.150390140625 0.5289464703125 0.155128109375 0.5189077328125 0.1599471796875 0.5229532984375 0.16692225624999998 0.5139081625 0.17550466874999998 0.5214114000000001 0.2496003484375 0.5436929921875 0.24925549062500002 0.5704703265625 0.2465653921875 0.5778186203125 0.24147892343750002 0.5804717640625 0.23278473125 0.5808484890625001 0.2142083890625 0.5745287984375 0.2146854765625 0.5745801562499999 0.1934592328125 0.5765464140625001 0.17917080624999998 0.572318940625 0.16205640625 0.5787995890625 0.1499035328125 0.5689404625 0.1475276125 0.566195215625 0.14248498437499998 0.5568958703125 0.1403392046875 0.548553971875 0.1416623328125 0.54431129375 0.146068609375
3 0.8864162171875 0.5357717078124999 0.8838136078125001 0.5421115640624999 0.8868773640625 0.5487062515625001 0.8940756109375 0.552258425 0.910729765625 0.5502135515625 0.9282259078124999 0.545847290625 0.9350408796874999 0.54627795 0.9749527515624999 0.5363076640625 0.9686138265625001 0.5168070953125 0.9458531484374999 0.5196017546875 0.8864162171875 0.5357717078124999
2 0.2 0.27890625 0.0390625 0.0390625
2 0.03671875 0.5953125 0.059375 0.0234375
2 0.2921875 0.7765625 0.034375 0.0390625
2 0.9234375 0.44140625 0.0578125 0.025
2 0.66015625 0.14375 0.0421875 0.0390625
2 0.67578125 0.1765625 0.0421875 0.0390625
2 0.70078125 0.14296875 0.046875 0.0390625
2 0.66875 0.2734375 0.0359375 0.0375
1 0.56015625 0.09296875 0.053125 0.0625
1 0.61171875 0.134375 0.05 0.0625
1 0.5125 0.28515625 0.05 0.05625
1 0.68046875 0.22421875 0.046875 0.0609375
1 0.07265625 0.24296875 0.1296875 0.0671875
1 0.04609375 0.184375 0.0921875 0.065625
1 0.14609375 0.13984375 0.1078125 0.0625
1 0.37578125 0.9640625 0.0578125 0.071875
1 0.325 0.96875 0.05 0.0625
1 0.484375 0.94921875 0.0546875 0.0671875
1 0.63046875 0.92421875 0.0625 0.0640625
1 0.75390625 0.94765625 0.0875 0.059375
1 0.90546875 0.92578125 0.06875 0.0625
1 0.9578125 0.49765625 0.084375 0.0390625
1 0.959375 0.55078125 0.08125 0.0359375
1 0.34296875 0.73671875 0.05625 0.065625
1 0.415625 0.87421875 0.0484375 0.0671875
1 0.45859375 0.83203125 0.0484375 0.065625
1 0.47421875 0.69296875 0.075 0.0640625
1 0.5609375 0.025 0.0625 0.05