0 0.7127110046875 0.3171832515625 0.70378345 0.333488740625 0.7035462375 0.35869283125 0.706077490625 0.3782635125 0.8201793640625 0.3788099875 0.8339430437500001 0.3621003703125 0.8362092531249999 0.3524383640625 0.8356444296875001 0.3317903328125 0.8338965343750001 0.3174040828125 0.830183521875 0.3132633625 0.807949340625 0.3147789609375 0.721258834375 0.31175166249999997 0.7127110046875 0.3171832515625
3 0.7780962015624999 0.4434788171875 0.861142475 0.437563340625 0.8695934015625 0.43455263593750004 0.877542175 0.4282185765625 0.88174779375 0.4228557421875 0.8838307562500001 0.4163168453125 0.8876110890625 0.4054294609375 0.8868373859375 0.3921791703125 0.8812021781249999 0.385370746875 0.875335109375 0.37635035 0.8614820921874999 0.3835801671875 0.8457562375000001 0.3824800390625 0.82954870625 0.38632181718749997 0.8094045921875 0.3878222484375 0.808689796875 0.38173661875 0.7904172609375 0.38275143906250003 0.78100171875 0.3868303984375 0.776256771875 0.3987860359375 0.7763950609375 0.42138062343750005 0.7780962015624999 0.4434788171875
3 0.4169085671875 0.049594818750000005 0.41478842812499994 0.066049871875 0.4134215171875 0.08748995781249999 0.4188056484375 0.092636703125 0.42519282968749994 0.095614596875 0.42991981562500003 0.09302481875 0.44272255156250007 0.0273555328125 0.44407024687499996 0.0064657453125 0.42230437343749994 0.0012979078125 0.416251421875 0.04185829375 0.4169085671875 0.049594818750000005
2 0.11796875 0.73203125 0.0421875 0.0359375
2 0.44296875 0.971875 0.0234375 0.053125
2 0.4875 0.42890625 0.0203125 0.059375
2 0.72265625 0.77734375 0.0359375 0.0390625
2 0.96796875 0.3109375 0.0390625 0.0375
2 0.85546875 0.29296875 0.0375 0.0390625
2 0.81953125 0.27890625 0.0359375 0.0421875
2 0.7203125 0.29453125 0.0359375 0.034375
1 0.76953125 0.28046875 0.0609375 0.04375
1 0.72265625 0.45859375 0.0546875 0.0453125
1 0.94453125 0.3890625 0.0640625 0.0484375
1 0.9046875 0.33984375 0.0609375 0.0484375
1 0.8046875 0.909375 0.059375 0.1296875
1 0.02421875 0.70859375 0.0484375 0.0484375
1 0.02265625 0.65625 0.0453125 0.053125
1 0.03125 0.603125 0.0625 0.04375
1 0.09296875 0.69140625 0.0625 0.0453125
1 0.1140625 0.63359375 0.0640625 0.053125
1 0.52578125 0.19609375 0.0328125 0.0921875
1 0.53671875 0.03515625 0.034375 0.0703125
1 0.46171875 0.02890625 0.0296875 0.0578125
1 0.4078125 0.0296875 0.028125 0.059375
1 0.03515625 0.1046875 0.0453125 0.0640625
1 0.1375 0.10859375 0.0546875 0.0890625
1 0.296875 0.40625 0.0578125 0.0890625
1 0.2015625 0.3765625 0.0609375 0.05625
1 0.903125 0.80625 0.0515625 0.115625