0 0.2895787890625 0.7381661953124999 0.2926279609375 0.7273013875000001 0.292260353125 0.7111378187499999 0.28392386875 0.67793803125 0.27619645625 0.6763499656249999 0.1670058328125 0.7000291421875 0.15962319687499998 0.716821634375 0.158431390625 0.7288342453125 0.1652312890625 0.7556660890625 0.17168641093749998 0.76411738125 0.1848021171875 0.761067071875 0.277070984375 0.74701054375 0.2895787890625 0.7381661953124999
3 0.177721159375 0.6277162078125 0.0977307078125 0.650552959375 0.09787729218749999 0.6599311 0.089222609375 0.66212886875 0.08262465625 0.66530740625 0.07996292656250001 0.67585244375 0.078397390625 0.6862041921875 0.07829344687499999 0.6962982234374999 0.082323753125 0.7063349875 0.09103093906250001 0.710845096875 0.0991429875 0.7141167171875 0.10754714218750001 0.7126348390625 0.1095721578125 0.704888925 0.126683496875 0.70791715625 0.1390337375 0.70103748125 0.1596732625 0.69202446875 0.16253408125 0.69756545 0.179227521875 0.6939502328125 0.19109749375 0.686483528125 0.1918173625 0.6756091796875 0.18587585 0.6504600015625 0.177721159375 0.6277162078125
3 0.6344074640625 0.9075252609375 0.6302392296875 0.902430446875 0.621395728125 0.9004919234375001 0.61513481875 0.9039278046874999 0.617385009375 0.972322515625 0.6201196140625 0.9865329765625 0.6419667609374999 0.9826807359374999 0.6406797015625 0.954223546875 0.6382328890625 0.94591030625 0.6375796671875 0.9273701687499999 0.6344074640625 0.9075252609375
3 0.9390162875 0.5791910312499999 0.94864844375 0.5740108796875 0.9507692765625 0.5638880421875 0.947456515625 0.5428853734375 0.9420013703125001 0.5340983859375 0.9338299796875 0.5320574796875001 0.8931907453125 0.5496685 0.8995996546875 0.5882302921875 0.90599613125 0.5912805109375 0.9319381906249999 0.581135440625 0.9390162875 0.5791910312499999
2 0.07834147500000001 0.7822303625 0.071234928125 0.7730129828125001 0.062848265625 0.76541738125 0.04207201875 0.7586103390625001 0.0385445734375 0.7623414656249999 0.045177453125 0.799958403125 0.0632620421875 0.79884988125 0.07025946875 0.7941258953125 0.072483190625 0.7867534875 0.07834147500000001 0.7822303625
2 0.129267446875 0.7934936203125 0.13386721875000002 0.7884943734375 0.1374472203125 0.784372971875 0.1370129453125 0.7774692437499999 0.13136044375 0.7742777484375 0.126109259375 0.7689214 0.11406643125 0.76057441875 0.1002011984375 0.7574349921875 0.09725100625000001 0.7740098890625 0.09975778125 0.788226515625 0.1059855296875 0.796900821875 0.12215065 0.797540625 0.129267446875 0.7934936203125
2 0.383191871875 0.57713865 0.38619583749999997 0.5685547718749999 0.3809170625 0.5621025484375 0.37532564218750003 0.5624172828125 0.35365954843749997 0.5783188953125 0.353670465625 0.5890559 0.36247570156250003 0.6069676078125 0.36941278125 0.6057444140625 0.3823370203125 0.5893706765625 0.383191871875 0.57713865
2 0.47343729687499997 0.57867670625 0.47898717343749997 0.5823963937500001 0.48411947812499995 0.5794778828125 0.48735300156249994 0.57219589375 0.48577565937499995 0.524820021875 0.4826875421875 0.5179815265625 0.468834153125 0.5184107015625 0.4669255171875 0.5268014453125 0.471527596875 0.5635762265625 0.47343729687499997 0.57867670625
2 0.5988011531249999 0.461263678125 0.6040897796875 0.454961684375 0.6046943031249999 0.44344497812499994 0.5857797171875 0.4044955953125 0.57922851875 0.40363720000000003 0.5727090109375 0.4114985953125 0.573564925 0.42275778593749996 0.5920619390625 0.45506897031250004 0.5988011531249999 0.461263678125
2 0.5875211140625 0.3887513296875 0.6053502234375 0.4151396328125 0.61163031875 0.41873056249999996 0.616439059375 0.41184200468750004 0.6165636937500001 0.3997387328125 0.6028655656249999 0.3732932109375 0.5939980140625 0.3614331359375 0.5886569234375 0.36103255 0.5832644328125001 0.3774206015625 0.5875211140625 0.3887513296875
2 0.299507103125 0.7706370546875 0.2998414625 0.7604405046875 0.3031993671875 0.7573140171875 0.30054009531250003 0.7482789249999999 0.295281378125 0.7466717796875 0.28782671406250004 0.746719040625 0.2664771015625 0.7485827515625 0.26886084375 0.7621016265625 0.270771959375 0.776971034375 0.27715341250000003 0.780914609375 0.2938448953125 0.7748034515625 0.299507103125 0.7706370546875
2 0.4609227015625 0.860933934375 0.46635137968749996 0.8599767109374999 0.469918496875 0.8526946843750001 0.470786453125 0.8385702343749999 0.4690582015625 0.8076056359375 0.46527330468750006 0.8009546593750001 0.45226506562499996 0.8012524484375 0.45023878125000005 0.8109240078125 0.457044621875 0.8516381703125001 0.4609227015625 0.860933934375
1 0.95529530625 0.27279280625 0.95662844375 0.25507468125 0.952205890625 0.237576753125 0.8965386484375 0.237856178125 0.8840021921875 0.24006669375 0.881693165625 0.25477815625 0.8831763875 0.27835715781250003 0.8914274515624999 0.2872331703125 0.8992086984375 0.2858611265625 0.9500340234375001 0.280872671875 0.95529530625 0.27279280625
1 0.8721477484375001 0.301758284375 0.8724312140625001 0.288198665625 0.8686014453125 0.26900684531249996 0.8611411828125 0.26714355625 0.818776603125 0.27461357343750004 0.8093528984375 0.28183801875 0.8084520515625 0.2994799171875 0.8150114687500001 0.31898511093750004 0.829869878125 0.3147758046875 0.863180928125 0.3065181140625 0.8721477484375001 0.301758284375
2 0.819233871875 0.207107025 0.81542073125 0.1879122734375 0.806608390625 0.18411729062499999 0.78466151875 0.1933359515625 0.7819422625 0.2022207484375 0.7762063265625 0.2085809859375 0.7774894 0.21828830156249998 0.784971371875 0.216969028125 0.7918360578125 0.2218715546875 0.8000186875 0.2196646171875 0.8155526125 0.2153973265625 0.819233871875 0.207107025
1 0.7953826046875 0.5895990296875 0.7980684328125001 0.576514446875 0.7934096640625 0.5595321484375 0.7509332671875 0.5380907671874999 0.74500708125 0.5398775390624999 0.7410876843749999 0.555405103125 0.7400160015624999 0.56820506875 0.7472917234375 0.578791340625 0.7903444328125 0.5964219843749999 0.7953826046875 0.5895990296875
1 0.5313465921875 0.8845296656249999 0.5289063875 0.8266029015624999 0.52844069375 0.8077189796875001 0.520197934375 0.8004188453125 0.506751459375 0.79841304375 0.5044050265625 0.8083098015625 0.50605045 0.840845503125 0.5061537734375 0.8692763390625 0.5084562109374999 0.8892953218749999 0.5258030812500001 0.89717854375 0.5313465921875 0.8845296656249999
1 0.0686921375 0.6913876578125 0.0556732625 0.6908887890625001 0.026503109375 0.6940509359375 0.034202071875000004 0.7377139171875 0.0681186234375 0.7348027218750001 0.0765441515625 0.727029565625 0.07623924062500001 0.7075221968750001 0.0686921375 0.6913876578125
1 0.440877096875 0.7462450734375 0.44693798593749995 0.7521965984375 0.45835504374999997 0.7540126765624999 0.463552190625 0.7428850453125 0.4591066125 0.7034621875 0.4546807890625 0.6621212421875 0.44341237343750006 0.6570879453125 0.4336916546875 0.6588019703125 0.433424503125 0.6735277234375 0.43960693281249996 0.7349814015625 0.440877096875 0.7462450734375
1 0.49958923750000006 0.8494684124999999 0.498157828125 0.8015525718750001 0.497718753125 0.7672241093750001 0.48952220156250004 0.7605370828125 0.480139715625 0.759063659375 0.476066384375 0.769790884375 0.47594202812499997 0.8148532390625001 0.478587915625 0.8437880890624999 0.489468084375 0.8537552906249999 0.49958923750000006 0.8494684124999999
1 0.5184502890625 0.6121826953125 0.5140031656249999 0.5272649140625 0.50822738125 0.516397675 0.489209734375 0.5159976296875 0.4941336609375 0.60958919375 0.5026898656250001 0.6143361203125 0.5184502890625 0.6121826953125
1 0.43466608593749995 0.25418000625000003 0.4412704734375 0.26310548906250003 0.45365943125 0.26204209375 0.45711776249999997 0.2513422828125 0.4523064875 0.206225015625 0.4474952109375 0.1611077484375 0.44325175781250004 0.1495237421875 0.42235943281250005 0.1487231734375 0.4222379921875 0.1605162703125 0.4328273828125 0.24553531718750002 0.43466608593749995 0.25418000625000003
1 0.44896158281250004 0.610074009375 0.4593714125 0.6123984984375 0.4668252625 0.6093013171874999 0.46614097499999996 0.592187590625 0.45981967656249995 0.516638909375 0.4549240109375 0.51155925625 0.44182630781250004 0.509114421875 0.43706033125 0.51233195 0.4375878125 0.5342276375 0.44223658906249996 0.5946197109375 0.44896158281250004 0.610074009375
1 0.5014376203124999 1 0.504073303125 0.9939860406250001 0.49774840937500003 0.94034124375 0.49242363750000007 0.9172527765625 0.47332588593749997 0.9155912421875 0.4740475453125 0.933903603125 0.47823473125 0.959427759375 0.4822225984375 0.9944862531249999 0.48673357343749996 1 0.5014376203124999 1
1 0.59155280625 0.9444972 0.5865176765625 0.9518324437500001 0.5895187187500001 0.9919287406249999 0.6108496109375 0.9881675281250001 0.609516096875 0.9660448796875001 0.6074028328125001 0.9540599578125001 0.6020579515625 0.9442567125 0.59155280625 0.9444972
1 0.6409554328125 0.9443827390624999 0.6443731374999999 0.9822564265624999 0.6658550875 0.9784685796874999 0.663360571875 0.9501032296874999 0.6573891515625 0.9350376140625001 0.6474685484375 0.9351750328125 0.6409554328125 0.9443827390624999
1 0.8675002390625 0.19571025 0.8672098953124999 0.21074114531250002 0.8702839109375 0.22817475781250002 0.8794804062500001 0.23029809218750003 0.9249383609375 0.226027553125 0.9328540140625 0.2208868859375 0.9313743656250001 0.1934353390625 0.9241333062500001 0.18572431250000002 0.87217961875 0.18889326875 0.8675002390625 0.19571025