1 0.1015625 0.8015625 0.04296875 0.1078125
1 0.2 0.9 0.05859375 0.13125
1 0.1390625 0.9078125 0.04375 0.1296875
1 0.50859375 0.8984375 0.0359375 0.1234375
1 0.52421875 0.74921875 0.03515625 0.10234375
1 0.578125 0.80234375 0.034375 0.11328125
1 0.58515625 0.940625 0.0328125 0.1109375
1 0.55859375 0.97421875 0.0328125 0.0515625
1 0.5734375 0.64453125 0.0421875 0.11328125
1 0.459375 0.6484375 0.03671875 0.1046875
2 0.49453125 0.61015625 0.025 0.06796875
2 0.4390625 0.5171875 0.02734375 0.0578125
2 0.46640625 0.465625 0.02890625 0.065625
2 0.41484375 0.29296875 0.0265625 0.0609375
2 0.29375 0.334375 0.03828125 0.04296875
2 0.31171875 0.471875 0.0359375 0.03828125
2 0.46484375 0.02421875 0.0234375 0.0484375
1 0.446875 0.10078125 0.0328125 0.09765625
1 0.47734375 0.11484375 0.03125 0.0921875
1 0.46875 0.25234375 0.02890625 0.0921875
1 0.48125 0.3828125 0.0328125 0.09609375
1 0.1265625 0.2171875 0.05703125 0.06640625
1 0.24921875 0.48125 0.06015625 0.0578125
3 0.1015625 0.43359375 0.1171875 0.08125
1 0.53984375 0.08125 0.028125 0.09375
1 0.5625 0.0390625 0.02734375 0.07578125
1 0.59140625 0.0796875 0.02734375 0.0984375
1 0.6125 0.040625 0.03125 0.07421875
3 0.571875 0.11796875 0.0328125 0.08828125
1 0.66640625 0.52890625 0.05234375 0.096875
1 0.77265625 0.44765625 0.05859375 0.0546875
1 0.82578125 0.0875 0.04921875 0.08828125
1 0.89453125 0.11796875 0.05078125 0.10703125
1 0.940625 0.1765625 0.0609375 0.06875
1 0.8984375 0.0359375 0.05234375 0.0484375
1 0.8703125 0.590625 0.06328125 0.04921875
1 0.93046875 0.58046875 0.06328125 0.05703125
1 0.97890625 0.5625 0.0421875 0.05
1 0.9234375 0.634375 0.06328125 0.0421875
1 0.86796875 0.66796875 0.06328125 0.05234375
1 0.87421875 0.715625 0.06015625 0.046875
1 0.94453125 0.6828125 0.075 0.04921875
1 0.93515625 0.73203125 0.0609375 0.04609375
2 0.85859375 0.75625 0.0453125 0.03671875
2 0.984375 0.73984375 0.03125 0.0515625
3 0.98203125 0.61484375 0.0359375 0.053125
0 0.24765625 0.38359375 0.12265625 0.0671875