2 0.29921875 0.8125 0.0421875 0.04375
2 0.31484375 0.59453125 0.0421875 0.0421875
1 0.578125 0.95625 0.0671875 0.0671875
1 0.5859375 0.703125 0.0515625 0.0609375
1 0.69296875 0.86171875 0.059375 0.06875
1 0.71015625 0.92109375 0.071875 0.0734375
1 0.7265625 0.8078125 0.05625 0.065625
3 0.6453125 0.77421875 0.09375 0.11875
0 0.6984375 0.71796875 0.0953125 0.1375
0 0.7703125 0.88828125 0.0875 0.1203125
1 0.7609375 0.70078125 0.0546875 0.065625
2 0.73515625 0.6609375 0.040625 0.0390625
2 0.7703125 0.7828125 0.046875 0.0453125
2 0.8046875 0.734375 0.0453125 0.04375
2 0.77421875 0.746875 0.046875 0.04375
2 0.03984375 0.5765625 0.071875 0.0375
1 0.340625 0.446875 0.0640625 0.0734375
3 0.353125 0.3375 0.0625 0.0671875
1 0.51328125 0.42265625 0.1140625 0.084375
1 0.27421875 0.221875 0.0640625 0.071875
1 0.2890625 0.14375 0.05625 0.0671875
1 0.36015625 0.15703125 0.0609375 0.0765625
1 0.3625 0.2265625 0.0640625 0.075
1 0.175 0.15625 0.0703125 0.0765625
0 0.2046875 0.08125 0.065625 0.0609375
1 0.92734375 0.35390625 0.1 0.0484375
1 0.94921875 0.32734375 0.0515625 0.034375
3 0.88125 0.33125 0.0859375 0.0484375
1 0.9140625 0.303125 0.0953125 0.0515625
2 0.87265625 0.46015625 0.0671875 0.0328125
1 0.95234375 0.41953125 0.0875 0.046875
1 0.7171875 0.43671875 0.0953125 0.0625