0 0.675070075 0 0.6378678671875 0.1966070234375 0.6506264859375 0.21025704687500002 0.668508178125 0.214931234375 0.675249671875 0.20745802656249998 0.7171800734375 0.002012453125 0.7145726015625 0 0.675070075 0
1 0.5803665125 0.1144519453125 0.598285684375 0.1196621125 0.601639053125 0.111348625 0.6089352328125 0.0165834671875 0.602762740625 0.0105518921875 0.587101865625 0.0073382078125 0.5839345296875 0.0226404859375 0.5771698734374999 0.10336488125000001 0.5803665125 0.1144519453125
1 0.69198248125 0.5116740281250001 0.6840845796874999 0.48529631406249996 0.679416709375 0.4834683234375 0.6284674203125 0.51665403125 0.640126878125 0.5535407078125 0.6456220171875 0.5585424484375 0.68922878125 0.5285631765625001 0.69198248125 0.5116740281250001
1 0.8102404156249999 0.5017888265625 0.7634131562500001 0.4770561203125 0.7566648515625001 0.5060737953125 0.760953840625 0.5154686749999999 0.8033394671874999 0.5372803734375 0.8089899734375001 0.5271904546874999 0.81113991875 0.514652321875 0.8102404156249999 0.5017888265625
1 0.7379797453125 0.5418507703125 0.7318365578125 0.5622085359375 0.7347306375 0.57762555625 0.7771551046875 0.5956643390624999 0.7819006609375 0.5899465 0.7855552265625 0.58161195 0.78597295 0.5702721453125 0.7810440843750001 0.560383409375 0.776978609375 0.5585132953125 0.7653845734375 0.552860834375 0.7379797453125 0.5418507703125
1 0.9714857 0.634858196875 0.9315123734374999 0.60426021875 0.9218270578125001 0.6345604687499999 0.937182646875 0.6507218953125 0.963607565625 0.665032078125 0.97098893125 0.658052725 0.9759246078125001 0.64639699375 0.9714857 0.634858196875
1 1 0.7696354515625 0.9706202796875001 0.7523334640625 0.9635373843749999 0.7679095421875 0.9604824875 0.7848197546875 0.9645466015625 0.7909987609375 0.9984987140625 0.8134001874999999 1 0.8141828437499999 1 0.7696354515625
1 0.9136579546875 0.7514692609375 0.9167796359375 0.761484365625 0.9558520953125 0.78352774375 0.963461065625 0.7711464765625 0.9639939500000001 0.752796821875 0.9399799703125 0.7340092515625 0.9201037015625 0.7267815390625 0.9139257593749999 0.7379855375 0.9136579546875 0.7514692609375
1 0.8803777437500001 0.7473332421875 0.9067263390625 0.7648803609375 0.9115468515625 0.7602344796875 0.9153554234374999 0.7411171671875 0.9115591140625 0.7214544375 0.867743825 0.6965111125 0.859342340625 0.7148723953125 0.860429240625 0.730415784375 0.8803777437500001 0.7473332421875
1 0.8053667671875001 0.674481553125 0.8040427296875 0.69450233125 0.8113811656250001 0.704222571875 0.8437537 0.72134845625 0.85229965 0.7223666640624999 0.856334459375 0.70215633125 0.85377769375 0.691563121875 0.831870728125 0.6769370140625 0.81097843125 0.66816455 0.8053667671875001 0.674481553125
1 0.7595085203124999 0.680919871875 0.7891716453125001 0.69392641875 0.7960242140625 0.692370040625 0.7985557640625001 0.6636472296875 0.778530940625 0.6499667078125 0.7501475640625 0.637947871875 0.7424636375 0.64925718125 0.7439253296875 0.6701603609375 0.7595085203124999 0.680919871875
1 0.9811546890624999 0.8943257656249999 0.9714094015624999 0.8761562312500001 0.9478465359375001 0.8594915140625 0.9357972984374999 0.864642878125 0.930785303125 0.8795355453125 0.947118078125 0.9010146359375 0.97670624375 0.9129492234375001 0.9811546890624999 0.8943257656249999
1 0.91408181875 0.8397699828125 0.9456229953124999 0.866648796875 0.9557955437500001 0.8433162718749999 0.948083675 0.8239273484374999 0.9091652187499999 0.79110120625 0.9014063328124999 0.80133855625 0.898127921875 0.8107239999999999 0.900307171875 0.8245752078124999 0.91408181875 0.8397699828125
1 0.861972034375 0.8520314499999999 0.8601232859374999 0.864548521875 0.8652020671875 0.8765811749999999 0.8773984968749999 0.8821915140625001 0.8951663875 0.889566659375 0.9069491828125 0.8935901234375001 0.9123025796875 0.8705945859374999 0.9063576875000001 0.8591610984375 0.8822299093750001 0.843074484375 0.8661165578125001 0.8420468421875 0.861972034375 0.8520314499999999
1 0.8509340453125 0.7547781421875001 0.8447547406249999 0.7702910375 0.8449394124999999 0.7815887171875 0.849003528125 0.7877677249999999 0.855815890625 0.7942931546875001 0.8681622390625 0.8020474109375 0.8902593234375 0.810735628125 0.895496196875 0.799058834375 0.8958764390624999 0.78718305 0.892227321875 0.778282025 0.8509340453125 0.7547781421875001
1 0.749774825 0.7451552921875 0.759936471875 0.7562939156249999 0.798370421875 0.7735345453125 0.8029299421875 0.760827915625 0.8016931250000001 0.7431406109375 0.756334371875 0.7177666140625 0.749774825 0.7451552921875
1 0.628220075 0.7035654499999999 0.6666887781249999 0.7299598421875 0.6722227609375 0.73118866875 0.6776109124999999 0.7173468984375 0.6785560687500001 0.7048930109375 0.6562743140625 0.6849071140625 0.6363632906250001 0.6685256359375 0.6269832578125001 0.68587814375 0.628220075 0.7035654499999999
1 0.7104775109375 0.957957140625 0.7202227999999999 0.976126675 0.73693990625 0.9728033015625 0.75456333125 0.96079895625 0.76058863125 0.956068828125 0.7552502203125 0.9316665375 0.7509585046875 0.9308894437499999 0.7362373375 0.9324574468750001 0.714019640625 0.9480146546875 0.7104775109375 0.957957140625
3 0.877521834375 0.8493283046875 0.8831723421875 0.8392383859375 0.8846476593749999 0.8170526296875 0.8493769578125001 0.7974364078125 0.8386061046875 0.8078843750000001 0.8396180453125 0.8223558078125001 0.8505306421875 0.8399051171874999 0.877521834375 0.8493283046875
3 0.6874073046875 0.692963478125 0.6829895265625 0.7336673828125 0.72725865625 0.7521157734374999 0.732729940625 0.7134926 0.6874073046875 0.692963478125
2 0.8377331796874999 0.8300280078125001 0.8416555515624999 0.8082097375 0.82528256875 0.794812453125 0.8131611 0.790274071875 0.8067208015625 0.7977262171875 0.813304203125 0.813962453125 0.819815371875 0.820508946875 0.8377331796874999 0.8300280078125001
2 0.8406824515625001 0.789965390625 0.8430599984375 0.77202534375 0.8402408765624999 0.7576802812500001 0.8306788968750001 0.755117321875 0.8126834046875 0.753144090625 0.8080489265624999 0.7647787609375001 0.8224607234375 0.789085178125 0.8406824515625001 0.789965390625
2 0.7907975703125001 0.7907606828125 0.78794096875 0.7758796421875 0.767048671875 0.7671071781250001 0.7589511124999999 0.776829609375 0.766099428125 0.7924877453125 0.7702385015625001 0.7997387093749999 0.787026478125 0.810413975 0.7907975703125001 0.7907606828125
2 0.785248603125 0.836929684375 0.7890558109375 0.822121265625 0.7872138750000001 0.81309386875 0.7674916125 0.7950833921875 0.7556686125 0.7991417359375 0.759277525 0.81612456875 0.76480878125 0.8259711796874999 0.785248603125 0.836929684375
2 0.7590955796875 0.7962091 0.762228159375 0.771753059375 0.759220278125 0.7590369953125 0.7375354656249999 0.756244546875 0.72759460625 0.761248478125 0.72879666875 0.76978201875 0.74159140625 0.788276915625 0.7590955796875 0.7962091
2 0.7087997875000001 0.7867997296875 0.713586909375 0.7686911890625 0.707908459375 0.7480828734375 0.6829493234374999 0.741749190625 0.6799332671875 0.7548864875 0.6848219249999999 0.7728570328125001 0.692951515625 0.780906153125 0.7087997875000001 0.7867997296875
2 0.6756483640625001 0.732564928125 0.6486156046875 0.7355324421875 0.6493277109375 0.7457160421875 0.66170745 0.76693295625 0.6803414515624999 0.7737089375 0.6828743640625 0.7406772312500001 0.6756483640625001 0.732564928125
0 0.6112249546874999 0.8717197921875 0.594284334375 0.8675184 0.5839305312499999 0.98781155625 0.5851111828125 0.9952693953124999 0.612576309375 0.9933488468749999 0.6217627578125 0.8839093140625 0.61770409375 0.8604947328125 0.61228255 0.86087384375 0.6112249546874999 0.8717197921875
0 0.5899162984374999 0.8699782421875 0.6118648296875 0.87221365 0.6142008078125001 0.8666643031250001 0.621777053125 0.7196353828125 0.617078515625 0.695726946875 0.5942638734375 0.694090703125 0.590759225 0.70456916875 0.58386033125 0.8526279234375 0.5899162984374999 0.8699782421875
1 0.24947864062499997 0.8059922 0.277058603125 0.8584621968749999 0.2849285640625 0.854141678125 0.2905027484375 0.8472886953125001 0.29012931875 0.8376200109375 0.2663149984375 0.7827322953125 0.2605186625 0.777751615625 0.25366609375000004 0.7793079953125 0.24726191250000001 0.7916050140625 0.24947864062499997 0.8059922
2 0.436088521875 0.9728354875 0.44745768124999996 0.9752720781249999 0.4499449390625 0.96755775625 0.45022091875000003 0.9282206734375 0.44582085468750005 0.9129089625000001 0.43862688437499997 0.9225682093750001 0.4354595484375 0.9378704859375 0.4344339828125 0.9664879875000001 0.436088521875 0.9728354875
2 0.46380202812500004 0.8410950250000001 0.4666749796875 0.80426934375 0.46039277343749996 0.788012046875 0.4526325265625 0.802558290625 0.44799123593749995 0.835737428125 0.4510754390625 0.8452165546874999 0.4607498546875 0.8493874515625001 0.46380202812500004 0.8410950250000001
2 0.47671192656250005 0.8525800734375 0.49196189375 0.8455890953124999 0.4838861296875 0.7863692312499999 0.47525977187499996 0.8015146390625001 0.473666565625 0.83932803125 0.47671192656250005 0.8525800734375
2 0.5019040921875 0.598215171875 0.49248657968750004 0.6150317015625 0.487921609375 0.644973903125 0.491305646875 0.6587408609375001 0.50387959375 0.661093203125 0.508297371875 0.6203893015624999 0.5019040921875 0.598215171875
1 0.516938740625 0.7959071625 0.5354419 0.7402147171875 0.5339774828125 0.7279293265625 0.5256966125 0.722045184375 0.5157598390625 0.714122434375 0.49593400625 0.7855267609375 0.5095212578125 0.79804164375 0.516938740625 0.7959071625
3 0.531424109375 0.5875333359375 0.516625259375 0.5966471671875 0.521067584375 0.7164442796875 0.5248305 0.722644346875 0.54896373125 0.7214953875 0.5454638375 0.5978621765625001 0.531424109375 0.5875333359375
0 0.49462015312499996 0.41613919062500004 0.47790304531250005 0.41946256406250004 0.4654163390625 0.6174632375 0.4723023015625 0.6293695171875 0.4948920671875 0.6277898875 0.5088097968749999 0.42861194999999996 0.49462015312499996 0.41613919062500004
3 0.5021377890625 0.216331590625 0.49856705 0.31676083906249997 0.5242049 0.3198154640625 0.531878596875 0.22179230625000002 0.5021377890625 0.216331590625
2 0.5247186875 0.12372921875000001 0.5223983875 0.1987568390625 0.5456641453125 0.20251593437499998 0.5475333296875 0.1253654625 0.5247186875 0.12372921875000001
2 0.49653360625 0.07991913125 0.494840225 0.0773445453125 0.4971591609375 0.00662581875 0.47562426718750006 0.0059772859375 0.4724031015625 0.0724503046875 0.49653360625 0.07991913125
1 0.26953125 0.134375 0.0703125 0.0734375
1 0.27890625 0.39609375 0.0640625 0.065625
1 0.25319858281249996 0.352769665625 0.299576090625 0.3710706265625 0.31230404218749996 0.362640203125 0.312839653125 0.3356727609375 0.3077220296875 0.3274130234375 0.25294712812500003 0.314546665625 0.25319858281249996 0.352769665625
1 0.2320814109375 0.340781328125 0.23468383125 0.3260571546875 0.23348721874999998 0.30028804062500003 0.1766441421875 0.27948730624999996 0.1716696265625 0.29491595312499996 0.17218888593749998 0.31965523125 0.2134848875 0.3345413265625 0.2320814109375 0.340781328125
1 0.23857417343749998 0.2864673328125 0.306787771875 0.3053957625 0.309093084375 0.2777659703125 0.30589916875 0.2580611203125 0.239946590625 0.2325113859375 0.23857417343749998 0.2864673328125
2 0.2598589765625 0.24458397031249998 0.2919330375 0.2531131296875 0.30037063750000004 0.2395967203125 0.292131334375 0.22132187656250002 0.263825640625 0.2017572125 0.2598589765625 0.24458397031249998
2 0.26110941875 0.21918234062500003 0.25655807343750003 0.2060356078125 0.22727246874999998 0.18977106562499998 0.22060729375000002 0.19400733750000002 0.22255349375 0.23049603125 0.25334917031250004 0.2337285859375 0.26110941875 0.21918234062500003
2 0.23764264062499998 0.255832284375 0.2306442421875 0.242318065625 0.2169138859375 0.2061148015625 0.20953796875 0.19585858125 0.19853815156250001 0.2160173546875 0.19736539375 0.2338731546875 0.217422246875 0.2653252296875 0.233913115625 0.263094875 0.2314285828125 0.262191409375 0.23172977968750003 0.2621703484375 0.23764264062499998 0.255832284375
2 0.15299472812499998 0.1793456765625 0.161657203125 0.1690451421875 0.1551862390625 0.15441684218750001 0.121006525 0.1374173296875 0.1171618359375 0.15168976875 0.11832096875 0.1769229046875 0.1508475078125 0.1832660234375 0.15299472812499998 0.1793456765625
1 0.0831116015625 0.20146757499999998 0.0208871875 0.17296414375 0.0122219859375 0.191882465625 0.014020992187500001 0.21760945625 0.077902671875 0.24384260000000002 0.0858877953125 0.23251223125 0.0867981984375 0.210904578125 0.0831116015625 0.20146757499999998
3 0.18467628281249998 0.23853066093750003 0.170344896875 0.198060628125 0.163492325 0.19961700468750002 0.1286216359375 0.22467659218749997 0.0952930453125 0.2544757421875 0.11542076875 0.2999264546875 0.162455859375 0.2627056546875 0.18467628281249998 0.23853066093750003
1 0.1387472109375 0.7070925390625 0.1355423953125 0.7218588359375 0.1568026734375 0.7575355578125 0.178895671875 0.779150453125 0.1943412078125 0.748986009375 0.15046049687500002 0.6928084734375 0.1387472109375 0.7070925390625