0 0.4711992515625 0.5165819203125 0.4607308484375 0.5523169171875 0.467528134375 0.5604795124999999 0.4767157953125 0.5673901390625 0.4855204640625 0.569585390625 0.5526591046875 0.4190850234375 0.5601418296875 0.3890734546875 0.5580468187500001 0.38393122343749997 0.5416004078125 0.369666921875 0.5386655171875 0.36893517187499997 0.532585715625 0.38081697812500004 0.4711992515625 0.5165819203125
0 0.46412274687500005 0.24097401562499998 0.4599602015625 0.24246436562499998 0.45387205625 0.25737964375 0.3990703890625 0.37644594531250003 0.397298371875 0.3987578265625 0.4035968625 0.405805959375 0.410265740625 0.41041825000000004 0.4192368734375 0.41054818125 0.48027400625 0.2740751421875 0.4808148765625 0.26620406874999997 0.4806612921875 0.2573171171875 0.4793944578125 0.25194488125 0.4741628953125 0.2472695890625 0.4686346046875 0.2437844078125 0.46412274687500005 0.24097401562499998
0 0.45732135625000003 0.22073819062500002 0.4545560703125 0.23943150468750002 0.47619575625 0.2486191671875 0.5257406125 0.12402854999999999 0.527367396875 0.10800092812499999 0.52109415625 0.1018018203125 0.514450525 0.09803855312500001 0.50703878125 0.0945051390625 0.5016935 0.1083415421875 0.45932270624999993 0.20986033593750003 0.45732135625000003 0.22073819062500002
3 0.16796875 0.01796875 0.0546875 0.0359375
3 0.3515625 0.23359375 0.05625 0.0625
3 0.5796875 0.27265625 0.0375 0.0734375
3 0.85625 0.85234375 0.1015625 0.1046875
2 0.2375 0.0421875 0.040625 0.05
2 0.18984375 0.08515625 0.040625 0.0515625
2 0.2734375 0.11875 0.040625 0.046875
2 0.33515625 0.14296875 0.040625 0.046875
2 0.3484375 0.1875 0.0359375 0.04375
2 0.384375 0.203125 0.0390625 0.04375
2 0.41328125 0.2328125 0.0375 0.0453125
2 0.54140625 0.34609375 0.03125 0.059375
2 0.70625 0.8640625 0.0453125 0.04375
2 0.77578125 0.9765625 0.0484375 0.046875
2 0.803125 0.9609375 0.0484375 0.053125
2 0.703125 0.0796875 0.0296875 0.053125
1 0.13046875 0.10234375 0.0625 0.0734375
1 0.2984375 0.19296875 0.0609375 0.0640625
1 0.246875 0.23515625 0.0625 0.0671875
1 0.39921875 0.459375 0.06875 0.09375
1 0.53359375 0.2609375 0.05 0.0859375
1 0.58984375 0.1265625 0.046875 0.0828125
1 0.640625 0.1203125 0.0421875 0.0796875
1 0.64453125 0.7203125 0.0671875 0.065625
1 0.6359375 0.7890625 0.0828125 0.0828125
1 0.72109375 0.78359375 0.071875 0.071875
1 0.86875 0.3921875 0.0703125 0.0921875
1 0.4078125 0.27578125 0.0609375 0.06875