2 0.80234375 0.24453125 0.05 0.0515625
1 0.96484375 0.19453125 0.0703125 0.096875
1 0.93359375 0.1296875 0.059375 0.1140625
1 0.8671875 0.128125 0.075 0.13125
2 0.91796875 0.0578125 0.0390625 0.025
0 0.93046875 0.4109375 0.1390625 0.121875
1 0.65546875 0.37421875 0.065625 0.065625
1 0.9546875 0.64921875 0.0671875 0.0640625
1 0.89296875 0.634375 0.06875 0.0625
1 0.8421875 0.67578125 0.0609375 0.053125
1 0.721875 0.54375 0.0609375 0.05
1 0.73828125 0.7171875 0.0625 0.0546875
1 0.8484375 0.8484375 0.0703125 0.0765625
3 0.80078125 0.5953125 0.11875 0.09375
0 0.74921875 0.6578125 0.1375 0.0828125
0 0.925 0.7078125 0.1140625 0.078125
2 0.821875 0.721875 0.04375 0.0375
2 0.78515625 0.7296875 0.0421875 0.0453125
2 0.77578125 0.7609375 0.040625 0.040625
2 0.6953125 0.696875 0.0390625 0.046875
2 0.53671875 0.02109375 0.0296875 0.0421875
2 0.12421875 0.2875 0.046875 0.0453125
2 0.109375 0.24609375 0.0375 0.034375
2 0.05859375 0.1703125 0.05 0.0546875
1 0.15390625 0.1953125 0.0703125 0.0546875
1 0.1703125 0.25625 0.0859375 0.071875
1 0.178125 0.30859375 0.078125 0.0609375
1 0.18125 0.3640625 0.071875 0.0609375
1 0.04296875 0.3375 0.0578125 0.0515625
3 0.040625 0.278125 0.040625 0.059375
3 0.49921875 0.33984375 0.0625 0.0625
1 0.390625 0.328125 0.0671875 0.059375
1 0.3125 0.28671875 0.084375 0.0859375
1 0.284375 0.3828125 0.0703125 0.0703125
1 0.40390625 0.5046875 0.0625 0.0875
1 0.46171875 0.65703125 0.053125 0.0953125
1 0.021875 0.7546875 0.04375 0.078125
1 0.084375 0.88984375 0.0609375 0.06875
1 0.03125 0.909375 0.0546875 0.05
1 0.40546875 0.9203125 0.0375 0.096875
1 0.38046875 0.95703125 0.0359375 0.0671875
1 0.353125 0.9125 0.0390625 0.096875
1 0.3265625 0.946875 0.0359375 0.071875
3 0.378125 0.87890625 0.0421875 0.090625