2 0.2484375 0.765625 0.03984375 0.04765625
1 0.10625 0.553125 0.0578125 0.0609375
1 0.103125 0.81953125 0.05625 0.09765625
1 0.13671875 0.88828125 0.0484375 0.09765625
1 0.1984375 0.88125 0.05859375 0.1171875
1 0.290625 0.46875 0.053125 0.04765625
1 0.11640625 0.4 0.06015625 0.0453125
1 0.16015625 0.35625 0.05390625 0.0453125
1 0.05625 0.39609375 0.05859375 0.05234375
1 0.25234375 0.303125 0.0578125 0.04375
0 0.25078125 0.3625 0.1234375 0.0703125
0 0.07578125 0.33828125 0.10859375 0.06484375
2 0.296875 0.31796875 0.0328125 0.03359375
2 0.1734375 0.31171875 0.040625 0.03203125
2 0.20703125 0.3 0.0359375 0.03828125
2 0.21328125 0.26953125 0.03515625 0.034375
2 0.46796875 0.2171875 0.0234375 0.06015625
1 0.48203125 0.11640625 0.02734375 0.084375
1 0.13125 0.19609375 0.0546875 0.059375
2 0.5296875 0.9609375 0.02265625 0.0671875
2 0.6234375 0.6484375 0.065625 0.05078125
2 0.58828125 0.5 0.05859375 0.09765625
3 0.69921875 0.61015625 0.05859375 0.04765625
1 0.528125 0.3234375 0.0453125 0.090625
1 0.546875 0.0703125 0.02421875 0.08671875
1 0.565625 0.03203125 0.02421875 0.0625
1 0.59609375 0.07109375 0.02890625 0.0859375
1 0.61796875 0.03671875 0.02734375 0.065625
3 0.57734375 0.1046875 0.02734375 0.08046875
1 0.80078125 0.5796875 0.06796875 0.05703125
1 0.86484375 0.565625 0.06640625 0.04375
1 0.82578125 0.66171875 0.0640625 0.0578125
1 0.89296875 0.6296875 0.0640625 0.05625
1 0.9140625 0.73828125 0.0609375 0.0625
1 0.9703125 0.69921875 0.05859375 0.06796875
1 0.9828125 0.64765625 0.034375 0.04609375
1 0.97734375 0.59296875 0.0453125 0.0546875
1 0.94296875 0.175 0.05703125 0.059375
1 0.90234375 0.03828125 0.0484375 0.0484375
2 0.50234375 0.709375 0.040625 0.0390625
3 0.209375 0.42578125 0.1046875 0.071875