0 0.29935481406250003 0.85431105625 0.3062453328125 0.8565795390625001 0.308797378125 0.855672146875 0.34427079531250004 0.675554521875 0.344526 0.667841675 0.34197395625000004 0.6628510109375 0.3315105734375 0.655138165625 0.3253856671875 0.653777075 0.3192607609375 0.653777075 0.3164535109375 0.65468446875 0.3128806484375 0.656952953125 0.30343808437500003 0.70232263125 0.2784280484375 0.8248207640624999 0.2784280484375 0.8343483968750001 0.2873602046875 0.8479593015625 0.29935481406250003 0.85431105625
0 0.2891730796875 1 0.3176901484375 0.8849741312500001 0.319191046875 0.8787481828124999 0.31844059687500004 0.8743010765625 0.3124370046875 0.865851575 0.3051826625 0.8600703359375 0.2971778703125 0.8556232312500001 0.2916745765625 0.8578467828124999 0.28742203125 0.8609597578124999 0.28517068437500004 0.8640727328125 0.2751646953125 0.9040966875 0.27491454531250004 0.9009837140625001 0.248648825 1 0.2891730796875 1
0 0.5769725453125 0 0.556411159375 0.11099805 0.551897684375 0.1595875578125 0.56142613125 0.1649368625 0.5707038296875 0.1698403890625 0.5784770375 0.1658284125 0.601545909375 0.0200598890625 0.6010444109375 0 0.5769725453125 0
0 0.340827575 0.5971712640625 0.3439017859375 0.5964425624999999 0.3516897875 0.5621935687499999 0.3510749453125 0.5530847953125 0.3486155765625 0.5461621265625001 0.344721575 0.539968159375 0.2582337609375 0.49260253125000003 0.25454470625000003 0.489323371875 0.2520853375 0.48895902187500007 0.2504457578125 0.49223818125 0.2440923875 0.5140992390625 0.242862703125 0.52502976875 0.2447072296875 0.5406968609375 0.340827575 0.5971712640625
3 0.19609375 0.44765625 0.05234375 0.0640625
3 0.721875 0.44375 0.0859375 0.0828125
3 0.55078125 0.0734375 0.025 0.06484375
2 0.01640625 0.29375 0.03203125 0.04609375
2 0.15859375 0.46796875 0.0328125 0.0453125
2 0.0796875 0.08671875 0.0296875 0.04296875
2 0.25390625 0.06328125 0.02890625 0.0359375
2 0.67421875 0.08046875 0.021875 0.05078125
2 0.68203125 0.73828125 0.03359375 0.04140625
2 0.37421875 0.94609375 0.0265625 0.065625
2 0.3125 0.96328125 0.02578125 0.0703125
2 0.3328125 0.8625 0.0234375 0.0671875
2 0.3765625 0.84609375 0.02421875 0.06484375
2 0.40625 0.57265625 0.03046875 0.04140625
2 0.434375 0.615625 0.03359375 0.03828125
3 0.51640625 0.428125 0.04140625 0.0578125
1 0.03828125 0.2703125 0.04765625 0.0578125
1 0.20625 0.384375 0.0546875 0.0609375
1 0.31640625 0.428125 0.0546875 0.05234375
1 0.428125 0.53203125 0.05390625 0.05546875
1 0.375 0.30234375 0.05 0.053125
1 0.259375 0.4484375 0.0515625 0.053125
1 0.31640625 0.49296875 0.053125 0.053125
1 0.6125 0.6125 0.05546875 0.06015625
1 0.78203125 0.70546875 0.0578125 0.06796875
1 0.86015625 0.5984375 0.0546875 0.06640625
1 0.9734375 0.5484375 0.05234375 0.08359375
1 0.8296875 0.3046875 0.05078125 0.08125
2 0.54296875 0.1296875 0.01796875 0.053125