0 0.2837011859375 0.5951736203125 0.272420075 0.6146888359375 0.2578184671875 0.6452843828125 0.20276219687500002 0.7575859828125 0.20154035625 0.7647239828125 0.20408620000000002 0.7802440078124999 0.2113545703125 0.7880103265625 0.21981950625 0.7965711578125 0.22711315625 0.7964049671875 0.307581875 0.6269288890625 0.31049363125 0.6152504765625 0.3080389796875 0.6071958234375 0.29747319375000003 0.5981111921875 0.29090803125 0.5964743125 0.2837011859375 0.5951736203125
0 0.22049930624999997 0.7955508578125 0.21391642812499997 0.7929920781249999 0.2057436984375 0.7937068421875 0.1964433390625 0.8051502749999999 0.129937453125 0.923039859375 0.1712503640625 0.933340325 0.23111417968749998 0.8243457640624999 0.233052478125 0.816571671875 0.229243965625 0.8059885109374999 0.22049930624999997 0.7955508578125
0 0.6623521718750001 0.17793492500000002 0.6731394640625 0.180194896875 0.7326623328124999 0.045104721874999996 0.733203671875 0.042837390625 0.7025798 0.0352020015625 0.6657409484375 0.1159119703125 0.6518322249999999 0.1542615390625 0.6487812546875 0.1655296859375 0.6623521718750001 0.17793492500000002
2 0.64765625 0.13203125 0.03125 0.0578125
2 0.0859375 0.265625 0.0453125 0.053125
2 0.0765625 0.3125 0.046875 0.0625
2 0.20859375 0.3671875 0.0421875 0.05625
2 0.51640625 0.68828125 0.0453125 0.05625
2 0.58515625 0.4453125 0.0421875 0.046875
2 0.9578125 0.6265625 0.0453125 0.05625
2 0.3171875 0.48203125 0.0421875 0.053125
3 0.56484375 0.384375 0.0703125 0.0765625
3 0.115625 0.03359375 0.04375 0.0671875
1 0.090625 0.17109375 0.059375 0.0671875
1 0.10234375 0.11875 0.0578125 0.0703125
1 0.14921875 0.2453125 0.0703125 0.075
1 0.1390625 0.2921875 0.071875 0.0796875
1 0.2796875 0.3296875 0.065625 0.0671875
1 0.278125 0.3875 0.059375 0.065625
1 0.36328125 0.41015625 0.0671875 0.0671875
1 0.37578125 0.4765625 0.065625 0.0703125
1 0.38125 0.54921875 0.0703125 0.075
1 0.45078125 0.475 0.06875 0.06875
1 0.4640625 0.359375 0.065625 0.0703125
1 0.4640625 0.30390625 0.06875 0.071875
1 0.52890625 0.30625 0.0640625 0.0671875
1 0.6296875 0.40546875 0.06875 0.0734375
1 0.515625 0.584375 0.0734375 0.075
1 0.575 0.57109375 0.0703125 0.075
1 0.6125 0.67265625 0.071875 0.0765625
1 0.69140625 0.67890625 0.0765625 0.078125
1 0.78828125 0.62421875 0.071875 0.0796875
1 0.8765625 0.67578125 0.0734375 0.0890625
1 0.83984375 0.83359375 0.084375 0.0921875
1 0.8 0.9140625 0.0734375 0.071875
1 0.39140625 0.175 0.0625 0.0703125
1 0.390625 0.22734375 0.06875 0.0765625
1 0.46328125 0.246875 0.065625 0.0703125
1 0.240625 0.1796875 0.0625 0.065625
1 0.22578125 0.271875 0.0625 0.065625