0 0.7401027890625 0.6761827640625 0.7268743546875001 0.6735384718749999 0.7032945109375001 0.6797889921875 0.6881600109375 0.6854194828125 0.6822680375 0.69097399375 0.714800246875 0.8002274312500001 0.7344933171875 0.8075738296875 0.7521937249999999 0.80427484375 0.7722235734375 0.7970523984375 0.77837709375 0.7925468984374999 0.77329543125 0.7774719875 0.7520605109375 0.68434358125 0.7401027890625 0.6761827640625
3 0.8875689359375001 0.322986753125 0.883834821875 0.3291880265625 0.8827740625 0.3366991046875 0.8865298953125 0.34235048749999997 0.9477199640625 0.3359876453125 0.9719464468749999 0.3296179140625 0.9722693874999999 0.3273863078125 0.9678127640625 0.309511765625 0.9343537078124999 0.312968953125 0.9240908421875 0.316515946875 0.9076085078125 0.318649109375 0.8875689359375001 0.322986753125
3 0.4263163 0.4264787734375 0.42424813281249996 0.42102620625 0.414280259375 0.41515596875 0.40296452968749996 0.4124069578125 0.3301175890625 0.4556362640625 0.3545101578125 0.4710401015625 0.4263163 0.4264787734375
3 0.6432507046875 0.7957344078124999 0.6673514421875 0.8683548984374999 0.6723073484375 0.8729323265625 0.68102925 0.8707577125 0.684271375 0.8815755062499999 0.6877496125 0.8889689703125001 0.6987391796875 0.8871468171875 0.7042184687499999 0.889452090625 0.7171780984375 0.8889744531250001 0.7250381875 0.8833432984374999 0.726608334375 0.876526840625 0.7338117328125 0.8704475140625 0.7313492734375 0.8649424484375 0.7231099249999999 0.8581241625 0.7239107328125 0.8438507390625001 0.7188318484375 0.8344087515625 0.7133835453125 0.8256707750000001 0.7058525296875 0.8085794890625 0.7134046890625 0.806084621875 0.70470393125 0.78867308125 0.6938481578125 0.7779178734375 0.666502384375 0.7862656968749999 0.6432507046875 0.7957344078124999
2 0.6171875 0.69375 0.0421875 0.0421875
2 0.76875 0.67734375 0.0390625 0.040625
2 0.8765625 0.5328125 0.0609375 0.034375
2 0.97734375 0.4640625 0.0453125 0.028125
2 0.171875 0.19375 0.040625 0.046875
1 0.740625 0.94609375 0.0546875 0.0296875
1 0.1 0.53515625 0.128125 0.065625
1 0.22890625 0.5609375 0.1234375 0.0625
1 0.07734375 0.63671875 0.1171875 0.05625
1 0.41875 0.55546875 0.1203125 0.0578125
1 0.640625 0.51484375 0.1109375 0.05625
1 0.7734375 0.53828125 0.0953125 0.0484375
1 0.790625 0.46171875 0.0953125 0.0515625
1 0.94375 0.44296875 0.0953125 0.0453125
1 0.53203125 0.18125 0.0625 0.06875
1 0.4828125 0.040625 0.0625 0.071875
1 0.22734375 0.08828125 0.06875 0.0796875
1 0.17578125 0.10625 0.0578125 0.075
1 0.2640625 0.16015625 0.0609375 0.071875
1 0.2109375 0.16875 0.0609375 0.0734375
1 0.34140625 0.071875 0.0640625 0.075
1 0.1921875 0.9296875 0.140625 0.0859375
1 0.31328125 0.9890625 0.1140625 0.021875
1 0.359375 0.38984375 0.1015625 0.065625
1 0.775 0.01328125 0.1125 0.0265625
1 0.93984375 0.30234375 0.05625 0.0390625
1 0.95390625 0.35625 0.0546875 0.0390625