0 0.294494065625 0.8568909781249999 0.305343765625 0.8616059109374999 0.307754809375 0.85603371875 0.3424738484375 0.6751518171875001 0.3424738484375 0.6678651062500001 0.33909838593749997 0.6614356546875 0.3224621796875 0.6545775734375 0.3133002125 0.6537203125 0.3096836453125 0.6601497640625 0.30437934843750003 0.6884393515625 0.2752057125 0.8307445437500001 0.2761701296875 0.8406030359375001 0.2831621578125 0.8504615281250001 0.294494065625 0.8568909781249999
0 0.3175689921875 0.8830613640625 0.3166687265625 0.8750589953125001 0.3087913953125 0.865456153125 0.29978872968750003 0.8598544953125 0.2896607328125 0.8578539031249999 0.2840340671875 0.8626553234375001 0.280207934375 0.8710578109375 0.27525646875 0.8954650359375 0.24644794218750002 1 0.287410065625 0.99989594375 0.315768459375 0.888262903125 0.3175689921875 0.8830613640625
0 0.5736594078125 0 0.5540237515624999 0.11046782343749999 0.55079256875 0.1391894578125 0.5497983578125 0.1630505078125 0.5584976984375001 0.1679110921875 0.568439803125 0.1723298046875 0.5768905921874999 0.1674692203125 0.5992603265625001 0.0282797625 0.6007516421875 0 0.5736594078125 0
0 0.1220180828125 0.41001362343750003 0.11855165937500001 0.42028450624999997 0.11624071093749999 0.43178789375 0.11670290000000001 0.4395937640625 0.11924494375000001 0.44822130624999995 0.21145179062500002 0.5209391531249999 0.22462419687500002 0.48642898749999997 0.22369981718749998 0.4814989640625 0.22023339531250002 0.4716389171875 0.213993834375 0.46218970625000005 0.139581290625 0.4071377765625 0.1298753078125 0.3985102359375 0.12710216875 0.400975246875 0.1220180828125 0.41001362343750003
3 0.05546875 0.340625 0.05078125 0.06015625
3 0.9359375 0.5859375 0.08984375 0.10625
3 0.728125 0.528125 0.04140625 0.05703125
3 0.5484375 0.075 0.025 0.065625
2 0.07109375 0.3921875 0.034375 0.05078125
2 0.3296875 0.28828125 0.028125 0.03984375
2 0.26953125 0.50546875 0.03203125 0.04453125
2 0.30234375 0.54375 0.03203125 0.04453125
2 0.671875 0.734375 0.03359375 0.0421875
2 0.9328125 0.81328125 0.03828125 0.04765625
2 0.90234375 0.9046875 0.03984375 0.046875
2 0.540625 0.1296875 0.01796875 0.05390625
1 0.09453125 0.32109375 0.05390625 0.0609375
1 0.14921875 0.1765625 0.0484375 0.059375
1 0.20859375 0.38359375 0.0546875 0.0625
1 0.3015625 0.47890625 0.05234375 0.05625
1 0.165625 0.66796875 0.04765625 0.09296875
2 0.371875 0.9484375 0.02734375 0.0671875
1 0.7171875 0.66640625 0.05703125 0.06953125
1 0.83828125 0.775 0.0609375 0.0625
1 0.94140625 0.6671875 0.05625 0.07109375
1 0.71640625 0.478125 0.053125 0.05546875
1 0.5234375 0.390625 0.05234375 0.059375
1 0.1421875 0.38671875 0.05078125 0.0515625
1 0.43359375 0.5265625 0.05234375 0.05234375
1 0.60625 0.675 0.0546875 0.06015625
1 0.59296875 0.55859375 0.05390625 0.05703125
1 0.4984375 0.1265625 0.02890625 0.078125
1 0.36953125 0.45546875 0.05390625 0.05390625