1 0.06392045468749999 0.2832491578125 0.05681818125 0.27483165 0.023910984375 0.2512626265625 0.015151515625 0.265572390625 0.012784090625 0.2769360265625 0.0142045453125 0.277356903125 0.013494318750000001 0.28114478125 0.04900568125 0.308922559375 0.051846590625 0.3080808078125 0.058948864062499995 0.2988215484375 0.06392045468749999 0.2832491578125
1 0.1096117421875 0.3236531984375 0.087594696875 0.31186868749999996 0.08120265156249999 0.31902356875 0.0769412875 0.3329124578125 0.0788352265625 0.3396464640625 0.11529356093750001 0.3644781140625 0.12334280312499998 0.3510101015625 0.1261837125 0.340488215625 0.1096117421875 0.3236531984375
1 0.1872632578125 0.35563973125000004 0.150804925 0.3367003375 0.14512310625 0.34469696875 0.141098484375 0.35521885625 0.14228219687500002 0.36742424218749997 0.18300189375 0.3876262625 0.18963068125 0.36868686875 0.1901041671875 0.3611111109375 0.1872632578125 0.35563973125000004
2 0.1403882578125 0.4457070703125 0.1380208328125 0.43644781093749996 0.128787878125 0.428030303125 0.1119791671875 0.41877104374999996 0.1086647734375 0.4322390578125 0.1096117421875 0.43981481406249995 0.1223958328125 0.45580808125 0.1316287875 0.4646464640625 0.13423295468750002 0.4638047140625 0.1403882578125 0.4457070703125
2 0.119554925 0.3758417515625 0.11126893906249999 0.3665824921875 0.09682765156249999 0.3577441078125 0.0935132578125 0.3611111109375 0.0894886359375 0.377946128125 0.1105587125 0.40319865312500003 0.1136363640625 0.40319865312500003 0.12286931875 0.384259259375 0.119554925 0.3758417515625
2 0.3271780296875 0.5374579125000001 0.31273674218749997 0.5294612796875 0.3020833328125 0.5244107734375001 0.2987689390625 0.53114478125 0.297348484375 0.5416666671875 0.2956912875 0.547558921875 0.3191287875 0.5707070703125 0.32481060624999997 0.5614478109375 0.328125 0.545875421875 0.3271780296875 0.5374579125000001
0 0.28622159062499997 0.99326599375 0.2959280296875 0.9617003375 0.33877840937500003 0.790824915625 0.3300189390625 0.78072390625 0.3155776515625 0.7731481484375 0.30610795468749996 0.777777778125 0.2518939390625 0.971801346875 0.26065340937500003 0.98148148125 0.27556818125000004 0.9890572390625 0.28622159062499997 0.99326599375
3 0.26278409062499997 0.4356060609375 0.25449810624999997 0.422558921875 0.22395833281250002 0.40446127968749995 0.21306818125000002 0.402356903125 0.20643939375000003 0.43518518593750005 0.20928030312499998 0.446969696875 0.22277462187500002 0.45538720625 0.253787878125 0.46969696875 0.26278409062499997 0.4356060609375
1 0.36340071093750004 0.478114478125 0.32268101250000003 0.45454545468749996 0.31652571093750004 0.4608585859375 0.31273783125 0.4768518515625 0.31226325781250003 0.4869528625 0.3323863640625 0.502525253125 0.35795454531250004 0.5193602687500001 0.3671885890625 0.4877946125 0.36340071093750004 0.478114478125
1 0.2656260890625 0.390572390625 0.24076813437500003 0.38257575781250003 0.23437608906250001 0.38257575781250003 0.23106169531249998 0.40530303125 0.26373215 0.42592592656250006 0.2772264671875 0.4335016828125 0.2824348015625 0.4006734015625 0.2656260890625 0.390572390625
1 0.12997267968749998 0.17045454531249998 0.1238173765625 0.1586700328125 0.10748215000000001 0.1456228953125 0.0897264671875 0.13089225625 0.0804935125 0.1506734015625 0.0814404828125 0.1548821546875 0.08617533125 0.165404040625 0.11766207343749999 0.1914983171875 0.125711315625 0.18139730625 0.12997267968749998 0.17045454531249998
1 0.2767529828125 0.26010101093750004 0.2739120734375 0.24368686875 0.2627851796875 0.2369528625 0.23295563437500003 0.22180134687500003 0.227273815625 0.240740740625 0.227273815625 0.24915824843749998 0.24976434687500002 0.26641414218750004 0.263021921875 0.2765151515625 0.272018134375 0.27483165 0.2767529828125 0.26010101093750004
2 0.191762453125 0.16877104375000002 0.19933821093749998 0.171296296875 0.2026526046875 0.1628787875 0.197207528125 0.15614478125 0.19531358906250001 0.1477272734375 0.186080634375 0.1384680140625 0.17779465 0.13047138125 0.17092911875 0.14478114375 0.1723495734375 0.1574074078125 0.17542722500000002 0.16456228906249998 0.18229275625000002 0.1662457921875 0.191762453125 0.16877104375000002
1 0.34635525624999997 0.8691077437500001 0.35061661875 0.8615319859374999 0.3610332859375 0.8122895625 0.3648211640625 0.79461279375 0.36079654375 0.7849326609375 0.3465919984375 0.7819865328125 0.3371223015625 0.8139730640625 0.3293098015625 0.8489057234375 0.3297832859375 0.8581649828125 0.34635525624999997 0.8691077437500001
1 0.36198025624999997 0.9608585859375 0.37736851250000003 0.9667508421875001 0.3799726796875 0.9608585859375 0.39323025624999997 0.8796296296874999 0.39323025624999997 0.8640572390625 0.3797359375 0.8590067343750001 0.3738173765625 0.8611111109375 0.36955601250000003 0.8834175078125 0.3610332859375 0.928451178125 0.35771889218749997 0.9545454546875 0.36198025624999997 0.9608585859375
1 0.5833333328125 0.6292087546875 0.5610795453125 0.6132154875 0.5419034093749999 0.6035353531250001 0.5310132578125 0.60690235625 0.5276988640625 0.6127946125 0.529592803125 0.6367845125 0.5447443187500001 0.64983165 0.5712594703125 0.6620370375 0.5795454546875 0.6578282828125 0.5833333328125 0.6292087546875
1 0.697679925 0.66919191875 0.6640625 0.6485690234375 0.652462121875 0.6485690234375 0.6472537875000001 0.6641414140624999 0.6463068187500001 0.6830808078125 0.69981060625 0.7163299671875001 0.7021780296875 0.70538720625 0.709280303125 0.672558921875 0.697679925 0.66919191875
1 0.46141098437499994 0.5635521890625 0.458096590625 0.5555555562500001 0.4171401515625 0.5340909093749999 0.40980113593749995 0.5391414140624999 0.4060132578125 0.5610269359375 0.40743371249999993 0.5707070703125 0.454782196875 0.5917508421875 0.4590435609375 0.577441078125 0.46141098437499994 0.5635521890625
1 0.4734848484375 0.5496633 0.478219696875 0.540404040625 0.479403409375 0.5231481484375 0.4784564390625 0.515572390625 0.43631628750000007 0.49452861875 0.43087121249999993 0.49873737343749996 0.428030303125 0.5151515140625 0.4270833328125 0.522306396875 0.431344696875 0.527777778125 0.4375 0.5336700328124999 0.4611742421875 0.5454545453125 0.4734848484375 0.5496633
2 0.566524621875 0.4246633 0.5473484843749999 0.4111952859375 0.54356060625 0.41708754218750005 0.5390625 0.43855218906250004 0.5411931812499999 0.44865319843749996 0.5636837124999999 0.45412457812499996 0.5714962124999999 0.4507575765625 0.5714962124999999 0.43813131250000004 0.566524621875 0.4246633
3 0.449100378125 0.35900673437499997 0.44081439375000003 0.352693603125 0.41524621249999993 0.3362794609375 0.4064867421875 0.359427609375 0.4093276515625 0.36826599375 0.442945075 0.396885521875 0.44673295468749996 0.39436026874999996 0.4528882578125 0.374579125 0.449100378125 0.35900673437499997
1 0.5371685609375 0.2542087546875 0.5459280296875 0.196127946875 0.54356060625 0.1872895625 0.5286458328125 0.1822390578125 0.517282196875 0.25168350156249997 0.5246212124999999 0.259259259375 0.5331439390625 0.26010101093750004 0.5371685609375 0.2542087546875
1 0.5537405296875 0.1860269359375 0.5627367421875 0.128367003125 0.5622632578125 0.1203703703125 0.5494791671875 0.1144781140625 0.546875 0.1170033671875 0.53574810625 0.17466330000000002 0.53574810625 0.18686868750000002 0.5487689390625 0.1927609421875 0.5537405296875 0.1860269359375
2 0.5184659093749999 0.221380471875 0.525094696875 0.19318181875 0.5205965906250001 0.184343434375 0.5108901515625 0.1822390578125 0.5052083328125 0.215909090625 0.5085227265625 0.23316498281250003 0.5120738640625 0.234006734375 0.5184659093749999 0.221380471875
2 0.5419034093749999 0.1081649828125 0.5461647734375 0.1022727265625 0.5511363640625 0.095959596875 0.5577651515625 0.06986531875 0.5558712124999999 0.060185185937499996 0.5440340906250001 0.05681818125 0.5383522734375 0.08080808125 0.5378787875000001 0.09385521875 0.5383522734375 0.1073232328125 0.5419034093749999 0.1081649828125
1 0.49431818125 0.171296296875 0.4990530296875 0.1670875421875 0.5035511359375 0.1569865328125 0.5125473484375 0.1144781140625 0.5063920453125 0.0993265984375 0.493844696875 0.1014309765625 0.4834280296875 0.1456228953125 0.482717803125 0.16119528593750002 0.48650568125 0.1679292921875 0.49431818125 0.171296296875
0 0.5861742421875 0.1047979796875 0.6074810609375 0.0008417515625 0.5802556812499999 0.0025252531250000002 0.5667613640625 0.06818181875 0.5634469703125 0.1022727265625 0.5812026515625 0.11026936093749999 0.5861742421875 0.1047979796875
2 0.6872632578125 0.1174242421875 0.689157196875 0.10016834999999999 0.6811079546875 0.0744949484375 0.669507575 0.084175084375 0.6640625 0.095959596875 0.6744791671875 0.11952861875000001 0.68300189375 0.128787878125 0.6882102265625 0.12457912499999999 0.6872632578125 0.1174242421875
1 0.79237689375 0.7045454546875 0.7975852265625 0.6864478109375 0.7947443187500001 0.671717171875 0.778882575 0.6611952859375 0.7644412875000001 0.64983165 0.7497632578125 0.6422558921875 0.7440814390625 0.647306396875 0.740530303125 0.6586700328124999 0.73768939375 0.6670875421875 0.7443181812499999 0.6805555562500001 0.761600378125 0.6902356890625 0.7843276515625 0.7045454546875 0.79237689375 0.7045454546875
2 0.9583333328125001 0.8792087546875 0.9467329546875 0.884259259375 0.94081439375 0.8821548828125 0.9384469703124999 0.8855218859375 0.9443655296875001 0.9006734015625 0.96661931875 0.9271885515625 0.9756155296875001 0.9271885515625 0.9808238640625 0.902356903125 0.9583333328125001 0.8792087546875
1 0.9910037875000001 0.6919191921875 0.9910037875000001 0.677609428125 0.9775094703124999 0.6616161625 0.9545454546875 0.6422558921875 0.9455492421875 0.6397306390625 0.9427083328125001 0.6414141421874999 0.9377367421875 0.65614478125 0.935842803125 0.6670875421875 0.9635416671874999 0.6931818187500001 0.9831912875000001 0.709175084375 0.9857954546875 0.7083333328125 0.9910037875000001 0.6919191921875
1 0.843276515625 0.55597643125 0.810842803125 0.5336700328124999 0.7975852265625 0.5328282828125 0.7926136359375 0.5627104375 0.7942708328125 0.5622895625 0.8423295453125 0.59343434375 0.8465909093749999 0.58122895625 0.84706439375 0.5631313125 0.843276515625 0.55597643125
1 0.8345170453125 0.35606060624999997 0.80255681875 0.303451178125 0.785274621875 0.3358585859375 0.8212594703124999 0.39478114375 0.826467803125 0.3893097640625 0.8373579546875 0.372474746875 0.8345170453125 0.35606060624999997
1 0.857717803125 0.32449494843750004 0.8487215906250001 0.3085016828125 0.8255208328125001 0.272306396875 0.8214962124999999 0.271464646875 0.8049242421875 0.297558921875 0.8423295453125 0.353535353125 0.8496685609375 0.352693603125 0.8581912875000001 0.334175084375 0.857717803125 0.32449494843750004