1 0.25625 0.95859375 0.115625 0.0609375
1 0.140625 0.875 0.1421875 0.0796875
1 0.14296875 0.93671875 0.1359375 0.0640625
1 0.09296875 0.56328125 0.13125 0.05625
1 0.24140625 0.52421875 0.109375 0.0515625
1 0.1796875 0.478125 0.1203125 0.0515625
1 0.04921875 0.4921875 0.0984375 0.05
1 0.01875 0.52421875 0.0375 0.0390625
1 0.33984375 0.45703125 0.1203125 0.0609375
1 0.353125 0.5734375 0.1109375 0.053125
2 0.38671875 0.53125 0.071875 0.0359375
2 0.4890625 0.57265625 0.0625 0.0375
2 0.5375 0.53671875 0.0703125 0.0390625
2 0.7203125 0.5609375 0.065625 0.0359375
2 0.696875 0.690625 0.05 0.0453125
2 0.55625 0.69375 0.04375 0.04375
2 0.978125 0.46796875 0.04375 0.0296875
1 0.90859375 0.49765625 0.103125 0.0484375
1 0.88984375 0.46953125 0.096875 0.0453125
1 0.75234375 0.5 0.096875 0.04375
1 0.61875 0.50859375 0.1015625 0.046875
1 0.84140625 0.83984375 0.0765625 0.0671875
1 0.55625 0.75859375 0.06875 0.06875
3 0.62734375 0.9 0.1 0.1296875
1 0.9140625 0.4015625 0.0984375 0.0421875
1 0.95078125 0.3734375 0.0734375 0.0390625
1 0.90625 0.34921875 0.103125 0.04375
1 0.94296875 0.3234375 0.075 0.04375
3 0.871875 0.375 0.0953125 0.046875
1 0.44140625 0.34453125 0.1078125 0.06875
1 0.50625 0.225 0.065625 0.0671875
1 0.86171875 0.11328125 0.096875 0.0640625
1 0.8203125 0.05 0.115625 0.0703125
1 0.75234375 0.025 0.0796875 0.05
1 0.90234375 0.0328125 0.0578125 0.0609375
1 0.34609375 0.15 0.059375 0.071875
1 0.346875 0.0875 0.06875 0.071875
1 0.3578125 0.03671875 0.05625 0.0484375
1 0.29296875 0.103125 0.053125 0.0703125
1 0.26796875 0.1640625 0.0625 0.0734375
1 0.21953125 0.165625 0.05625 0.06875
1 0.24140625 0.0890625 0.0609375 0.0828125
1 0.19375 0.10703125 0.05625 0.06875
2 0.18125 0.18828125 0.04375 0.0515625
2 0.17890625 0.059375 0.0578125 0.0375
3 0.30546875 0.04296875 0.0609375 0.04375
0 0.6546875 0.74453125 0.0875 0.134375