0 1 0.3081910734375 0.9984736249999999 0.3063776984375 0.8608180578125 0.32521645625 0.7941347546874999 0.335665015625 0.7872374343749999 0.343753315625 0.788270225 0.3538364734375 0.7972022453125 0.366165990625 0.8113805109375001 0.372757390625 1 0.347364828125 1 0.3081910734375
0 1 0.475421753125 0.8173615296875001 0.49307951875 0.8089956015625 0.49422796875 0.807138053125 0.49753533125000005 0.819479353125 0.51917546875 0.8357009578125 0.5249746281250001 1 0.5108302046875 1 0.475421753125
3 0.75234375 0.4734375 0.146875 0.0546875
0 0.1093786609375 0.36031901093749996 0.0130209921875 0.3633712234375 0.009383356249999999 0.3929973875 0.13977055 0.3926463078125 0.1431371453125 0.379765209375 0.14016699375 0.3676110875 0.1093786609375 0.36031901093749996
3 0.5328125 0.88515625 0.06875 0.0578125
3 0.3359375 0.4203125 0.0609375 0.05
1 0.165625 0.01015625 0.071875 0.0203125
1 0.1984375 0.1078125 0.071875 0.0640625
1 0.3296875 0.15546875 0.065625 0.059375
1 0.2625 0.1609375 0.0640625 0.05625
1 0.29140625 0.32109375 0.0578125 0.0546875
1 0.33515625 0.3421875 0.0703125 0.0640625
1 0.4203125 0.4421875 0.065625 0.0578125
1 0.40390625 0.52265625 0.065625 0.0609375
1 0.4578125 0.5609375 0.05625 0.059375
2 0.21171875 0.19140625 0.0421875 0.0359375
2 0.3671875 0.53046875 0.04375 0.0390625
2 0.40546875 0.6171875 0.040625 0.0359375
2 0.4515625 0.759375 0.040625 0.0359375
2 0.50234375 0.90546875 0.046875 0.0375
2 0.684375 0.83984375 0.0453125 0.0421875
1 0.78203125 0.96328125 0.0828125 0.0734375
1 0.71875 0.79921875 0.0671875 0.0703125
1 0.69921875 0.8984375 0.065625 0.0625
1 0.628125 0.81953125 0.06875 0.06875
1 0.64375 0.696875 0.065625 0.065625
1 0.65 0.62578125 0.0921875 0.075
1 0.84375 0.71875 0.0546875 0.0640625
1 0.63046875 0.49765625 0.1046875 0.0375
1 0.2625 0.25078125 0.059375 0.053125
2 0.77890625 0.5078125 0.0671875 0.0296875