0 0.18813274062500002 0.370060203125 0.188978915625 0.384100428125 0.199697121875 0.40415789062499996 0.3034944953125 0.407166509375 0.30772536562499997 0.40215214374999997 0.3096997734375 0.38861335625 0.3096997734375 0.3670515828125 0.304622728125 0.35401423125 0.2941865796875 0.3444869359375 0.2140820828125 0.3444869359375 0.1932097859375 0.3439855 0.188978915625 0.35401423125 0.18813274062500002 0.370060203125
3 0.2304462359375 0.40812644374999996 0.229862828125 0.413830878125 0.2053596828125 0.40968219687499996 0.194274928125 0.40605210312500006 0.179981428125 0.40864502812500003 0.16772985625 0.401903421875 0.1656879265625 0.41071936875 0.16072895781250002 0.411237953125 0.1572285078125 0.41590521875 0.156936803125 0.42679550468749994 0.15956214062500002 0.435092865625 0.1610206609375 0.444427396875 0.167146446875 0.45065041875 0.17648097812500002 0.4547990984375 0.17939802031250002 0.4589477796875 0.18639891875 0.4651708 0.25494938125 0.468282309375 0.258741534375 0.44650173750000005 0.25990835 0.4200538984375 0.2555327890625 0.41331229374999995 0.24619825781250002 0.40864502812500003 0.2304462359375 0.40812644374999996
3 0.5696644421875 0.1550768796875 0.578078984375 0.158068715625 0.5834081921875 0.15457823906249998 0.587334978125 0.148594565625 0.586213040625 0.13064354375 0.5850911015625 0.11568435937499999 0.5850911015625 0.10820476875 0.5808838296875 0.07130544531250001 0.5618108703125 0.0752945609375 0.5620913562500001 0.096736059375 0.5696644421875 0.1550768796875
2 0.98046875 0.7421875 0.0390625 0.0359375
2 0.75390625 0.746875 0.03515625 0.0296875
2 0.52890625 0.96953125 0.01640625 0.0609375
2 0.24765625 0.77578125 0.034375 0.03359375
2 0.1640625 0.2921875 0.0328125 0.04375
2 0.171875 0.32421875 0.034375 0.03515625
2 0.20546875 0.3109375 0.03359375 0.03671875
2 0.296875 0.33125 0.03046875 0.03125
1 0.109375 0.41171875 0.05625 0.04453125
1 0.1578125 0.36796875 0.0546875 0.04140625
1 0.2515625 0.31484375 0.0546875 0.0375
1 0.2890625 0.48046875 0.05078125 0.04140625
1 0.92265625 0.7375 0.0609375 0.040625
1 0.9265625 0.6875 0.06796875 0.0484375
1 0.8578125 0.63828125 0.059375 0.03828125
1 0.92109375 0.5828125 0.05859375 0.04296875
1 0.87421875 0.4328125 0.05546875 0.05078125
1 0.93515625 0.315625 0.05234375 0.07890625
1 0.54296875 0.078125 0.025 0.0875
1 0.59375 0.0796875 0.02421875 0.08671875
1 0.7328125 0.69765625 0.05625 0.0453125
1 0.6984375 0.584375 0.05546875 0.06015625
1 0.48828125 0.159375 0.015625 0.05234375
1 0.10859375 0.809375 0.046875 0.1015625
1 0.19921875 0.89140625 0.05234375 0.11640625