0 0.2828125 0.9328125 0.07109375 0.134375
0 0.4724472859375 0.8307454265625 0.4770578515625 0.8230310171875 0.4952289 0.6325815421875001 0.4927880125 0.61136691875 0.4662094625 0.6017239062499999 0.460514059375 0.6489746625 0.443699059375 0.7984413375 0.44559752656249996 0.8230310171875 0.4615988984375 0.8283346734375 0.4724472859375 0.8307454265625
0 0.39837908125 0.39346082187500003 0.40713726718750004 0.3909359390625 0.43033462343749995 0.2465968359375 0.42867766874999996 0.238601375 0.42560046875 0.2306059140625 0.4232333921875 0.2251353359375 0.414001790625 0.2205063859375 0.40737397499999994 0.21882313125000002 0.403823359375 0.22345208125 0.40027274375 0.24407195312500002 0.37896905 0.3635830484375 0.38180954218749996 0.38756942968749997 0.3900943125 0.3905151265625 0.39837908125 0.39346082187500003
0 0.42044372656249995 0.2214683 0.4355948515625 0.1028780109375 0.43370096093750005 0.0852952234375 0.426967128125 0.0808060015625 0.4193915640625 0.078561390625 0.4111847046875 0.0789354921875 0.4061343296875 0.11073415 0.39392925624999997 0.202015003125 0.3966648765625 0.2293244390625 0.40255698124999995 0.23156905 0.42044372656249995 0.2214683
0 0.5589057796875 0.108367221875 0.565495678125 0.1127604875 0.5743508546875 0.11056385625000001 0.59617989375 0.00036610624999999997 0.569202496875 0.0007322109375 0.555816765625 0.0673634078125 0.5539633562499999 0.0842042609375 0.552109946875 0.10214342968750001 0.5589057796875 0.108367221875
3 0.50703125 0.06484375 0.03671875 0.11953125
3 0.5015625 0.4609375 0.02421875 0.07890625
3 0.14296875 0.16328125 0.04375 0.0546875
3 0.290625 0.27421875 0.0453125 0.05625
3 0.884375 0.74140625 0.0828125 0.05859375
2 0.76171875 0.81328125 0.03671875 0.0375
2 0.70078125 0.7921875 0.03515625 0.040625
2 0.8203125 0.86640625 0.0375 0.0421875
2 0.47734375 0.53828125 0.01796875 0.06015625
2 0.55390625 0.23515625 0.01875 0.0546875
2 0.1828125 0.22109375 0.03125 0.0390625
2 0.25390625 0.19140625 0.03125 0.0390625
2 0.3515625 0.259375 0.03046875 0.0390625
2 0.18828125 0.184375 0.0296875 0.0390625
2 0.09765625 0.06328125 0.03125 0.0375
1 0.13828125 0.265625 0.05 0.06171875
1 0.24296875 0.25703125 0.04765625 0.05546875
1 0.25078125 0.45859375 0.05390625 0.05859375
1 0.08203125 0.16328125 0.04765625 0.06015625
1 0.4609375 0.26640625 0.03203125 0.084375
1 0.53203125 0.14453125 0.02734375 0.09453125
1 0.69921875 0.74609375 0.06796875 0.07109375
1 0.690625 0.67578125 0.05625 0.053125
1 0.78046875 0.71953125 0.06015625 0.0640625
1 0.88671875 0.83203125 0.0625 0.05234375