0 0.187010375 0.37747825625 0.187925596875 0.3942912234375 0.199518409375 0.4100194828125 0.30202328125 0.415443021875 0.306599390625 0.41218889843750006 0.3090399828125 0.3948335765625 0.308734909375 0.3725970703125 0.30202328125 0.35849587031249996 0.2931761328125 0.3525299796875 0.207450334375 0.3530723328125 0.19372200312500001 0.35144527187499996 0.188230671875 0.35903822500000004 0.187010375 0.37747825625
3 0.19385675156249998 0.4181965015625 0.17968593593749999 0.4171888 0.1737341953125 0.41416569374999995 0.158996546875 0.4121502875 0.143125234375 0.41466954375 0.13887398906249998 0.408119478125 0.132922246875 0.40912718124999997 0.1295212515625 0.41466954375 0.12243584375000001 0.4181965015625 0.11960167968749999 0.42474656875 0.12158559375 0.4338158890625 0.1249865890625 0.43734284843750004 0.12527000625 0.45145068125 0.12782075312500002 0.454977640625 0.134339328125 0.454977640625 0.142274984375 0.4595123015625 0.1442588984375 0.4645508125 0.1496438078125 0.4640469625 0.1504940578125 0.468581621875 0.1731673625 0.47110087968750003 0.1788356875 0.47966635 0.1884718421875 0.47160473124999996 0.2185139703125 0.47462783750000004 0.22304863125000002 0.45346608593750004 0.22361546406250002 0.42474656875 0.2128456453125 0.4166849484375 0.19555725 0.41416569374999995 0.19385675156249998 0.4181965015625
3 0.56769949375 0.15755495625 0.5735520671875001 0.15904132499999998 0.5805194140625 0.15705950156249998 0.5849785171875 0.150618575 0.582191578125 0.1189094015625 0.583306353125 0.10999119531249998 0.57801116875 0.07233655312500001 0.559896065625 0.0777865671875 0.5593386765624999 0.09314569687499999 0.56769949375 0.15755495625
2 0.4 0.178125 0.01484375 0.0515625
2 0.43671875 0.03359375 0.01640625 0.053125
2 0.31484375 0.471875 0.03125 0.03046875
2 0.2953125 0.3359375 0.0296875 0.02890625
2 0.51328125 0.953125 0.01640625 0.0625
2 0.8578125 0.7578125 0.03671875 0.03046875
3 0.6166015296875 0.54861174375 0.61044138125 0.5470472609375 0.584920765625 0.61431999375 0.6019345109375001 0.6367442375000001 0.6271617843749999 0.569993 0.6271617843749999 0.5621705890625 0.6166015296875 0.54861174375
1 0.05390625 0.42109375 0.0578125 0.04296875
1 0.06640625 0.36484375 0.05859375 0.0359375
1 0.10390625 0.8140625 0.025 0.09765625
1 0.48359375 0.88203125 0.0265625 0.1078125
1 0.56484375 0.83515625 0.0296875 0.1046875
1 0.51328125 0.7171875 0.02890625 0.1015625
1 0.4765625 0.5484375 0.02734375 0.10546875
1 0.46484375 0.3640625 0.02578125 0.09375
1 0.41640625 0.27265625 0.0265625 0.08359375
1 0.465625 0.090625 0.0203125 0.0828125
1 0.59140625 0.08125 0.025 0.08828125
1 0.540625 0.08046875 0.025 0.08671875
1 0.82421875 0.434375 0.05234375 0.040625
1 0.94296875 0.684375 0.0671875 0.0453125
1 0.93359375 0.73515625 0.059375 0.0390625
1 0.90234375 0.1890625 0.03515625 0.0984375
1 0.96484375 0.45390625 0.05546875 0.04765625
1 0.86796875 0.66953125 0.05859375 0.040625
1 0.478125 0.22734375 0.025 0.08203125
1 0.19921875 0.9015625 0.05078125 0.1140625