1 0.103125 0.80859375 0.03359375 0.10625
1 0.50234375 0.9578125 0.034375 0.0828125
3 0.55625 0.846875 0.025 0.11328125
1 0.4921875 0.68203125 0.03515625 0.11328125
1 0.56640625 0.66015625 0.03671875 0.1078125
1 0.58984375 0.8390625 0.0328125 0.10625
1 0.50390625 0.50625 0.0296875 0.09375
1 0.43828125 0.47109375 0.03515625 0.09765625
2 0.46953125 0.378125 0.021875 0.0578125
2 0.41875 0.36171875 0.02265625 0.059375
2 0.43984375 0.2109375 0.01953125 0.06484375
2 0.403125 0.15625 0.01796875 0.05625
2 0.29609375 0.334375 0.0328125 0.03359375
2 0.315625 0.4734375 0.034375 0.04453125
1 0.259375 0.484375 0.0578125 0.0484375
3 0.15625 0.44375 0.0984375 0.075
0 0.2484375 0.3796875 0.12421875 0.0640625
1 0.471875 0.26171875 0.02890625 0.09296875
1 0.46484375 0.14609375 0.02734375 0.0875
1 0.64296875 0.51015625 0.0515625 0.08828125
1 0.75625 0.45234375 0.0625 0.0625
1 0.896875 0.45234375 0.0609375 0.05703125
1 0.8734375 0.7171875 0.06171875 0.0421875
1 0.8671875 0.66796875 0.05859375 0.0421875
1 0.921875 0.6359375 0.0625 0.040625
1 0.86875 0.5921875 0.05859375 0.05
1 0.92890625 0.578125 0.06015625 0.04921875
1 0.97890625 0.56171875 0.0421875 0.0453125
3 0.9796875 0.61328125 0.040625 0.04140625
1 0.9421875 0.6828125 0.0703125 0.0515625
1 0.9328125 0.73359375 0.06015625 0.0421875
2 0.98359375 0.73515625 0.0328125 0.03515625
2 0.859375 0.7578125 0.04296875 0.03046875
1 0.896875 0.13359375 0.0453125 0.10390625
1 0.540625 0.0796875 0.02734375 0.0875
1 0.5609375 0.03828125 0.02734375 0.0765625
1 0.5921875 0.08125 0.0265625 0.09453125
1 0.6125 0.03828125 0.03125 0.0765625
3 0.57265625 0.11796875 0.0328125 0.08984375