0 0 0.339427196875 0.1519508765625 0.36450756093750003 0.16419741875 0.364546628125 0.17264653125 0.36180852343750003 0.1785574390625 0.3526294734375 0.18318984375 0.34689378125000003 0.18435264375 0.3421279421875 0.1842239265625 0.33614249375 0.17457295781249998 0.3296575328125 0.1474414921875 0.32470191718749997 0 0.2978001859375 0 0.339427196875
0 0 0.5055613859375 0.1768484453125 0.5097100484375 0.19104213125 0.50870448125 0.20367759687500003 0.5042919265625 0.2096838375 0.4865223140625 0.21230752812499998 0.4733006140625 0.1798531171875 0.47165180781249993 0 0.46571081875000003 0 0.5055613859375
0 0.6218899328124999 0.376616253125 0.6173482953125 0.3883313828125 0.61750196875 0.3998765296875 0.622489984375 0.40305219374999995 0.7696194546874999 0.41088917656249996 0.7822214703125 0.40810101562499995 0.7896196015625 0.40456411562500005 0.79334636875 0.3982179671875 0.7957214609375 0.386210775 0.7934989890625 0.3803851171875 0.7749754359375001 0.379116071875 0.6474561890625 0.370285828125 0.6218899328124999 0.376616253125
0 0.935083784375 0.4031554359375 0.9455678656250001 0.39573648906250003 0.9491341656250001 0.38266186874999997 0.947253009375 0.3758431328125 0.9313627578125001 0.3753069171875 0.8207927296875001 0.36932828125 0.7925304468750001 0.37420895 0.7951088734375 0.398786178125 0.9184690874999999 0.4041274265625 0.935083784375 0.4031554359375
0 0.7409820671875 0.51024785625 0.722234496875 0.5120745984374999 0.7158824828125 0.52568823125 0.7169081125 0.533619784375 0.7260015015625 0.538980084375 0.882141865625 0.54434680625 0.8961026328124999 0.5408868984375 0.901018596875 0.532622065625 0.9021353265625001 0.522637665625 0.8978773312499999 0.519465903125 0.872663696875 0.5177544390625 0.7648942171875001 0.5105808546875 0.7409820671875 0.51024785625
3 0.2625 0.89296875 0.0875 0.0953125
3 0.34453125 0.49453125 0.0890625 0.0359375
3 0.796875 0.4625 0.13125 0.0484375
3 0.7953125 0.11875 0.05625 0.05
3 0.7 0.26875 0.059375 0.05
2 0.253125 0.478125 0.065625 0.028125
2 0.4828125 0.509375 0.059375 0.0203125
2 0.93203125 0.53203125 0.0546875 0.0234375
2 0.721875 0.32890625 0.040625 0.034375
2 0.7796875 0.1640625 0.040625 0.034375
2 0.76875 0.19921875 0.05 0.03125
2 0.7828125 0.2234375 0.04375 0.034375
2 0.88828125 0.17109375 0.040625 0.034375
2 0.21171875 0.721875 0.05 0.0421875
2 0.1734375 0.8078125 0.05625 0.040625
1 0.2546875 0.7265625 0.078125 0.075
1 0.32265625 0.7171875 0.0609375 0.0609375
1 0.190625 0.9578125 0.075 0.075
1 0.5203125 0.93984375 0.0890625 0.0625
1 0.81796875 0.03984375 0.0765625 0.059375
1 0.8953125 0.00703125 0.06875 0.0140625
1 0.6953125 0.11171875 0.0703125 0.0578125
1 0.65703125 0.45703125 0.096875 0.0546875
1 0.565625 0.39765625 0.0875 0.05625
1 0.6625 0.1671875 0.0609375 0.05625