0 0.6829579781249999 0.44760388124999995 0.6869090765625 0.427808740625 0.6855866765624999 0.40769699218750005 0.5793228234375001 0.359812446875 0.5752119015625 0.3702858296875 0.572784434375 0.3950045296875 0.5733248140625 0.40118108125 0.574569209375 0.4104079546875 0.5785997234375 0.41900208437500003 0.6739255671875 0.45928581562500004 0.680418734375 0.46105167343750003 0.6829579781249999 0.44760388124999995
0 0.6955998234375 0.152745440625 0.6938429234375 0.14456246875 0.684928696875 0.131911040625 0.665827578125 0.12478234218749999 0.663067046875 0.12595015625 0.661104540625 0.1302901921875 0.642259821875 0.3134932953125 0.643081065625 0.3199055328125 0.645928246875 0.3256773734375 0.664989153125 0.33234644062499996 0.670848909375 0.3309074796875 0.674045553125 0.328775215625 0.68009224375 0.2967520671875 0.6955998234375 0.152745440625
0 0.665799309375 0 0.6502079421875 0.099406984375 0.6503304156249999 0.1051678375 0.6515593281250001 0.110492384375 0.6580177843749999 0.1167174234375 0.6636429859375 0.11995982499999999 0.668860071875 0.122898428125 0.6733028578125 0.12352824531249999 0.6782251734375 0.12309759843750001 0.6831894234375 0.1209657640625 0.6860960671874999 0.11493989843750001 0.6876388703125 0.099866746875 0.7061386359374999 0 0.665799309375 0
0 0.4680412875 1 0.477539546875 0.9010889343749999 0.478169853125 0.853027309375 0.47159749843750004 0.8477147281249999 0.463824428125 0.8461303265625 0.45639916718749995 0.84270393125 0.45107902656250004 0.84588673125 0.4400631171875 0.9963046390624999 0.44038641875 1 0.4680412875 1
3 0.12265625 0.47109375 0.0515625 0.071875
3 0.39375 0.6265625 0.09375 0.0921875
3 0.4875 0.940625 0.03125 0.0671875
3 0.75 0.48671875 0.0578125 0.0671875
2 0.99375 0.66953125 0.0125 0.0515625
2 0.95078125 0.62421875 0.0375 0.05
1 0.98984375 0.71171875 0.0203125 0.0671875
1 0.94453125 0.66640625 0.0546875 0.065625
2 0.81640625 0.4875 0.0359375 0.0515625
1 0.8078125 0.55625 0.0578125 0.065625
1 0.753125 0.5703125 0.0609375 0.065625
1 0.70234375 0.7171875 0.0578125 0.0609375
1 0.61875 0.63828125 0.05625 0.046875
3 0.55390625 0.59921875 0.0484375 0.059375
1 0.64296875 0.5453125 0.0625 0.065625
1 0.6890625 0.51171875 0.0578125 0.059375
2 0.54296875 0.40546875 0.0375 0.04375
2 0.49921875 0.36953125 0.0375 0.04375
1 0.51953125 0.4453125 0.059375 0.0609375
1 0.49921875 0.490625 0.0578125 0.059375
1 0.26640625 0.50078125 0.0578125 0.0578125
1 0.08125 0.2625 0.0703125 0.0765625
1 0.0453125 0.38828125 0.0625 0.0765625
2 0.253125 0.2609375 0.0375 0.046875
1 0.36796875 0.39453125 0.0609375 0.0671875
1 0.2234375 0.36953125 0.0640625 0.0671875
1 0.09453125 0.58046875 0.059375 0.0859375
2 0.38125 0.98125 0.025 0.0375
2 0.48984375 0.88203125 0.021875 0.05625
1 0.5328125 0.8828125 0.034375 0.08125
1 0.73203125 0.04296875 0.0421875 0.0859375
1 0.58828125 0.04140625 0.0328125 0.0703125
1 0.6375 0.12265625 0.0296875 0.06875
1 0.65 0.028125 0.034375 0.05625
1 0.43828125 0.578125 0.0578125 0.0609375
2 0.59453125 0.1421875 0.03125 0.0671875