1 0.10234375 0.80625 0.0359375 0.109375
1 0.20078125 0.9078125 0.06328125 0.134375
1 0.49765625 0.75859375 0.04375 0.134375
1 0.57109375 0.71875 0.0453125 0.1203125
1 0.51328125 0.60234375 0.04453125 0.109375
1 0.5859375 0.8859375 0.02890625 0.1078125
3 0.5546875 0.9046875 0.0328125 0.11484375
1 0.61328125 0.54765625 0.05 0.084375
1 0.4453125 0.528125 0.04140625 0.10078125
1 0.25859375 0.48515625 0.05625 0.04765625
3 0.13828125 0.440625 0.1109375 0.08359375
0 0.24765625 0.38359375 0.13046875 0.06875
1 0.128125 0.215625 0.0546875 0.06171875
2 0.29609375 0.33671875 0.0359375 0.0375
2 0.3125 0.471875 0.03671875 0.04140625
2 0.4265625 0.415625 0.025 0.05859375
2 0.47890625 0.4625 0.0234375 0.05546875
2 0.40625 0.2046875 0.0234375 0.06015625
2 0.4484375 0.3046875 0.02578125 0.059375
1 0.4734375 0.29609375 0.02890625 0.096875
1 0.465625 0.1875 0.0265625 0.08984375
1 0.47109375 0.04375 0.02890625 0.0875
1 0.140625 0.90625 0.0390625 0.12578125
1 0.71953125 0.47109375 0.0609375 0.0734375
1 0.846875 0.446875 0.06328125 0.0546875
1 0.86875 0.59375 0.0625 0.0515625
1 0.9296875 0.57890625 0.0625 0.04765625
1 0.92578125 0.6359375 0.06484375 0.04921875
1 0.86796875 0.6671875 0.0640625 0.05
1 0.94453125 0.68515625 0.0703125 0.06328125
1 0.9796875 0.56328125 0.03984375 0.05234375
1 0.87265625 0.71640625 0.059375 0.04765625
1 0.934375 0.73515625 0.0609375 0.04140625
2 0.85859375 0.75703125 0.04140625 0.034375
2 0.9828125 0.73515625 0.03359375 0.04765625
3 0.98046875 0.615625 0.0390625 0.053125
3 0.571875 0.1171875 0.03125 0.0859375
1 0.5390625 0.08046875 0.03359375 0.09609375
1 0.58984375 0.08046875 0.03203125 0.09375
1 0.559375 0.03984375 0.02890625 0.0765625
1 0.609375 0.0375 0.03046875 0.075
1 0.63671875 0.05078125 0.02890625 0.078125
2 0.53515625 0.01640625 0.021875 0.0328125
1 0.82421875 0.0875 0.04921875 0.090625
1 0.89140625 0.12890625 0.04921875 0.103125
1 0.940625 0.17109375 0.06171875 0.05
1 0.89921875 0.03671875 0.05078125 0.04921875