0 0.21491543906250002 0.22541944374999998 0.201902009375 0.22852315625 0.18969640000000002 0.244659928125 0.1869677375 0.2537865578125 0.374961271875 0.3327124203125 0.384461428125 0.3329495578125 0.39164643906249996 0.32790816562499997 0.39831353593749996 0.3206200921875 0.4019040875 0.3095149921875 0.40173014531250006 0.30304316249999996 0.35104068125 0.27897283906250003 0.22487552968750002 0.225745984375 0.21491543906250002 0.22541944374999998
0 0.18486130625 0.24988985000000002 0.1901988421875 0.2420750859375 0.1911959921875 0.23448963906250003 0.1899939546875 0.22594021406250003 0.16544348281250001 0.2147300671875 0.056976904687499996 0.1587347109375 0.0479232890625 0.20531152656249999 0.15281279375 0.2576092890625 0.16518078125 0.2602816328125 0.175643315625 0.25802333125 0.18486130625 0.24988985000000002
0 0.8681836296875 0.5150175124999999 0.8640412359375 0.5259749421875 0.9928684593750001 0.5848331203125 0.9995618546875 0.5503985890624999 0.9132041703124999 0.5086129203125 0.91065874375 0.507213321875 0.8813162890624999 0.5028669531250001 0.8681836296875 0.5150175124999999
0 0.853360896875 0.68048200625 0.8513922671874999 0.6929652140625 0.9633585468750001 0.73664845625 0.9699133140624999 0.7029271046875001 0.91877444375 0.6818751468750001 0.876250753125 0.66872035 0.867033990625 0.6666714734375 0.853360896875 0.68048200625
3 0.3015625 0.95078125 0.09375 0.0546875
3 0.54921875 0.31875 0.071875 0.0625
2 0.63046875 0.35703125 0.05 0.0390625
2 0.48671875 0.36328125 0.05625 0.04375
2 0.46484375 0.40859375 0.053125 0.0421875
2 0.20859375 0.6765625 0.053125 0.0453125
2 0.12421875 0.7671875 0.05625 0.05
2 0.50703125 0.81171875 0.05 0.0421875
2 0.8625 0.23125 0.05 0.0421875
1 0.95234375 0.21015625 0.0828125 0.0703125
1 0.96328125 0.1140625 0.0734375 0.0625
1 0.89296875 0.08984375 0.0671875 0.05625
1 0.83203125 0.13359375 0.0703125 0.0625
1 0.81796875 0.09296875 0.078125 0.065625
1 0.753125 0.084375 0.0703125 0.0640625
1 0.73984375 0.159375 0.071875 0.0640625
1 0.68359375 0.22578125 0.06875 0.0640625
1 0.61015625 0.25 0.075 0.0671875
1 0.6234375 0.3015625 0.071875 0.0671875
1 0.67109375 0.30546875 0.071875 0.0703125
1 0.89296875 0.28125 0.071875 0.0640625
1 0.83828125 0.40859375 0.08125 0.0703125
1 0.6953125 0.4859375 0.08125 0.071875
1 0.58671875 0.41640625 0.0734375 0.0703125
1 0.5125 0.4171875 0.071875 0.065625
1 0.44375 0.51484375 0.0765625 0.0734375
1 0.37890625 0.51484375 0.0796875 0.078125
1 0.41875 0.6234375 0.0734375 0.0703125
1 0.31796875 0.6609375 0.071875 0.0640625
1 0.2453125 0.72890625 0.0796875 0.075
1 0.146875 0.81484375 0.0890625 0.0796875
1 0.12890625 0.9203125 0.0890625 0.0484375
1 0.3671875 0.87578125 0.0765625 0.0671875
1 0.53046875 0.7046875 0.078125 0.071875
1 0.64453125 0.93046875 0.1 0.0703125
2 0.90234375 0.6640625 0.0625 0.0296875
2 0.30625 0.5703125 0.05 0.04375