0 0.6400100671875 0.7286117890625 0.6248789546875 0.72168186875 0.6019020828125 0.7229418546875 0.5828480921875 0.7251468296875 0.5878917953125 0.8426404890624999 0.6058249640625 0.8514603890625001 0.6248789546875 0.8524053781250001 0.6422517140624999 0.851775384375 0.64897665 0.8470504390625001 0.648416240625 0.833190596875 0.650097475 0.7393216671875 0.6400100671875 0.7286117890625
0 0.6732426546875 1 0.666974984375 0.966532115625 0.6507058125 0.9500128640625001 0.6407343828125 0.949717878125 0.6076712234375 0.9550276375 0.6066216 0.9594524359375001 0.614819140625 1 0.6732426546875 1
3 0.5162456203125 0.7811462109375 0.5200816171875 0.8556870468750001 0.526109615625 0.8612314046874999 0.5343296125 0.8624634859375 0.5326856125 0.8695479453124999 0.5354256109375 0.875400325 0.5409056078125001 0.8806366640625001 0.551317603125 0.882484784375 0.5600855984375 0.8864890437499999 0.5710455921875 0.886181025 0.5781695890624999 0.8806366640625001 0.5781695890624999 0.876324384375 0.586389584375 0.8741682453124999 0.5803615875 0.8618474453125 0.5831015859375 0.8442903062499999 0.5781695890624999 0.8338176265625 0.575429590625 0.807635928125 0.5814575875 0.8067118687500001 0.5798135890625 0.7900787890625 0.574333590625 0.779298090625 0.56885359375 0.776217890625 0.5354256109375 0.7771419500000001 0.5162456203125 0.7811462109375
3 0.8933385421875 0.4273400140625 0.8743754578124999 0.42514555937500004 0.8537391609375 0.424832065625 0.850392734375 0.4314154296875 0.8481617828125 0.43831228906249997 0.853181421875 0.443328184375 0.91118615 0.4502250421875 0.93628435 0.4502250421875 0.9413039890625001 0.4314154296875 0.90003139375 0.4263995328125 0.8933385421875 0.4273400140625
3 0.34921875 0.03984375 0.040625 0.0625
2 0.23671875 0.0625 0.034375 0.0421875
2 0.23984375 0.4234375 0.034375 0.0375
2 0.1859375 0.78984375 0.0359375 0.0375
1 0.28984375 0.1125 0.05625 0.071875
1 0.2765625 0.03203125 0.046875 0.0640625
1 0.23671875 0.1265625 0.05 0.0625
1 0.34140625 0.253125 0.053125 0.0625
1 0.4140625 0.3171875 0.065625 0.059375
1 0.3015625 0.48515625 0.053125 0.05625
1 0.540625 0.45546875 0.08125 0.0546875
1 0.934375 0.47109375 0.09375 0.0265625
1 0.93203125 0.41796875 0.096875 0.0265625
1 0.0625 0.8421875 0.125 0.053125
1 0.0453125 0.90625 0.090625 0.053125
1 0.146875 0.93828125 0.103125 0.05
1 0.57421875 0.93203125 0.05 0.059375
1 0.621875 0.88515625 0.05 0.0578125
2 0.671875 0.8703125 0.0390625 0.0359375
2 0.684375 0.83359375 0.04375 0.0359375
2 0.71875 0.8265625 0.0328125 0.0359375
2 0.6640625 0.73671875 0.0328125 0.0328125
1 0.68125 0.784375 0.0421875 0.059375
1 0.503125 0.7453125 0.046875 0.053125
1 0.4046875 0.06328125 0.04375 0.0625
1 0.971875 0.0890625 0.0453125 0.053125