0 1 0.7095519859375 0.8067959218749999 0.658773853125 0.7948193015625 0.65906639375 0.7864877406249999 0.6637470453125001 0.7807597921875 0.6716456484375 0.7771147328125 0.6769113812499999 0.77503184375 0.6842249015624999 0.7797183453125001 0.6897831765625 0.7927364125 0.6959265343750001 0.8166896515625 0.702069890625 0.815127484375 0.7029475125 0.9885281140625001 0.7497540390624999 0.9984218437499999 0.7439032234375 1 0.7417890125 1 0.7095519859375
3 0.9515625 0.56953125 0.096875 0.0515625
3 0.70078125 0.165625 0.06875 0.071875
2 0.42734375 0.896875 0.0421875 0.0375
2 0.47109375 0.80234375 0.046875 0.034375
2 0.525 0.7375 0.046875 0.034375
2 0.40625 0.69765625 0.05 0.03125
2 0.54296875 0.63515625 0.05 0.0328125
2 0.6578125 0.4640625 0.04375 0.034375
2 0.6234375 0.4546875 0.046875 0.0359375
2 0.70625 0.36484375 0.0484375 0.034375
1 0.91015625 0.51640625 0.115625 0.0375
1 0.91875 0.35703125 0.090625 0.0671875
1 0.84140625 0.06796875 0.078125 0.071875
2 0.86171875 0.115625 0.0453125 0.040625
1 0.6796875 0.01328125 0.0796875 0.0265625
1 0.59921875 0.02109375 0.075 0.0421875
2 0.4671875 0.0890625 0.0453125 0.034375
1 0.5421875 0.1890625 0.065625 0.059375
1 0.50390625 0.12265625 0.0765625 0.0625
1 0.63671875 0.19296875 0.0625 0.0625
1 0.43515625 0.25078125 0.065625 0.05625
2 0.4125 0.19140625 0.040625 0.034375
1 0.278125 0.12890625 0.0859375 0.0546875
2 0.0734375 0.88359375 0.046875 0.03125
2 0.2734375 0.78046875 0.0453125 0.034375
1 0.39296875 0.7890625 0.05625 0.0546875
1 0.10078125 0.9375 0.0671875 0.053125
2 0.35625 0.353125 0.040625 0.03125
1 0.55078125 0.39453125 0.06875 0.0578125
1 0.54609375 0.47578125 0.065625 0.0546875
1 0.56875 0.528125 0.071875 0.0609375
1 0.23046875 0.696875 0.0625 0.0515625
1 0.01953125 0.71640625 0.0390625 0.0484375
1 0.090625 0.4890625 0.08125 0.03125
2 0.0625 0.44453125 0.053125 0.021875
1 0.18203125 0.4515625 0.0828125 0.028125
1 0.421875 0.38515625 0.071875 0.053125
1 0.4140625 0.48828125 0.0609375 0.059375