0 0.3046261734375 0.8415987109374999 0.3087991359375 0.8391258453124999 0.34241465625 0.6577823421875 0.3417191640625 0.6511880328124999 0.33754620156250004 0.6458301578125 0.3261864734375 0.6417087140625 0.3210861875 0.64129656875 0.3162177328125 0.640884425 0.312740265625 0.640884425 0.309958290625 0.6466544453124999 0.30393068125 0.67674098125 0.2763427703125 0.8143971859375 0.2844568609375 0.8321193921875001 0.2960484203125 0.8378894125 0.3046261734375 0.8415987109374999
0 0.286261496875 1 0.3137379234375 0.8892922015625 0.314517396875 0.8844421468749999 0.314517396875 0.879592090625 0.3098405578125 0.8740491718750001 0.304384246875 0.8685062515625 0.2993176703125 0.8643490609375 0.2946408328125 0.8626168984374999 0.2903537296875 0.8619240343750001 0.2864563640625 0.86469549375 0.28236413125 0.867120521875 0.2804154484375 0.870584846875 0.278661634375 0.87855279375 0.24611863125000003 1 0.286261496875 1
0 0.5462371625 0.160819625 0.55339595 0.1658331875 0.5620732687500001 0.16891845625 0.572052184375 0.168532796875 0.5935285453125 0.028538734375000003 0.594396278125 0.0154263421875 0.5946132109375 0 0.5694489890625001 0.00038565781250000003 0.55014195625 0.10875571718749999 0.54775569375 0.13883708749999998 0.5464540953125 0.14924986875 0.5462371625 0.160819625
3 0.54375 0.0734375 0.02421875 0.06484375
2 0.0609375 0.38359375 0.034375 0.04765625
2 0.5359375 0.1296875 0.01796875 0.05390625
2 0.90078125 0.8984375 0.03984375 0.040625
2 0.31015625 0.96171875 0.0265625 0.0703125
2 0.375 0.92734375 0.02734375 0.06875
2 0.334375 0.8203125 0.021875 0.0640625
2 0.38046875 0.8203125 0.02578125 0.06171875
1 0.12265625 0.33515625 0.05078125 0.05625
1 0.10703125 0.371875 0.0515625 0.0578125
1 0.16484375 0.39765625 0.05390625 0.059375
1 0.209375 0.45859375 0.05625 0.046875
1 0.1671875 0.2 0.0453125 0.05703125
1 0.04296875 0.321875 0.0484375 0.05703125
1 0.35 0.30234375 0.0484375 0.05546875
1 0.6390625 0.4734375 0.04921875 0.05546875
1 0.72890625 0.6859375 0.05703125 0.0546875
1 0.7125 0.625 0.05546875 0.05703125
1 0.8859375 0.58671875 0.05546875 0.06328125
1 0.82421875 0.3015625 0.05 0.08046875
1 0.49453125 0.12578125 0.028125 0.07890625