0 0.41145697343750004 0.686943640625 0.41317280624999997 0.708906315625 0.5236725109375 0.713176834375 0.5281336796875 0.7040257203125 0.5284768468750001 0.660100371875 0.4255268109375 0.6539996296874999 0.415574975 0.65338955625 0.41248647343749995 0.6631507437499999 0.41145697343750004 0.686943640625
0 0.022992175 0.3434718203125 0.0350030109375 0.3605539 0.124226375 0.3648244203125 0.1283443765625 0.34469196874999997 0.129373878125 0.3221192203125 0.11324503906250001 0.3062572890625 0.0326008453125 0.305037140625 0.0274533421875 0.30564721562499997 0.0243648421875 0.31967892343750004 0.022992175 0.3434718203125
0 0.18942806406249998 0.358723678125 0.19080073125000002 0.37397553437500003 0.2014389015625 0.390447540625 0.3078206046875 0.3965482828125 0.3112522734375 0.37580575625 0.3112522734375 0.3575035296875 0.3071342703125 0.34530204375 0.2947802671875 0.33493078125000003 0.202468403125 0.33310055625 0.1966345671875 0.331270334375 0.1918302328125 0.3361509296875 0.18942806406249998 0.358723678125
3 0.23351585937500002 0.39765381718750004 0.23097764375000002 0.40273024843750005 0.21035463906250002 0.3999100078125 0.197663559375 0.3942695296875 0.18116515625000001 0.39708976875 0.171646846875 0.3908852421875 0.166570415625 0.39708976875 0.162445815625 0.398217865625 0.15736938281249999 0.4094988234375 0.160224875 0.41739549531250003 0.1637149234375 0.42247192812499995 0.16308036875 0.432624790625 0.1694259078125 0.4405214625 0.17926149375 0.4416495578125 0.184655203125 0.45180242187499997 0.255725246875 0.4574429015625 0.260167125 0.437701221875 0.260801678125 0.4123190640625 0.2588980171875 0.404986440625 0.2503315390625 0.39765381718750004 0.23351585937500002 0.39765381718750004
3 0.563776790625 0.091115440625 0.5729290109375 0.149689653125 0.5802507875 0.15185906875 0.5866573421875 0.1486049453125 0.589097934375 0.1410119921875 0.5878776390625 0.124741378125 0.5866573421875 0.11009782500000001 0.5875725640625 0.1025048703125 0.582996453125 0.0656248109375 0.563776790625 0.06833658125 0.5646920125 0.07376011875 0.563776790625 0.091115440625
3 0.760244459375 0.650824578125 0.7608546078125 0.66926460625 0.7648205703125 0.6768575609374999 0.8105816734375001 0.67631520625 0.8157679312499999 0.670349315625 0.8139374875 0.63346925625 0.7864808265625001 0.6361810250000001 0.7825148625 0.6399775015625 0.7639053484375 0.6426892703125 0.760244459375 0.650824578125
1 0.5321959578125 0.28554771093750003 0.510715759375 0.223992515625 0.506227359375 0.21886291562500002 0.49500636093750006 0.22798220468750002 0.49276216093749997 0.23824140312500003 0.49276216093749997 0.24394095781249997 0.5148835593750001 0.3094858421875 0.520013159375 0.3111957078125 0.5325165578125 0.29694682031249997 0.5321959578125 0.28554771093750003
1 0.5161659578125 0.36648139375 0.5161659578125 0.354512328125 0.4940445609375 0.30321633124999997 0.4860295609375 0.301506465625 0.4783351609375 0.31062575312499996 0.4783351609375 0.3271544625 0.5001359609375 0.3784504578125 0.5046243593749999 0.3813002359375 0.512959959375 0.3727509046875 0.5161659578125 0.36648139375
2 0.1917894671875 0.3161524328125 0.191195690625 0.3066520265625 0.186742375 0.305068625 0.18258594687500002 0.29715161874999996 0.17932018125 0.2945126171875 0.1576473796875 0.29662381875 0.157053603125 0.31456903125 0.1621006953125 0.32987524375 0.181992171875 0.32618064062499996 0.1864454875 0.318791434375 0.1917894671875 0.3161524328125
2 0.2185093609375 0.309818828125 0.2202906875 0.3034852234375 0.224447115625 0.3034852234375 0.224744003125 0.29609601875 0.2202906875 0.2945126171875 0.2173218109375 0.285012209375 0.21286849531250002 0.28237320781249997 0.1917894671875 0.285540009375 0.1917894671875 0.305068625 0.19564900624999998 0.319319234375 0.2107902796875 0.31245783125000004 0.2185093609375 0.309818828125
2 0.1977272203125 0.28131760625 0.2202906875 0.285012209375 0.224744003125 0.28026200625 0.22949420625 0.27973420625 0.22979109531250003 0.2728728015625 0.22563466562499998 0.2707616 0.2241502265625 0.26231679375 0.21910313750000002 0.2565109890625 0.2018836484375 0.25334418593749997 0.1980241078125 0.2559831890625 0.1968365578125 0.2718172 0.1977272203125 0.28131760625
2 0.28135161875 0.3313391859375 0.30495770625 0.33329111093749997 0.3082515796875 0.32938726093750004 0.312643409375 0.32987524375 0.312643409375 0.32255552656250003 0.3090750484375 0.32206754375 0.3079770890625 0.312795903125 0.3013893453125 0.3064521484375 0.286292428125 0.30498820625 0.28135161875 0.3074281109375 0.281626109375 0.3196276390625 0.28135161875 0.3313391859375
2 0.2313945515625 0.769546240625 0.233315978125 0.7754020140625 0.2588434890625 0.78076980625 0.263509809375 0.7744260515625 0.2640587890625 0.7524669 0.2602159359375 0.74807506875 0.23578638125 0.7485630515625 0.23221801874999998 0.75197891875 0.230845571875 0.75881065625 0.2313945515625 0.769546240625
2 0.14465590625 0.9652266718750001 0.146028353125 0.9725463890625001 0.160576290625 0.9993853515625 0.171555865625 1 0.1789670796875 0.9847459187500001 0.1808885046875 0.9774262 0.17677116406249999 0.9710824453125 0.1603018015625 0.95107521875 0.1559099703125 0.9481473328125001 0.1495967140625 0.9549790687499999 0.14465590625 0.9652266718750001
2 0.5363522578125 0.9891377468749999 0.533881853125 0.943267521875 0.5322349171874999 0.9359478046874999 0.529215534375 0.9344838609374999 0.52619615 0.92716414375 0.52345125625 0.9286280874999999 0.5226277890625 0.9359478046874999 0.5190594265625 0.9442434828125 0.518235959375 0.988161784375 0.5218043203125 0.9945055406250001 0.5330583859375 0.9945055406250001 0.5363522578125 0.9891377468749999
1 0.90114865 0.3532983375 0.895933353125 0.3440266953125 0.8572303484375 0.3313391859375 0.8503681140625 0.335243034375 0.8448783265625 0.3410988078125 0.8435058796874999 0.3586661296875 0.8437803687500001 0.37086565781249997 0.847897709375 0.374281525 0.8909925421875 0.390384903125 0.8989527359375 0.38696903437499997 0.90114865 0.3703776765625 0.90114865 0.3532983375
1 0.9236567796875 0.2069039984375 0.928872078125 0.2093439046875 0.9692220171875 0.1829929234375 0.9681240609374999 0.1678655078125 0.9618108046874999 0.15273809375 0.95659550625 0.15371405625 0.9203629078125 0.17469724375 0.917069034375 0.1810409984375 0.9176180125 0.1908006203125 0.9236567796875 0.2069039984375
1 0.5432144937500001 0.11565152812499999 0.5517236624999999 0.114675565625 0.5561154937499999 0.11028373437500001 0.557487940625 0.09954815 0.5511746843750001 0.0322067546875 0.5470573437499999 0.02830290625 0.5404695984375001 0.02830290625 0.53443083125 0.0341586796875 0.5330583859375 0.044406282812499996 0.5385481734375 0.1054039234375 0.5432144937500001 0.11565152812499999
1 0.58877973125 0.1054039234375 0.591250134375 0.11516354531249999 0.5992103281250001 0.11857941406250001 0.6063470515625 0.11516354531249999 0.6079939875 0.101500075 0.6027786890625 0.0341586796875 0.5981123703125 0.02830290625 0.5879562625 0.0322067546875 0.584936878125 0.038062528125 0.5846623890625 0.0468461890625 0.58877973125 0.1054039234375
1 0.22810067812499998 0.30938003593749996 0.2300221046875 0.3201156203125 0.274763875 0.3254834125 0.28217508750000003 0.3181636953125 0.283547534375 0.30498820625 0.281626109375 0.2942526203125 0.274489384375 0.286444921875 0.23660985 0.28498097968749997 0.230845571875 0.28498097968749997 0.22782618906250002 0.292788678125 0.22810067812499998 0.30938003593749996
1 0.3105025890625 0.5968734265625 0.3138234734375 0.607500253125 0.33374877187499996 0.60986176875 0.36230836875 0.6163559421875 0.3666255171875 0.6051387359375 0.36728969375 0.5832947046875 0.3606479265625 0.57680053125 0.3244502984375 0.568535221875 0.316480178125 0.56971598125 0.311166765625 0.58034280625 0.3105025890625 0.5968734265625
1 0.263678134375 0.47879757500000003 0.26766319375 0.4858821265625 0.28227508125 0.4858821265625 0.303528734375 0.49178591875000005 0.31183094218749996 0.48824364375 0.3138234734375 0.4723034046875 0.3128272078125 0.455772784375 0.3078458828125 0.45282088906249995 0.2746370484375 0.4504593703125 0.2666669296875 0.4498689921875 0.263346046875 0.463447715625 0.263678134375 0.47879757500000003
1 0.178663521875 0.6210789765625 0.17467846250000002 0.6435133875 0.1796597875 0.651778696875 0.2218350046875 0.6688996953124999 0.22714841875 0.6677189375 0.23113347812499999 0.6523690765625 0.23212974375 0.6376095937499999 0.22382753437499997 0.63052504375 0.1956000265625 0.6210789765625 0.18829408281249999 0.6169463203125 0.18198440625 0.6181270796875 0.178663521875 0.6210789765625
1 0.8929855218749999 0.6423326296874999 0.8863437546874999 0.6387903546875 0.8468252421875 0.6346576984375 0.8375267703124999 0.6393807328125 0.8368625937499999 0.6588632484375 0.8388551234375001 0.6700804546875 0.84715733125 0.6742131078125 0.8863437546874999 0.6759842468749999 0.8936496984375 0.67303235 0.8949780515624999 0.65650173125 0.8929855218749999 0.6423326296874999
1 0.8720639562500001 0.57680053125 0.8687430734375001 0.5886081171875001 0.8707356031250001 0.6051387359375 0.878373634375 0.6151751828124999 0.8916571687499999 0.6134040453125 0.9258622671875001 0.6134040453125 0.9315077671875001 0.6063194937499999 0.9311756796875 0.5874273578125 0.9285189718750001 0.5791620484375 0.9238697359374999 0.5756197734375 0.8863437546874999 0.57325825625 0.88700793125 0.57148711875 0.8790378109375 0.57148711875 0.8720639562500001 0.57680053125
1 0.6734751343750001 0.64174225 0.6714826046875 0.65827286875 0.6734751343750001 0.6700804546875 0.6817773421875 0.6736227296874999 0.7239525609374999 0.6753938671874999 0.727937621875 0.6706708328125 0.7289338859375001 0.6553209718749999 0.72694135625 0.6399711124999999 0.72196003125 0.6381999734375 0.688087021875 0.6364288359375 0.68675866875 0.635248078125 0.6801169015624999 0.63583845625 0.6734751343750001 0.64174225
1 0.20559308281250002 0.9350832578125001 0.21568140625 0.927043521875 0.2215952515625 0.915911578125 0.21985588437499998 0.9004505453125 0.1989834921875 0.8330404437500001 0.1937653921875 0.8212900578125 0.186807928125 0.8212900578125 0.174284490625 0.8367510906250001 0.17219725156250001 0.8528305656249999 0.20002711093749997 0.9319910531250001 0.20559308281250002 0.9350832578125001
1 0.1328875765625 0.34261648437500003 0.131496084375 0.3599328421875 0.134974815625 0.37044634374999996 0.164544040625 0.377867640625 0.1770674765625 0.38034140625 0.185416434375 0.36920946093749996 0.1850685609375 0.3494193390625 0.17811109687499999 0.34014271875 0.14158440625 0.336432071875 0.14088866093750002 0.3351951890625 0.134974815625 0.3345767484375 0.1328875765625 0.34261648437500003
1 0.086968309375 0.3976577609375 0.08244595625 0.3834336109375 0.040005421875 0.36859101875 0.033743703125 0.36920946093749996 0.028873478125 0.3815782875 0.027829859374999998 0.398276203125 0.0347873234375 0.404460615625 0.0730533796875 0.42054009062500003 0.079662971875 0.42054009062500003 0.08488106875 0.4112634703125 0.086968309375 0.3976577609375