0 0.6210460265625 0.772048125 0.6095465328125 0.7661804765625 0.5809764562499999 0.7597965062500001 0.5661140703124999 0.7619280500000001 0.5498666609375 0.8748686749999999 0.5655533046875 0.8897179 0.58935115625 0.895087503125 0.6033907578125 0.8968268546875 0.611423215625 0.89293235 0.6127917 0.8838868046874999 0.630646784375 0.7868486140625001 0.6210460265625 0.772048125
0 0.614935071875 1 0.6173554609374999 0.9878192406249999 0.6080362140625 0.9685839984375001 0.5949924640625001 0.9642428828125 0.5748965953125 0.9615399546875001 0.5588216078125 0.9609465531250001 0.5525946562499999 1 0.614935071875 1
0 0.33191638437500004 0.327803259375 0.30695912187499996 0.32446389062500003 0.2981046328125 0.330443653125 0.28209406718749996 0.4469336078125 0.2886168984375 0.4519234234375 0.31038381875 0.456550125 0.3322173578125 0.46086340937500003 0.34158853125 0.4579416625 0.3423953125 0.44042400156249994 0.3543332265625 0.3348611453125 0.33191638437500004 0.327803259375
3 0.9330641890625 0.5309516109375 0.9063282765625 0.521929175 0.8955507781250001 0.521763509375 0.8883173203125001 0.5278158578125 0.8904797125 0.5379905203125 0.948174734375 0.5590582234375 0.9719689453125 0.5641158390625 0.980946240625 0.544772390625 0.9406146124999999 0.5310385296875 0.9330641890625 0.5309516109375
3 0.41796875 0.13671875 0.0578125 0.0703125
3 0.375 0.95703125 0.0625 0.0625
2 0.165625 0.7421875 0.04375 0.0421875
2 0.62734375 0.92109375 0.04375 0.0421875
2 0.64765625 0.8875 0.046875 0.04375
2 0.68203125 0.8890625 0.0375 0.0421875
2 0.646875 0.78984375 0.0375 0.040625
1 0.51640625 0.99453125 0.0640625 0.0109375
1 0.51953125 0.9609375 0.0703125 0.0734375
1 0.57578125 0.9265625 0.0625 0.0671875
1 0.653125 0.8375 0.0578125 0.0671875
1 0.48671875 0.7640625 0.05625 0.0609375
1 0.2671875 0.6625 0.0609375 0.0671875
1 0.03125 0.82890625 0.0625 0.0703125
1 0.05 0.76796875 0.1 0.0796875
2 0.0328125 0.40390625 0.0484375 0.03125
1 0.95546875 0.58125 0.0796875 0.04375
1 0.96328125 0.5265625 0.0734375 0.040625
3 0.49166867343750004 0.8007373921875001 0.4823716421875 0.875643053125 0.4889075078125 0.8838524515625 0.485092509375 0.8914117453125 0.4924087453125 0.898546990625 0.5000640359374999 0.9066843265625 0.5082390875 0.90718195625 0.5125753140625 0.912753759375 0.5246606640625 0.9156325875 0.531629415625 0.9140137703125 0.5339467109375 0.9083061796875 0.5453063015625 0.9042105828125001 0.540015959375 0.8953359031250001 0.543948615625 0.8794314218749999 0.5439555765625 0.8664125984375 0.5449628375 0.84089609375 0.5501578765625 0.83983028125 0.5526950984375001 0.8226991703125 0.54549651875 0.8072187375000001 0.5135528671875 0.8016689328125001 0.49166867343750004 0.8007373921875001
1 0.37109375 0.53203125 0.0640625 0.06875
1 0.5171875 0.44296875 0.0921875 0.06875
1 0.6125 0.46796875 0.1015625 0.0765625
1 0.46640625 0.20078125 0.0546875 0.0671875
1 0.39921875 0.215625 0.059375 0.0703125
1 0.50078125 0.05625 0.0578125 0.078125
1 0.42890625 0.03671875 0.05625 0.0703125
1 0.353125 0.03671875 0.103125 0.0734375
1 0.725 0.26328125 0.075 0.075
1 0.93828125 0.1375 0.0796875 0.06875