2 0.709375 0.19453125 0.0484375 0.0484375
2 0.55078125 0.15234375 0.0671875 0.0578125
2 0.2765625 0.34375 0.05 0.04375
2 0.20546875 0.27109375 0.0453125 0.0484375
2 0.24140625 0.22109375 0.0515625 0.0484375
2 0.23515625 0.2578125 0.046875 0.0484375
2 0.22734375 0.05703125 0.0484375 0.025
0 0.2421875 0.11953125 0.0921875 0.1234375
0 0.3140625 0.2875 0.1015625 0.140625
3 0.3609375 0.23125 0.1015625 0.1296875
1 0.1125 0.20703125 0.078125 0.0734375
1 0.25 0.303125 0.05625 0.0671875
1 0.2828125 0.196875 0.0578125 0.065625
1 0.3 0.0828125 0.071875 0.075
1 0.3203125 0.14296875 0.075 0.075
1 0.42578125 0.303125 0.0640625 0.0640625
1 0.5890625 0.34609375 0.065625 0.0734375
1 0.73828125 0.03828125 0.1078125 0.0765625
1 0.81328125 0.0515625 0.1140625 0.071875
1 0.06640625 0.58046875 0.0921875 0.05
1 0.08359375 0.6515625 0.0984375 0.0484375
1 0.096875 0.70234375 0.1 0.0484375
1 0.0546875 0.68046875 0.05625 0.0359375
1 0.0703125 0.73046875 0.0640625 0.040625
3 0.13125 0.67421875 0.0921875 0.05
1 0.34375 0.55078125 0.115625 0.0765625
3 0.6265625 0.56953125 0.0625 0.0671875
2 0.96484375 0.43046875 0.065625 0.0375
1 0.70625 0.68203125 0.071875 0.0765625
1 0.7953125 0.7015625 0.071875 0.078125
1 0.61171875 0.72421875 0.0890625 0.08125
1 0.6421875 0.7984375 0.0671875 0.08125
1 0.71796875 0.834375 0.0625 0.071875
1 0.6890625 0.9078125 0.0625 0.0734375
1 0.7546875 0.91953125 0.0640625 0.0765625
0 0.79921875 0.87578125 0.1015625 0.1453125
1 0.13359375 0.99296875 0.0609375 0.0140625