0 0.5402692859375 1 0.547097565625 0.9100767515625 0.5309990359375 0.9108799968750001 0.5167415046875 0.915152915625 0.5084076578125 0.9648584359375001 0.50610865625 1 0.5402692859375 1
0 0.6487552937500001 0.67704845 0.645266353125 0.7211166515625 0.6483797203125 0.727677009375 0.76048003125 0.7031248296875 0.763929221875 0.6973108359375 0.7700093203125 0.6618974515625 0.7720677703125001 0.6406090328125 0.767255590625 0.6358497703125 0.6512090078125 0.6652021453125 0.6487552937500001 0.67704845
0 0.709252134375 0.33694335937500003 0.7056427875 0.354034978125 0.7031612265625 0.3783722484375 0.7045304171875 0.393803296875 0.71090920625 0.39829556718750003 0.8370470671874999 0.3670651 0.8429672546875 0.325013271875 0.84337253125 0.312926509375 0.8405720265625 0.3006208265625 0.712218221875 0.33420065781249997 0.709252134375 0.33694335937500003
0 0.3908904515625 0.31118798124999997 0.39520953593749997 0.31522775 0.40147776718749995 0.3167905953125 0.4269644890625 0.3107009703125 0.42936439687499994 0.30241063437500004 0.4403342828125 0.0941872671875 0.4369554296875 0.090381925 0.4157860453125 0.09517766250000001 0.404054215625 0.103511609375 0.39925265312499997 0.11475862343750001 0.390818278125 0.303466446875 0.3908904515625 0.31118798124999997
0 0.4145966890625 0 0.415914 0.0695545640625 0.4172631359375 0.0805024953125 0.4185774390625 0.0852982125 0.42484696875 0.08909539375 0.43045935 0.09049471718749999 0.4432573140625 0.086983571875 0.4551674671875 0.078224546875 0.4587420171875 0.07017973749999999 0.45926477187500003 0.0630495375 0.45901437968750003 0 0.4145966890625 0
3 0.13125 0.7921875 0.1125 0.1171875
3 0.49453125 0.984375 0.0359375 0.03125
3 0.51640625 0.4140625 0.071875 0.0734375
3 0.59921875 0.6484375 0.0578125 0.0734375
2 0.059375 0.5203125 0.0484375 0.0578125
2 0.05546875 0.575 0.046875 0.0578125
2 0.3453125 0.3984375 0.046875 0.059375
2 0.34296875 0.4359375 0.0453125 0.053125
2 0.46875 0.09296875 0.0421875 0.0765625
2 0.46875 0.009375 0.0375 0.01875
2 0.53125 0.02578125 0.040625 0.0515625
2 0.51171875 0.12109375 0.040625 0.0734375
2 0.58359375 0.36171875 0.0484375 0.05625
2 0.89453125 0.38828125 0.0484375 0.0546875
2 0.49921875 0.94453125 0.0328125 0.0625
1 0.02109375 0.61640625 0.0421875 0.0765625
1 0.015625 0.5546875 0.03125 0.06875
1 0.071875 0.62734375 0.0734375 0.08125
1 0.1546875 0.59921875 0.075 0.08125
1 0.12890625 0.5484375 0.0765625 0.0875
1 0.21796875 0.5421875 0.071875 0.0796875
1 0.3796875 0.5328125 0.075 0.075
1 0.4828125 0.53203125 0.0765625 0.08125
1 0.54375 0.6109375 0.0671875 0.06875
1 0.6234375 0.5953125 0.071875 0.078125
1 0.62109375 0.45078125 0.0734375 0.075
1 0.790625 0.43046875 0.0734375 0.0734375
3 0.36171875 0.6421875 0.0609375 0.071875
1 0.45234375 0.93828125 0.053125 0.0921875
1 0.6515625 0.971875 0.059375 0.05625
1 0.8578125 0.8296875 0.0734375 0.1015625
1 0.7890625 0.9453125 0.059375 0.0625
1 0.98671875 0.35234375 0.0265625 0.0890625
1 0.56171875 0.5140625 0.0734375 0.075
1 0.46171875 0.63359375 0.06875 0.06875
1 0.20625 0.490625 0.0703125 0.075