1 0.738328259375 0.073314315625 0.800408209375 0.007298679687499999 0.7594386953125001 0.0015466203125 0.7050087859375 0.059883546875000006 0.738328259375 0.073314315625
1 0.75840936875 0.07230539531249999 0.8532802281249999 0.083744715625 0.8765146203124999 0.0527462125 0.7825142796875 0.043052335937500005 0.7670563828125 0.0543232109375 0.75840936875 0.07230539531249999
1 0.7558646015625 0.1344696625 0.8432568890625 0.148177125 0.8625757249999999 0.1460366546875 0.8844388390625 0.12002729375000001 0.78886893125 0.10143196406249999 0.7697620374999999 0.1079659265625 0.7545115265625 0.12679599375 0.7558646015625 0.1344696625
2 0.8940423531249999 0.08193758281249999 0.9191300859375 0.0901735390625 0.9338959765625001 0.081361125 0.9306589578125 0.06300307968749999 0.901778378125 0.052405900000000005 0.8773805875 0.057657359374999995 0.8777412421875 0.07246879687499999 0.8940423531249999 0.08193758281249999
2 0.69370321875 0.2191725671875 0.73507435 0.21124474062499998 0.7224136296875 0.17454889375 0.6907583140625 0.1801305796875 0.69370321875 0.2191725671875
0 0.5652599859375 0.21840031249999997 0.631200378125 0.1998104625 0.5715720906249999 0.078664684375 0.5120682750000001 0.0986515140625 0.5652599859375 0.21840031249999997
1 0.405267540625 0.0089905828125 0.4194169546875 0.0615016265625 0.46106780468749997 0.0487771265625 0.43877833437499997 0.003081725 0.405267540625 0.0089905828125
1 0.388321271875 0.0119786671875 0.417342075 0.06250046406250001 0.46123017343750006 0.049697965625 0.4395917265625 0.002938303125 0.388321271875 0.0119786671875
1 0.4171875 0.29453125 0.0578125 0.065625
1 0.315625 0.12890625 0.0640625 0.0734375
1 0.3015625 0.06953125 0.075 0.0734375
1 0.27734375 0.18125 0.059375 0.0671875
1 0.24296875 0.28828125 0.05625 0.0640625
3 0.35859375 0.21953125 0.090625 0.11875
0 0.3015625 0.27421875 0.09375 0.1421875
0 0.240625 0.1 0.084375 0.11875
2 0.23671875 0.203125 0.0453125 0.04375
2 0.22734375 0.23984375 0.04375 0.0453125
2 0.19921875 0.25078125 0.040625 0.040625
2 0.2640625 0.32578125 0.034375 0.0359375
1 0.06945330625 0.1672017734375 0.0766339515625 0.1823931125 0.106710103125 0.212536759375 0.1330204015625 0.2053656234375 0.144170725 0.19200588125 0.10962918125000001 0.1556868234375 0.0854569859375 0.1558346625 0.06945330625 0.1672017734375
2 0.9625 0.44765625 0.0734375 0.0390625
1 0.6125 0.446875 0.0640625 0.0734375
1 0.66015625 0.67109375 0.059375 0.0703125
3 0.6578125 0.58046875 0.0625 0.0671875
1 0.7069123953124999 0.7472807218749999 0.7156312421875 0.7552380546874999 0.741941540625 0.74806691875 0.7541202015625 0.7405391625 0.7300299328125 0.6837043515625 0.6936790796875 0.6913799468749999 0.68291671875 0.7005569125 0.7069123953124999 0.7472807218749999
1 0.6062625484375 0.808387140625 0.6521036265625 0.803469021875 0.645861771875 0.7425375828125 0.6123662750000001 0.7376830812499999 0.5889968234375 0.7487665265625 0.6062625484375 0.808387140625
1 0.5076859984375 0.6418881390625 0.5517582328125 0.6907687296875 0.5958719265625 0.6728626140625 0.5547992125000001 0.6250355765625 0.52729365625 0.6286195875 0.5076859984375 0.6418881390625
1 0.38068686875 0.5854754953125 0.4498336765625 0.6137937703125 0.4787332703125 0.5893921 0.400745715625 0.5619997062500001 0.386108765625 0.5715433765625 0.38068686875 0.5854754953125
1 0.0174684140625 0.642812634375 0.1068129078125 0.63439984375 0.10532022187500001 0.6099768203125 0.013518795312500002 0.6204132296875 0.0174684140625 0.642812634375
1 0.02162793125 0.6664024265624999 0.058594478125 0.660941984375 0.0608094625 0.638397121875 0.01776304375 0.644483559375 0.02162793125 0.6664024265624999
1 0.05803959374999999 0.667369628125 0.0225744125 0.6717701890625001 0.02644248125 0.69370709375 0.1083187546875 0.6876211359375 0.11734007500000002 0.674953284375 0.11326264531250001 0.66459509375 0.05803959374999999 0.667369628125
1 0.026850534375000002 0.6960212765625 0.0312597734375 0.72102731875 0.07275698750000001 0.7157294484375 0.06968108125 0.6919020812500001 0.0347556296875 0.6948954796875 0.026850534375000002 0.6960212765625
3 0.057656179687499996 0.668386703125 0.140001378125 0.6630452328125 0.1494061109375 0.6493603046875001 0.14227503749999998 0.6376416140625001 0.0608544828125 0.645035475 0.057656179687499996 0.668386703125
1 0.12646618125 0.9309669890625001 0.10615086874999999 0.9051155546875 0.1011847140625 0.9056747312500001 0.0655522328125 0.9155095187500001 0.06692805625 0.923312203125 0.0864840421875 0.9595382406249999 0.1120184125 0.9607326625000001 0.132437915625 0.9520683140624999 0.12646618125 0.9309669890625001
1 0.27069486249999997 1 0.2736996890625 0.99362295625 0.27125505 0.9861417625 0.23125975 0.9859147421875001 0.224536265625 1 0.27069486249999997 1
1 0.11229293437500001 1 0.10463898593750001 0.9699461046875 0.0758069484375 0.9736668984374999 0.080450184375 1 0.11229293437500001 1
1 0.6182277843749999 0.9113520359375 0.668547909375 0.903112221875 0.6588781015625 0.835505953125 0.6083414859375 0.8425179796875 0.6182277843749999 0.9113520359375
1 0.671290471875 0.8931339312500001 0.7061076749999999 0.889526640625 0.7192696515625 0.8811925171875 0.700371134375 0.818694909375 0.6572544125 0.8262975515625 0.671290471875 0.8931339312500001
1 0.7274786343749999 0.9022158453125 0.76398730625 0.898626790625 0.776328334375 0.8920198750000001 0.757488490625 0.8266635109375 0.7138259890625 0.8343623890625 0.7274786343749999 0.9022158453125
1 0.7875904671875 0.9526990828124999 0.8303192265625 0.9492792203124999 0.829535184375 0.8873854218749999 0.8046548390625 0.8867086578125001 0.783040078125 0.8917858828125 0.7875904671875 0.9526990828124999
2 0.692895634375 0.9326834937499999 0.7210552171875 0.9296171390625 0.731375490625 0.92431600625 0.723780065625 0.8940062828125 0.7029457859375 0.8875522453125001 0.6918000125 0.8977462875000001 0.692895634375 0.9326834937499999
2 0.7319253265625 0.95934945 0.770671246875 0.9556823968750001 0.7666302296875 0.9199985843749999 0.7442714015624999 0.9112814484375 0.7336127375 0.9242380109375 0.7319253265625 0.95934945