0 0.6730331484375001 0.6587940796875 0.65792675625 0.6575350531249999 0.6333720515625 0.6651094859375 0.61617786875 0.6736967328125 0.65644735625 0.7842989703125001 0.6738998984375 0.7899044468749999 0.6883966234375001 0.7866834078125 0.707439446875 0.7805858796875 0.7157317046875 0.7740522234375 0.7124394109375001 0.75735570625 0.6870419671875 0.6669806640625 0.6730331484375001 0.6587940796875
0 0.74368040625 0.8474916671875 0.7224328296875 0.8541799593749999 0.7034192453125 0.862591365625 0.7301924859375 0.9559582000000001 0.790753378125 0.9397309578125 0.7832869734375 0.9181390703125001 0.765410659375 0.860242765625 0.755674746875 0.8525696249999999 0.74368040625 0.8474916671875
3 0.5678049109375001 0.744765171875 0.5908225453125 0.8161224046875001 0.6030879703124999 0.8203382937500001 0.6019753640625 0.8265758140624999 0.6141626375 0.8305000453125 0.6175691515625 0.8349014703125001 0.63274010625 0.833337225 0.6399899484375 0.8354584359375 0.6491063421875001 0.8320779046875 0.65512881875 0.8254625890625 0.65523 0.8216842765625 0.662369609375 0.8150822249999999 0.65108805 0.8062263109375 0.6506606890625 0.7900856234375 0.6442108515625 0.7805602546875 0.631747990625 0.754827871875 0.6378255859374999 0.7525741859374999 0.631371221875 0.7367980296875001 0.6246363406250001 0.7282868359375 0.6162693640625 0.7261523624999999 0.5857756843749999 0.73494831875 0.5678049109375001 0.744765171875
3 0.843728109375 0.29793551875 0.8295099265625 0.29968387343749997 0.8098399046875 0.30392374375000003 0.8033623421874999 0.30943862499999997 0.8019121359374999 0.3177292171875 0.8095112640625001 0.3232514859375 0.871780228125 0.31584284218750003 0.8957601890625 0.30941743125 0.8927187234374999 0.2889313109375 0.891576821875 0.2892372828125 0.851291971875 0.294190959375 0.843728109375 0.29793551875
3 0.23515625 0.15234375 0.0578125 0.0671875
2 0.10625 0.125 0.04375 0.05
2 0.1578125 0.225 0.046875 0.046875
2 0.24453125 0.8390625 0.0421875 0.0421875
2 0.32421875 0.684375 0.0484375 0.0421875
2 0.74375 0.790625 0.0484375 0.046875
2 0.746875 0.75078125 0.0484375 0.0453125
2 0.78046875 0.73515625 0.0359375 0.040625
2 0.7 0.66171875 0.04375 0.0421875
1 0.665625 0.87734375 0.0640625 0.0703125
1 0.7 0.81875 0.05625 0.065625
1 0.73125 0.70390625 0.05625 0.06875
1 0.40859375 0.778125 0.065625 0.0703125
1 0.1484375 0.921875 0.1140625 0.08125
1 0.2375 0.98046875 0.115625 0.0390625
1 0.19140625 0.3234375 0.059375 0.0703125
1 0.20703125 0.21484375 0.0796875 0.0859375
1 0.1625 0.13828125 0.065625 0.075
1 0.22109375 0.07578125 0.0609375 0.0484375
1 0.3015625 0.1921875 0.0546875 0.065625
1 0.4109375 0.3703125 0.0953125 0.0765625
1 0.54375 0.40859375 0.1015625 0.075
1 0.734375 0.4390625 0.0984375 0.0546875
1 0.8953125 0.33046875 0.1015625 0.0515625
1 0.87890625 0.2765625 0.1 0.05
1 0.5453125 0.7109375 0.059375 0.0640625
1 0.3203125 0.26796875 0.0671875 0.071875