0 0.7049825421875 0.3355966546875 0.74128435625 0.1994870875 0.7425240921875 0.1882391015625 0.7366129296875 0.17561226875 0.7227720343749999 0.16571953281250001 0.7167441703125 0.162498028125 0.711404690625 0.16381707343750002 0.666376696875 0.34365790937499996 0.6656518109375 0.3522892453125 0.6700943078125 0.35846639687500004 0.6767303546875 0.36246189375000004 0.6833795296875 0.366081471875 0.6903058203125 0.36782884843749997 0.6967158203125 0.366170809375 0.7049825421875 0.3355966546875
0 0.7151958781250001 0.1592224625 0.7210477281250001 0.1624561765625 0.7255691718749999 0.16311896406249998 0.7344340265625 0.1614089546875 0.7368796515625 0.156445415625 0.739802675 0.14594470937499998 0.7855634968749999 0.009667325000000001 0.7450531 0.0082526703125 0.70476395625 0.1326036671875 0.7028152734375 0.1396041375 0.7042532703125 0.14722776875000002 0.7151958781250001 0.1592224625
0 0.5413998921875 0.9794946953125001 0.544663453125 0.9792470468750001 0.55360925625 0.9502686859375 0.579874946875 0.8622287953125 0.580477575 0.8333206984375 0.5755997640625 0.8273645343749999 0.570252521875 0.823200046875 0.5652485875 0.8208556203124999 0.5583150921875 0.8213367265624999 0.5567288390625 0.82598231875 0.5228765734375 0.9448561046874999 0.52285411875 0.95715020625 0.52357995625 0.9654926796875 0.5252320390625 0.9706129734375001 0.5309351999999999 0.9762363453124999 0.5367392625 0.9789703281250001 0.5413998921875 0.9794946953125001
0 0.4181946390625 0.84347618125 0.41023254062500003 0.8395059312500001 0.4024392671875 0.836649240625 0.397902353125 0.8416598984375 0.3672195734375 0.9827384234375 0.3663741046875 0.995638453125 0.3946865828125 0.996627146875 0.4171629890625 0.9027591625 0.4206326140625 0.8807270796875001 0.4250421796875 0.8496228359375 0.4181946390625 0.84347618125
3 0.66015625 0.78828125 0.0578125 0.0640625
3 0.47890625 0.36640625 0.053125 0.0625
2 0.4328125 0.88125 0.01875 0.05625
2 0.57734375 0.6765625 0.03125 0.04375
2 0.56171875 0.371875 0.0328125 0.0453125
2 0.6421875 0.16328125 0.0265625 0.0640625
2 0.38046875 0.07890625 0.0359375 0.0453125
2 0.26796875 0.2140625 0.0390625 0.0515625
2 0.3328125 0.259375 0.0359375 0.0515625
2 0.04921875 0.3984375 0.0359375 0.046875
2 0.39921875 0.30234375 0.0359375 0.0484375
2 0.4 0.4203125 0.0328125 0.0421875
2 0.73671875 0.83671875 0.0328125 0.04375
2 0.95859375 0.73046875 0.0328125 0.0515625
2 0.85859375 0.64375 0.0328125 0.0484375
2 0.83671875 0.56953125 0.0328125 0.046875
2 0.7984375 0.5484375 0.0328125 0.0484375
2 0.76171875 0.53671875 0.0328125 0.0484375
1 0.71484375 0.55234375 0.05625 0.0625
1 0.67734375 0.5859375 0.053125 0.05625
1 0.6546875 0.73046875 0.0484375 0.059375
1 0.95625 0.96328125 0.05625 0.0734375
1 0.8984375 0.95234375 0.046875 0.0640625
1 0.91015625 0.8390625 0.0546875 0.0671875
1 0.86796875 0.87265625 0.053125 0.0671875
1 0.809375 0.87109375 0.053125 0.071875
2 0.76640625 0.97265625 0.0328125 0.0359375
1 0.75625 0.628125 0.0515625 0.05625
1 0.8046875 0.60546875 0.0515625 0.0640625
1 0.67578125 0.47890625 0.0546875 0.0578125
1 0.63203125 0.50078125 0.0546875 0.059375
1 0.55859375 0.46171875 0.0546875 0.0578125
1 0.55078125 0.40625 0.0578125 0.0640625
1 0.5109375 0.4890625 0.0578125 0.0625
1 0.4703125 0.4203125 0.0578125 0.0578125
1 0.340625 0.3234375 0.0578125 0.0625
1 0.3125 0.37421875 0.0609375 0.065625
1 0.25703125 0.4484375 0.0578125 0.0640625
1 0.5109375 0.61796875 0.0515625 0.0640625
1 0.47578125 0.88828125 0.0328125 0.08125
1 0.365625 0.5890625 0.0546875 0.0609375
1 0.15859375 0.3921875 0.0625 0.0703125
1 0.13046875 0.1265625 0.0703125 0.0828125
1 0.221875 0.24296875 0.065625 0.0765625
1 0.90625 0.68984375 0.0515625 0.0609375