0 0.18891122031250002 0.360873884375 0.1883245390625 0.3843411171875 0.1982981125 0.40050743125 0.30624738125 0.40572237187500004 0.30976746718750003 0.3911205390625 0.3103541484375 0.36556733124999996 0.3044873390625 0.3520084859375 0.295100446875 0.3421000984375 0.20533828281250002 0.34366458125 0.194191346875 0.34262159375 0.1900845828125 0.3473150390625 0.18891122031250002 0.360873884375
0 0 0.36118634374999997 0.053197014062500006 0.382314234375 0.0616858984375 0.35162848593749996 0.0614029359375 0.33955540625 0.049235534375 0.3269792796875 0 0.3088696578125 0 0.36118634374999997
3 0.2304326078125 0.40563678750000004 0.23014986875000001 0.41166856249999995 0.210075371875 0.409155321875 0.1967866203125 0.40563678750000004 0.1801049953125 0.4076473796875 0.1693608984375 0.40010766249999996 0.1659680265625 0.409155321875 0.1608787171875 0.4111659140625 0.1577685828125 0.41971092656250003 0.15805132187499998 0.4277532921875 0.1617269359375 0.432277121875 0.16427159062500002 0.44534596562499995 0.16851268125000002 0.44785920468749996 0.171905553125 0.4579121609375 0.1789740390625 0.45489627343750005 0.1860425234375 0.46444658125 0.2570101109375 0.46595452656249997 0.25927202656250004 0.44484331875 0.25983750625 0.41920827968749996 0.255879153125 0.41166856249999995 0.24796245 0.408150028125 0.2304326078125 0.40563678750000004
3 0.570131859375 0.154006878125 0.575827184375 0.1572042515625 0.58242176875 0.15507266875 0.5866183234375 0.14867791875 0.5866183234375 0.1326910453125 0.5845200453125 0.11563838125 0.5857190625 0.10924363125 0.5809230000000001 0.0703422421875 0.5617387515625001 0.07407251249999999 0.5617387515625001 0.0959212390625 0.570131859375 0.154006878125
2 0.24765625 0.77421875 0.0328125 0.03203125
2 0.52890625 0.9671875 0.01640625 0.059375
2 0.72890625 0.74375 0.03359375 0.028125
2 0.9734375 0.7390625 0.03984375 0.03515625
2 0.48515625 0.10859375 0.0171875 0.05390625
2 0.17265625 0.32265625 0.03359375 0.034375
2 0.20625 0.3109375 0.0328125 0.03515625
2 0.1765625 0.28359375 0.0328125 0.04140625
2 0.296875 0.32890625 0.03203125 0.02890625
1 0.1125 0.4109375 0.0546875 0.04453125
1 0.15859375 0.3671875 0.0546875 0.04140625
1 0.28984375 0.47890625 0.04921875 0.040625
1 0.2515625 0.31328125 0.0546875 0.03828125
1 0.19921875 0.88984375 0.0515625 0.11796875
1 0.1390625 0.9140625 0.05 0.09609375
1 0.109375 0.8078125 0.04765625 0.09765625
1 0.91875 0.6859375 0.0671875 0.0484375
1 0.9171875 0.7359375 0.06015625 0.040625
1 0.9140625 0.58203125 0.059375 0.04453125
1 0.9078125 0.44140625 0.05546875 0.053125
1 0.946875 0.328125 0.05234375 0.07734375
1 0.94140625 0.18125 0.0515625 0.05859375
1 0.54375 0.078125 0.02578125 0.0859375
1 0.59453125 0.07890625 0.02421875 0.08984375
1 0.696875 0.69140625 0.05546875 0.04765625
1 0.83515625 0.63828125 0.059375 0.03828125
1 0.8 0.59296875 0.0578125 0.0390625
1 0.67109375 0.5625 0.05390625 0.06484375
1 0.040625 0.4015625 0.059375 0.05234375