0 0.2763056765625 0.9901355265625 0.2871553765625 0.9947818765625 0.33754620156250004 0.801118225 0.338269515625 0.79211699375 0.33658178437499997 0.7865448015625 0.3317596953125 0.7814012406249999 0.3259731890625 0.77582905 0.319945578125 0.7736858984375 0.3165701171875 0.7736858984375 0.3122302375 0.7745431593750001 0.30644373125 0.7775435703125 0.3016216421875 0.7929742531249999 0.2975228671875 0.8062532140625001 0.25412406875000004 0.96741813125 0.25412406875000004 0.9734189515624999 0.26497376875 0.9828488140625 0.2763056765625 0.9901355265625
0 0.4785071046875 0.7678416125 0.48516370468750003 0.7701173734375 0.49310041875 0.7701173734375 0.498476903125 0.7628349390625 0.5115340796875001 0.5766777265624999 0.5102539640625 0.5621128578125 0.50641361875 0.5584716421875 0.5005250875 0.555740728125 0.49617269531249997 0.5548304234375 0.4913082578125 0.5548304234375 0.486955865625 0.555740728125 0.48490768125 0.570305596875 0.472106528125 0.7327949 0.4710824359375 0.751000984375 0.4718505046875 0.7623797875 0.4785071046875 0.7678416125
0 0.4076579953125 0.2957473296875 0.41693876875 0.294922371875 0.422507234375 0.2899726265625 0.43712445312500003 0.15261717187499999 0.43596435624999996 0.14395511562500002 0.43387618124999994 0.13488058125 0.43062791093749997 0.131168271875 0.42645156249999994 0.1286933984375 0.42065107968750004 0.1266310046875 0.4171707890625 0.127868440625 0.4125304015625 0.12910587812500002 0.40835405312499995 0.15467956562500002 0.3953609703125 0.2631615015625 0.395825009375 0.2755358671875 0.39930529843749996 0.292859978125 0.4076579953125 0.2957473296875
0 0.4317506875 0.1301437015625 0.448824253125 0.023284496874999998 0.44859036718749995 0.0103948640625 0.4467192921875 0 0.42450027031250004 0.0008315890625000001 0.4242663859375 0.0008315890625000001 0.40649116718749995 0.10478023125 0.4062572828125 0.12099622031249999 0.408128359375 0.1367964140625 0.4317506875 0.1301437015625
0 0.44921875 0.83984375 0.02734375 0.09375
3 0.79609375 0.8015625 0.07890625 0.10703125
3 0.465625 0.47890625 0.03203125 0.1328125
3 0.30859375 0.2828125 0.04375 0.0546875
3 0.16796875 0.175 0.04375 0.05234375
1 0.10625 0.165625 0.0515625 0.07265625
1 0.109375 0.12890625 0.04609375 0.05390625
1 0.18671875 0.15 0.05078125 0.05390625
2 0.2078125 0.23046875 0.03125 0.0375
2 0.203125 0.19140625 0.03046875 0.040625
2 0.24921875 0.21484375 0.0296875 0.0421875
2 0.253125 0.18828125 0.03125 0.0375
2 0.28984375 0.2375 0.0296875 0.0390625
2 0.32265625 0.24375 0.028125 0.04140625
2 0.35078125 0.25703125 0.0296875 0.0375
2 0.48984375 0.53046875 0.01640625 0.05
2 0.5046875 0.3953125 0.01640625 0.05546875
2 0.51953125 0.43515625 0.01796875 0.05625
2 0.559375 0.24921875 0.0171875 0.05859375
2 0.42265625 0.93046875 0.02421875 0.06875
2 0.6859375 0.784375 0.03515625 0.0453125
2 0.721875 0.803125 0.03515625 0.040625
2 0.74609375 0.78515625 0.03125 0.0609375
2 0.8046875 0.6703125 0.0359375 0.04609375
2 0.93671875 0.7890625 0.03984375 0.0484375
1 0.05390625 0.29609375 0.04765625 0.0546875
1 0.04609375 0.20234375 0.05078125 0.06328125
1 0.1375 0.2625 0.05078125 0.06171875
1 0.19140625 0.3015625 0.05078125 0.0578125
1 0.26328125 0.2671875 0.04765625 0.0578125
1 0.1421875 0.4140625 0.05625 0.071875
1 0.40625 0.39296875 0.05078125 0.071875
1 0.69453125 0.7453125 0.0671875 0.07109375
1 0.69140625 0.67734375 0.05546875 0.05546875
1 0.7640625 0.7125 0.0609375 0.059375
1 0.88984375 0.81171875 0.06796875 0.06796875
1 0.8234375 0.37734375 0.04453125 0.0796875