0 0.2226819859375 0.588272590625 0.23241533749999999 0.5741515546875 0.23525071875 0.5506022953125 0.2364259828125 0.5308662749999999 0.11641721875 0.5149845875 0.10426640937500001 0.5316121921875 0.0998979546875 0.550785165625 0.09742702187499999 0.5685330265624999 0.10101310156250001 0.5762041421874999 0.1151634453125 0.578112665625 0.21001958125 0.596598059375 0.2226819859375 0.588272590625
3 0.1915793984375 0.4532477703125 0.11532905468750002 0.44381780312499997 0.10862965312499999 0.44894584374999996 0.1059093578125 0.4570698109375 0.09902194375 0.45413464687499994 0.0925988171875 0.45586995156250004 0.08630974999999999 0.4604967703125 0.0825726125 0.4707357421875 0.0769440109375 0.47892047031249996 0.075294515625 0.490101121875 0.079639825 0.49832379531250004 0.08401128125 0.4990946015625 0.0847257015625 0.5078241984375 0.09829453437499999 0.5039074234375 0.11560216875 0.5098271015625 0.1271013453125 0.5066925421875 0.1541327609375 0.508591034375 0.15399054375000001 0.514875284375 0.1711461328125 0.516179553125 0.18305564375 0.5125437671874999 0.1871589828125 0.5075315453125 0.19220555781249998 0.47343330781250004 0.1915793984375 0.4532477703125
3 0.48274444218749996 0.8992800624999999 0.48836323593750003 0.8804227078125001 0.49237474687500005 0.859530640625 0.4863000234375 0.854956896875 0.479707840625 0.851459446875 0.47372464374999995 0.8556583546875001 0.45635080625 0.913306715625 0.45185845 0.9387841390625 0.47002770937499994 0.947241778125 0.48249986875 0.9062421484375 0.48274444218749996 0.8992800624999999
3 0.96875 0.4171875 0.0625 0.053125
2 0.9703125 0.2984375 0.05 0.04375
2 0.60390625 0.23671875 0.0421875 0.040625
2 0.2421875 0.11640625 0.04375 0.04375
1 0.91015625 0.34296875 0.084375 0.071875
1 0.97890625 0.34296875 0.0421875 0.0609375
1 0.9046875 0.28671875 0.071875 0.0609375
1 0.75859375 0.3703125 0.071875 0.065625
1 0.6796875 0.4328125 0.0703125 0.0765625
1 0.5296875 0.2875 0.0671875 0.0625
1 0.5171875 0.53671875 0.0703125 0.0921875
1 0.43046875 0.9328125 0.04375 0.1
1 0.4859375 0.93984375 0.0453125 0.103125
1 0.20859375 0.025 0.0734375 0.05
1 0.0984375 0.053125 0.06875 0.10625
1 0.03125 0.484375 0.0625 0.059375
1 0.06640625 0.54140625 0.0671875 0.0625
2 0.07421875 0.5953125 0.04375 0.046875
2 0.10859375 0.6140625 0.04375 0.05
2 0.109375 0.65078125 0.0421875 0.040625
2 0.21015625 0.6109375 0.0390625 0.0390625
1 0.15859375 0.61953125 0.06875 0.0546875
1 0.23125 0.44609375 0.0640625 0.0578125
1 0.93984375 0.46796875 0.06875 0.0546875