0 0.2666615 0.9849919640625 0.2758234671875 0.9892782656250001 0.2866731671875 0.9948504578125 0.33706399375 0.80453869375 0.338992828125 0.7976806125 0.338992828125 0.7912511609374999 0.33634067968750003 0.7852503390625001 0.3310363828125 0.7792495171875 0.32283883125 0.7749632171874999 0.317052325 0.77196280625 0.31150692343749997 0.77410595625 0.30740814843750003 0.7796781484374999 0.3011394328125 0.7981092421875 0.29607624062500004 0.8143971859375 0.2550884875 0.9644177203125001 0.25291854687500004 0.9708471718749999 0.25677621875 0.9742762125000001 0.2666615 0.9849919640625
0 0.58515625 0.0546875 0.0453125 0.109375
3 0.478125 0.5578125 0.05625 0.0625
2 0.01875 0.3953125 0.03125 0.05234375
2 0.17109375 0.4125 0.03203125 0.04453125
2 0.25078125 0.5078125 0.03046875 0.03984375
2 0.33125 0.553125 0.03125 0.046875
2 0.01796875 0.0328125 0.02890625 0.0421875
2 0.51484375 0.20703125 0.01875 0.05390625
2 0.61484375 0.41015625 0.02890625 0.040625
2 0.78984375 0.54765625 0.03125 0.0390625
2 0.5296875 0.67578125 0.03203125 0.0453125
1 0.15703125 0.353125 0.0484375 0.05625
1 0.05859375 0.30078125 0.05078125 0.0609375
1 0.5046875 0.52109375 0.05390625 0.05234375
1 0.60390625 0.46171875 0.053125 0.06015625
1 0.77109375 0.671875 0.059375 0.059375
1 0.93359375 0.8125 0.0640625 0.0671875
1 0.62421875 0.88671875 0.05859375 0.08046875
1 0.32734375 0.44765625 0.05234375 0.05546875
1 0.42421875 0.32890625 0.05 0.05859375
1 0.49609375 0.13671875 0.0296875 0.07578125
1 0.53125 0.2203125 0.025 0.07578125
1 0.27734375 0.06171875 0.02890625 0.03828125
1 0.43125 0.49375 0.05234375 0.05234375
1 0.75859375 0.73203125 0.06171875 0.071875
1 0.84609375 0.54296875 0.05390625 0.059375
1 0.6546875 0.02890625 0.03125 0.0578125
1 0.29375 0.25390625 0.05 0.05859375
1 0.346875 0.82421875 0.03515625 0.09140625