0 0.364459971875 0.326260721875 0.3796377828125 0.3315106625 0.414663503125 0.3315106625 0.4234199328125 0.3272450859375 0.4175823140625 0.2137151296875 0.3989019296875 0.20157464374999998 0.3732164015625 0.201902765625 0.3597898765625 0.203543371875 0.35220097031250003 0.208465190625 0.35336849375 0.22454313125 0.3557035421875 0.3157608421875 0.364459971875 0.326260721875
0 0.3370231578125 0.12971608750000002 0.3446120640625 0.13562227031250002 0.362708684375 0.13562227031250002 0.38197283125000003 0.1339816640625 0.38781045000000003 0.13037233125 0.386059165625 0.036857771875 0.3738001640625 0.027014134375 0.3656274953125 0.0230766796875 0.345195825 0.02406104375 0.327099203125 0.0260297703125 0.3259316796875 0.03488904375 0.327682965625 0.1192162078125 0.3370231578125 0.12971608750000002
0 0.742256321875 0.888838684375 0.767200525 0.88973361875 0.776222896875 0.8748180328125 0.7772843515625001 0.7626528203125 0.7772843515625001 0.75579165 0.7656083421875 0.7528085328125 0.7486250546875 0.7510186625 0.7358875890625 0.7510186625 0.7220886671875 0.7540017796875 0.7189043015625 0.7668291843749999 0.717842846875 0.7820430828125 0.7183735734375001 0.8870488140624999 0.742256321875 0.888838684375
3 0.486075275 0.2732134515625 0.48290359531249993 0.19893267812499998 0.4755030140625 0.1935844625 0.4712741109375 0.1909103546875 0.46810243125 0.1796196765625 0.46228768750000004 0.1739743375 0.44907236250000004 0.1721916 0.4443148453125 0.16862612187499998 0.43585703750000004 0.1674376296875 0.4284564546875 0.169814615625 0.42369893750000004 0.1772426921875 0.4152411296875 0.1802139234375 0.4231703234375 0.19269309375000002 0.42105587343749995 0.20933198593750002 0.42422755 0.2185428015625 0.426342003125 0.2286449875 0.43004229374999997 0.2467694953125 0.4221130984375 0.24617524999999998 0.42422755 0.26370551249999996 0.4279278421875 0.27202495937500004 0.43744287656249997 0.2779674203125 0.46545936718750003 0.2764818046875 0.486075275 0.2732134515625
3 0.62421875 0.4359375 0.04375 0.0515625
3 0.1127157875 0.627134184375 0.1292219 0.6292989953125 0.1468284203125 0.6296082546874999 0.1545312734375 0.6262064078125 0.1567320875 0.6190934546875 0.1539810703125 0.61167124375 0.09345865625000001 0.6030119953125 0.069249690625 0.6036305140625 0.065398265625 0.6231138203125 0.10446273125000001 0.6283712203125 0.1127157875 0.627134184375
2 0.8171875 0.26328125 0.0359375 0.0359375
2 0.33125 0.184375 0.0375 0.0359375
2 0.31875 0.2203125 0.0375 0.034375
2 0.284375 0.2265625 0.03125 0.034375
2 0.340625 0.31640625 0.0359375 0.034375
1 0.69453125 0.96171875 0.0453125 0.0625
1 0.62265625 0.98984375 0.0484375 0.0203125
1 0.625 0.928125 0.04375 0.0625
1 0.678125 0.8328125 0.046875 0.059375
1 0.59921875 0.7859375 0.05 0.065625
1 0.4828125 0.75703125 0.10625 0.028125
1 0.0359375 0.96640625 0.046875 0.053125
1 0.1921875 0.5 0.103125 0.0375
1 0.57578125 0.08984375 0.053125 0.059375
1 0.421875 0.059375 0.0578125 0.0625
1 0.42734375 0.12265625 0.05 0.0625
1 0.3796875 0.16875 0.04375 0.0578125
1 0.32265625 0.2703125 0.04375 0.059375
1 0.50078125 0.30859375 0.0453125 0.0546875
1 0.93828125 0.21015625 0.1234375 0.0546875
1 0.8875 0.1078125 0.0921875 0.059375
1 0.07421875 0.6375 0.09375 0.0265625
1 0.071875 0.58359375 0.09375 0.0265625