0 0.1877605578125 0.36763980625000003 0.1874997796875 0.3815479953125 0.1874997796875 0.39406536718749996 0.1994955921875 0.4149276515625 0.30250312031250004 0.4158548640625 0.3074579125 0.40982798125000003 0.3090225828125 0.39406536718749996 0.3090225828125 0.37413029531249997 0.304067790625 0.36114931875 0.293897428125 0.3514135859375 0.2148815265625 0.35280440468749996 0.192976128125 0.3518771921875 0.1885428921875 0.35883128750000004 0.1877605578125 0.36763980625000003
3 0.182758890625 0.414467865625 0.182222940625 0.4192318640625 0.1656084953125 0.414944265625 0.1500659515625 0.4116094671875 0.13318353125 0.41351506718750003 0.12058871093750001 0.40636906875 0.11737301250000001 0.415897065625 0.1117455390625 0.4192318640625 0.1082618640625 0.4268542609375 0.11013768906250002 0.4368586578125 0.11281743749999999 0.44305185625 0.1168370625 0.45400905312499995 0.128359984375 0.4573438515625 0.13318353125 0.46258425000000003 0.1393469546875 0.46877744843749997 0.20714460781250002 0.47497064531250005 0.21089625625 0.45782025156249995 0.21250410625 0.4278070609375 0.2079485328125 0.4201846640625 0.1988373859375 0.415420665625 0.182758890625 0.414467865625
3 0.549477609375 0.75599208125 0.5443574156250001 0.8451014140625001 0.5667245765625 0.84941315625 0.569958384375 0.7612619875 0.564838190625 0.75359666875 0.554597803125 0.7531175859375 0.549477609375 0.75599208125
3 0.5673862984375 0.1587225890625 0.5726692250000001 0.1596617765625 0.578216296875 0.1591921828125 0.5848199546874999 0.15308746875 0.5842916625 0.13571250937499998 0.5821784921875001 0.11739836562499999 0.5827067859375 0.11082405625 0.578216296875 0.0732565796875 0.5599902015625 0.0779525140625 0.5591977625 0.10002340624999999 0.5673862984375 0.1587225890625
2 0.31484375 0.4734375 0.0328125 0.0328125
2 0.29609375 0.3375 0.0328125 0.02890625
2 0.40390625 0.12265625 0.01640625 0.0515625
2 0.43515625 0.14609375 0.0171875 0.053125
2 0.8578125 0.7578125 0.0375 0.03046875
2 0.41484375 0.32734375 0.01875 0.0546875
2 0.46015625 0.32421875 0.01953125 0.053125
1 0.2 0.90078125 0.04921875 0.11484375
1 0.1390625 0.9046875 0.03984375 0.11484375
1 0.103125 0.809375 0.0265625 0.09921875
1 0.2578125 0.4859375 0.0515625 0.04375
1 0.93359375 0.73359375 0.059375 0.0390625
1 0.9421875 0.68671875 0.06796875 0.0515625
1 0.8671875 0.66875 0.06015625 0.04296875
1 0.92890625 0.58125 0.059375 0.04296875
1 0.9359375 0.4546875 0.0546875 0.040625
1 0.49921875 0.91171875 0.02890625 0.11484375
1 0.59453125 0.796875 0.03125 0.096875
1 0.4875 0.62109375 0.028125 0.103125
1 0.559375 0.61015625 0.02890625 0.09921875
1 0.49921875 0.44765625 0.02734375 0.08984375
1 0.43359375 0.42890625 0.0296875 0.08984375
1 0.4703125 0.23671875 0.025 0.08828125
1 0.4640625 0.1140625 0.02109375 0.08203125
1 0.540625 0.08125 0.02578125 0.08828125
1 0.59140625 0.08203125 0.02421875 0.090625
1 0.7890625 0.44296875 0.05390625 0.0484375
1 0.896875 0.03828125 0.04765625 0.04140625
1 0.89375 0.1421875 0.03984375 0.1015625
1 0.66640625 0.48125 0.05 0.06953125
1 0.1265625 0.21640625 0.0546875 0.0609375