0 0.4160768703125 0.214281746875 0.42814550156250003 0.2209442 0.453441359375 0.2244328796875 0.46963149375 0.2240487609375 0.4732545015625 0.21982928125 0.48711132656249995 0.108588075 0.46737705781249994 0.0898856765625 0.44777635312499997 0.08675343125 0.43180777187499997 0.0858810640625 0.421649675 0.0879765671875 0.4180585671875 0.11487380312499999 0.4048344984375 0.1996677984375 0.4160768703125 0.214281746875
0 0.415229821875 0 0.41656063750000005 0.0025445765625 0.4251170375 0.012798265625 0.4491298546875 0.0170323734375 0.47162896718749997 0.0167890359375 0.4738970703125 0 0.415229821875 0
0 0.7660355921875001 0.0671680953125 0.7820880156250001 0.0630979359375 0.7781606828125 0.0413339265625 0.7208684015625 0.031231753125 0.7240785890625 0.047693834375 0.7279082421874999 0.0642405640625 0.7494424265624999 0.0673475578125 0.7660355921875001 0.0671680953125
3 0.5468865671875001 0.178798040625 0.5557475515625 0.10295835625000001 0.5481898953125001 0.0946468578125 0.545229253125 0.08904926875 0.543683525 0.0786256171875 0.5389193046874999 0.07366167500000001 0.5271577625 0.07000168749999999 0.522393540625 0.06503774375 0.5133124734375001 0.062167620312500005 0.503634678125 0.062681715625 0.49823287031249996 0.07092866249999999 0.489757459375 0.071020328125 0.49666860156250003 0.08619670625 0.4895851015625 0.10398100156250001 0.49260445624999993 0.112443940625 0.49086851718749996 0.12228894374999999 0.49275312343750005 0.140385671875 0.48581005 0.1413819734375 0.4839247578125 0.1616689609375 0.4871068546875 0.1692089296875 0.49329045625 0.1725198171875 0.49427584687500004 0.17332801250000002 0.5259986375000001 0.178921596875 0.5468865671875001 0.178798040625
3 0.104003878125 0.4740759109375 0.1244622859375 0.479586609375 0.14026943281249998 0.482691059375 0.14868613125000002 0.47973404531249997 0.1522843625 0.47212074375 0.147954125 0.4646955484375 0.0865201890625 0.44529810000000003 0.061636439062500006 0.4424965328125 0.056523725000000004 0.4618972171875 0.0967851 0.47343748906250005 0.104003878125 0.4740759109375
3 0.6125 0.96796875 0.065625 0.0640625
3 0.6921875 0.45078125 0.0546875 0.0578125
2 0.884375 0.22734375 0.040625 0.0421875
2 0.40234375 0.0609375 0.04375 0.04375
2 0.34921875 0.09609375 0.0390625 0.0390625
2 0.384375 0.0953125 0.046875 0.04375
2 0.38984375 0.196875 0.0390625 0.0390625
2 0.6296875 0.8828125 0.04375 0.04375
2 0.67265625 0.91015625 0.0375 0.0453125
2 0.73203125 0.965625 0.040625 0.046875
1 0.70546875 0.26796875 0.059375 0.0703125
1 0.5546875 0.2171875 0.05625 0.0640625
1 0.50859375 0.025 0.0578125 0.05
1 0.45625 0.053125 0.0546875 0.065625
1 0.38046875 0.14765625 0.053125 0.065625
1 0.7375 0.85703125 0.0546875 0.0703125
1 0.55625 0.95 0.059375 0.0765625
1 0.6703125 0.84375 0.0640625 0.078125
1 0.62265625 0.82265625 0.0609375 0.0765625
1 0.56875 0.78671875 0.0578125 0.075
1 0.6640625 0.67578125 0.0921875 0.08125
1 0.6734375 0.57734375 0.05625 0.0703125
1 0.56328125 0.66875 0.0796875 0.0765625
1 0.975 0.19296875 0.05 0.0734375
1 0.965625 0.09296875 0.06875 0.0484375
1 0.446875 0.50703125 0.1015625 0.071875
1 0.28515625 0.409375 0.1015625 0.05625
1 0.06953125 0.421875 0.0984375 0.0421875
1 0.0625 0.47734375 0.1015625 0.04375
1 0.1140625 0.87734375 0.075 0.0703125