0 0.302558940625 0.87193859375 0.31905316250000004 0.8749301953125 0.3364284921875 0.8748694328125 0.35840387812499996 0.863026775 0.374672365625 0.7508887609375 0.3563864953125 0.7436203906250001 0.329786496875 0.7408246171874999 0.31426820312500003 0.7445400265625 0.30298545312499997 0.7559340406249999 0.294517759375 0.8364987656249999 0.291900628125 0.8667298984375 0.302558940625 0.87193859375
0 0.27278781093750004 0.9479842812499999 0.2560587703125 0.962938128125 0.25381932812499997 0.9768795078125001 0.31458560156250004 0.9832663015625001 0.31845474218750003 0.9564303531249999 0.3074952453125 0.9525437515625 0.28840970781249997 0.9487146375 0.27278781093750004 0.9479842812499999
3 0.38844938125 0.9126564171875 0.40315555 0.9092460593749999 0.40986783125 0.9031369984375001 0.41067284531250003 0.8954778015624999 0.41629190937500005 0.8945196281250001 0.42249058437500003 0.88804683125 0.43542077968750004 0.812277528125 0.411856115625 0.80546425 0.3835063953125 0.802174821875 0.3770517203125 0.805832940625 0.3684766171875 0.8139144765624999 0.3649071640625 0.83212445 0.37075002968750004 0.834287321875 0.366312765625 0.8555036062499999 0.3602718859375 0.87097580625 0.36078068281250003 0.8871364015625 0.35329558906249997 0.9005982921875001 0.3589452515625 0.9045993703124999 0.36170487812499996 0.90984545625 0.37059717812500004 0.9144971015625 0.3826371125 0.9154527968749999 0.38844938125 0.9126564171875
3 0.1271460421875 0.431210665625 0.132371428125 0.42645487343750005 0.132545484375 0.4191787890625 0.126292925 0.41122724218749995 0.10402296250000001 0.4095497 0.0874919703125 0.40947003593750003 0.078247575 0.40750372187500006 0.036215221874999995 0.4083909453125 0.036964932812500004 0.429358190625 0.0667955171875 0.432161946875 0.1271460421875 0.431210665625
3 0.67421875 0.15703125 0.046875 0.065625
2 0.77109375 0.20078125 0.0390625 0.04375
2 0.8046875 0.10234375 0.0390625 0.046875
2 0.771875 0.85625 0.0390625 0.040625
2 0.68828125 0.66328125 0.040625 0.040625
2 0.26640625 0.8859375 0.04375 0.04375
2 0.25703125 0.8484375 0.0421875 0.0390625
2 0.22265625 0.8375 0.0390625 0.0390625
2 0.290625 0.7515625 0.04375 0.0390625
1 0.453125 0.77734375 0.053125 0.0609375
1 0.3578125 0.9578125 0.059375 0.0640625
1 0.3140625 0.9078125 0.053125 0.0640625
1 0.2640625 0.7984375 0.05 0.065625
1 0.6171875 0.75703125 0.0578125 0.0640625
1 0.89296875 0.925 0.1328125 0.06875
1 0.80703125 0.9921875 0.1078125 0.015625
1 0.7578125 0.2890625 0.05625 0.0671875
1 0.7171875 0.2078125 0.071875 0.0796875
1 0.75078125 0.125 0.059375 0.0703125
1 0.68515625 0.05234375 0.0640625 0.0765625
1 0.61484375 0.26953125 0.05 0.06875
1 0.56953125 0.3921875 0.090625 0.0671875
1 0.44921875 0.45390625 0.0921875 0.065625
1 0.275 0.53046875 0.1 0.046875
1 0.04453125 0.4515625 0.0859375 0.0359375
1 0.053125 0.39609375 0.090625 0.034375