1 0.42965442343750004 0.0119064578125 0.41408100625 0.012734348437500001 0.40496930156250005 0.017528712499999998 0.411531628125 0.0435039046875 0.42476786093749996 0.0651237625 0.43646537968750004 0.0648997625 0.4525833078125 0.060020276562499995 0.43617757187499995 0.015626540624999997 0.42965442343750004 0.0119064578125
1 0.43624205937499994 0.0844723265625 0.42423737656249993 0.085928290625 0.4144331453125 0.08976485937499999 0.42470109999999994 0.13262827500000002 0.4296632765625 0.1370060015625 0.4376775765625 0.13848077187500002 0.459126278125 0.13650065625000002 0.44864887343750004 0.088874240625 0.43624205937499994 0.0844723265625
2 0.5248879203125 0.0707199640625 0.509998646875 0.0706715890625 0.5152820124999999 0.090570284375 0.5216543984374999 0.10236578437499999 0.5306851578125 0.10723450625 0.55113416875 0.10552855937500001 0.5526867546875 0.103036853125 0.54587595625 0.0911320421875 0.532533625 0.0736730921875 0.5248879203125 0.0707199640625
2 0.454727809375 0.036477648437499996 0.4503604484375 0.0390526828125 0.455819728125 0.0563781375 0.463314671875 0.067406684375 0.47122287500000004 0.0730423609375 0.4933473359375 0.068351921875 0.4941459609375 0.0651488109375 0.4733086859375 0.0366613140625 0.454727809375 0.036477648437499996
2 0.5899134625 0.2955154515625 0.5785845421875 0.29426109375 0.570709875 0.2959616578125 0.5732063609375 0.3083610484375 0.5777888156250001 0.3254678859375 0.5863113453125 0.32863963125 0.6033926843749999 0.3292345484375 0.61451215625 0.32572590625000003 0.596481275 0.295321021875 0.5899134625 0.2955154515625
0 1 0.3613102375 0.833590165625 0.36595414375 0.826310315625 0.37460746875 0.8304543578124999 0.391605 0.8387032609375 0.40334495 1 0.40315916406249996 1 0.3613102375
3 0.46666878437500003 0.1716183734375 0.4660349453125 0.1834989953125 0.476961890625 0.2199839671875 0.48840255 0.231996290625 0.5262484484375001 0.23148735625 0.5193900859375 0.195493378125 0.5141234890625 0.17926280156250002 0.502585115625 0.1732454421875 0.46666878437500003 0.1716183734375
1 0.51840445 0.2946986 0.5007618328125 0.294487159375 0.4925883875 0.2992537484375 0.5065730953124999 0.34775463281249996 0.515673671875 0.3542110203125 0.55095080625 0.35279870625 0.540049015625 0.3218159140625 0.529049509375 0.2968280890625 0.51840445 0.2946986
1 0.44053414843749994 0.188657371875 0.43887546562499996 0.195309984375 0.44075488125 0.22325811562500003 0.446915075 0.24337542656250002 0.482462809375 0.2464808546875 0.4780730359375 0.23046889843749999 0.4650685078125 0.1911105375 0.44053414843749994 0.188657371875
1 0.22890592187499997 0 0.235987475 0.015439629687500001 0.246665790625 0.024906490625 0.2591703171875 0.0233134421875 0.27178094218750004 0.0175594859375 0.26333982031250003 0 0.22890592187499997 0
1 0.2946319359375 0.14442856875 0.2734289640625 0.1454231109375 0.28147131718749996 0.18040374374999998 0.2855985875 0.19373315468750002 0.3019595046875 0.20095290625 0.318532615625 0.1998508484375 0.32262070781249996 0.19092515000000002 0.3155390265625 0.1745037328125 0.30340019687500003 0.146614740625 0.2946319359375 0.14442856875
2 0.1926071515625 0.064293559375 0.1987868546875 0.07499418125 0.20603606718749998 0.08700830000000001 0.2143128671875 0.091165615625 0.219914521875 0.09858159375 0.22954284062500002 0.097318265625 0.228878209375 0.08877783593750001 0.2287050375 0.07826626249999999 0.22873293437500003 0.07068363125 0.22207853593750002 0.065622275 0.209294740625 0.06086465625 0.1926071515625 0.064293559375
1 0.82685195625 0.4247303140625 0.8358911000000001 0.43143309218750003 0.8552873703125 0.43208176875 0.9092847328125 0.43402958593749996 0.9182819562500001 0.43156206875 0.9111835046874999 0.41147253125 0.9016612828125 0.40857495312500003 0.8632457234375 0.40763330625 0.8274690250000001 0.4091815703125 0.82685195625 0.4247303140625
1 1 0.465064634375 0.9762893671875 0.46225095468750005 0.9271675968749999 0.45942507812500005 0.90282591875 0.45806679375000003 0.8990980359374999 0.4636800765625 0.9008573296875 0.47903618281250004 0.9170786124999999 0.483080603125 1 0.48995373750000004 1 0.465064634375
1 0.6042312671875 0.553729025 0.5972334265625 0.55564820625 0.5909002203125 0.566107815625 0.5960076734374999 0.5885797484374999 0.6068926968749999 0.615894421875 0.6376877046875 0.6193851218749999 0.6442219812500001 0.6118544531250001 0.6383884625 0.5810884828125 0.62872935 0.5619307609375 0.6042312671875 0.553729025
1 0.6266941546875 0.69149315625 0.609121353125 0.6928693828125 0.6061111515625 0.704942640625 0.6188699515625 0.7452865734375 0.6193670531250001 0.7582343015624999 0.6554062515625 0.759368584375 0.667419315625 0.7597466796875 0.646668471875 0.6954264718750001 0.6266941546875 0.69149315625
1 0.5581024625000001 0.41189628593750005 0.55093709375 0.4182227671875 0.5626683031249999 0.4664235 0.57013809375 0.47194986562499996 0.58522005 0.473093121875 0.6012318828125001 0.472374540625 0.591597765625 0.4176305046875 0.5818828640625 0.41363804843749996 0.5581024625000001 0.41189628593750005
1 0.5283826015625 0.42463795624999995 0.510547303125 0.42333163437500004 0.5047502203125 0.4279055875 0.51573585625 0.47722897968750005 0.523381559375 0.4801821046875 0.54166365625 0.48343179531249997 0.552537396875 0.48090872500000004 0.5513477671875 0.46700320156249997 0.54521546875 0.4393032578125 0.5406749375000001 0.4313667171875 0.5360813546875 0.42551063125 0.5283826015625 0.42463795624999995
2 0.419779503125 0.5203021109375 0.3962532171875 0.5194088359375 0.38913251249999997 0.5218208046874999 0.398185684375 0.545276515625 0.4109248140625 0.5539486453125 0.4240772046875 0.5572279046874999 0.42961178593750005 0.5499714046874999 0.429748521875 0.5251430546875 0.419779503125 0.5203021109375
3 0.3717601546875 0.361771990625 0.345374428125 0.3648765578125 0.35583780625 0.39575004062499997 0.36026385781250003 0.40601342812499996 0.37550221875 0.41400013593749996 0.39770488125000003 0.41273142187499995 0.40131828125 0.40944498593749995 0.38022963593750003 0.3670241890625 0.3717601546875 0.361771990625
1 0.1568797015625 0.45972631562500005 0.16547204843750002 0.46448572656250003 0.2282460578125 0.470453778125 0.23542819375000001 0.46779541875 0.23676294531250003 0.45870665156249996 0.23077592343750003 0.44910091406249997 0.1554890046875 0.4428918515625 0.1568797015625 0.45972631562500005
1 0.07949842968750001 0.4469757453125 0.08231884843750001 0.46181129062500004 0.09052583125 0.4643809390625 0.15292285781249998 0.469993290625 0.16122755312499998 0.46656797499999997 0.1584685671875 0.45148603749999994 0.1457545890625 0.44831608593750005 0.0828046671875 0.4449212734375 0.07949842968750001 0.4469757453125
2 0.15976978125000002 0.43506103281249997 0.167809234375 0.44203798125000004 0.198903021875 0.44246265625000003 0.21371409375 0.439089303125 0.21375875937500002 0.435174790625 0.19664388125 0.4272436328125 0.16009645625 0.424412375 0.15976978125000002 0.43506103281249997
2 0.021284465625000002 0.43952754218749995 0.0308765046875 0.4440127859375 0.059778228125 0.44389091562500005 0.0676445078125 0.44035629218750005 0.0748880796875 0.43745153906249995 0.07493274375 0.43353702656250004 0.061026390625 0.4295463640625 0.047312721875000005 0.42665058125 0.020848795312499998 0.426333421875 0.021284465625000002 0.43952754218749995
1 0.0748963078125 0.3981971046875 0.089081928125 0.40853843437500004 0.1356960859375 0.41021567187499997 0.1473852203125 0.4081576125 0.152998003125 0.4043228375 0.151517978125 0.39531740000000004 0.1454862921875 0.389626171875 0.1290807109375 0.38632093125 0.08034430625 0.3856848171875 0.0748963078125 0.3981971046875
0 0 0.4801141484375 0.059892864062499995 0.48265256562500003 0.06688231875 0.47889932343749997 0.063159921875 0.45834298437500004 0.0267884109375 0.452938484375 0 0.4518177703125 0 0.4801141484375
2 0.0167863234375 0.5640267859375 0.0036926203125 0.5735859453125001 0.028347104687500003 0.5886311359375 0.0468135 0.5911416453125 0.0540207921875 0.5939854640625 0.059756440625 0.5896579046875 0.0523229296875 0.578382965625 0.0304748390625 0.5614203890625 0.0167863234375 0.5640267859375
1 0.596790309375 0.78715099375 0.5840316671875 0.78789555625 0.5772963265625 0.7924972859375 0.581378934375 0.809741209375 0.5894686921875001 0.8277225171874999 0.596313028125 0.8469635656250001 0.61092029375 0.8537460843750001 0.631123571875 0.853025709375 0.6332122828125 0.8446483468749999 0.6242037765624999 0.817278121875 0.6186048640624999 0.7967773328125001 0.6062957609375 0.7863804515624999 0.596790309375 0.78715099375
1 0.48331694843750006 0.8164350890625001 0.4508995359375 0.8138484281249999 0.44833613124999994 0.8278650546874999 0.4631557453125 0.8674142578125 0.4696258453125 0.8732147937500001 0.4886004703125 0.8774222796875 0.5024202359375 0.8761571546875 0.4824485046875 0.8180505312499999 0.48331694843750006 0.8164350890625001
1 0.210674346875 0.75944946875 0.2571825640625 0.8063761078124999 0.2735434796875 0.8135958625 0.293905903125 0.8066341296875 0.3009567921875 0.8026344953125 0.24891673593750002 0.7498795453125 0.210674346875 0.75944946875
1 0.172440340625 0.7708534546875 0.1722728109375 0.775260753125 0.20395592968749998 0.8088078124999999 0.21828118281250003 0.8223244765625 0.22824181718749997 0.8253313609375 0.2497435671875 0.8212707921875 0.25252480781250003 0.8138512265625 0.2039222359375 0.7603830796875 0.172440340625 0.7708534546875