0 0.680204203125 0.6576319234375 0.6713921046875 0.6537377890625 0.6610489640625 0.6533730906249999 0.63075268125 0.661094365625 0.6241803859374999 0.6650545515624999 0.648777803125 0.7700438734375 0.6695212484375 0.779091525 0.6924389375 0.7742202203125 0.7087679421875 0.76786578125 0.7087515546875001 0.7624224609375 0.7072365015625001 0.7499284875 0.6894724125 0.663671909375 0.680204203125 0.6576319234375
3 0.5806080296875 0.76095314375 0.601082596875 0.8284874359375 0.614231096875 0.8353816609375 0.6201182421875 0.8447569765624999 0.632337821875 0.8498983421874999 0.6413629375000001 0.8504803875 0.6517306703125 0.8495268546875 0.6602312968749999 0.84240665625 0.659937271875 0.8384060140624999 0.666157834375 0.833645753125 0.6647594578125 0.82706690625 0.6566955796875 0.823155053125 0.657624846875 0.8092053703125 0.6532074390625 0.7988925515624999 0.64917140625 0.7903739625 0.64088486875 0.77494511875 0.6464222296875 0.7722053718749999 0.642521121875 0.7564694734375 0.634695509375 0.7484438375 0.6268375765624999 0.74550086875 0.5994128265625001 0.752580375 0.5806080296875 0.76095314375
3 0.8592327921875 0.324423540625 0.8418593171875 0.3258005953125 0.8236954078125001 0.3289997984375 0.8188434156250001 0.3366476671875 0.8216522453125 0.3443213140625 0.8246459921874999 0.3473240734375 0.8882365968749999 0.34174732812499997 0.9061986687499999 0.3375985453125 0.905609665625 0.31820493125 0.8679783484374999 0.32124130625 0.8592327921875 0.324423540625
2 0.5078125 0.08125 0.040625 0.040625
2 0.16328125 0.2 0.0375 0.0421875
2 0.025 0.559375 0.0484375 0.03125
2 0.3609375 0.4921875 0.065625 0.0328125
2 0.74765625 0.92109375 0.0421875 0.04375
2 0.73671875 0.7828125 0.0390625 0.0421875
2 0.73984375 0.74609375 0.0453125 0.0421875
2 0.70390625 0.65859375 0.0359375 0.0375
2 0.265625 0.7375 0.046875 0.04375
1 0.71171875 0.8625 0.0546875 0.0640625
1 0.6671875 0.8859375 0.0546875 0.06875
1 0.72890625 0.7 0.05 0.0625
1 0.553125 0.6984375 0.05 0.0578125
1 0.6484375 0.46484375 0.0921875 0.0453125
1 0.7953125 0.44296875 0.1 0.0484375
1 0.89375 0.30703125 0.09375 0.04375
1 0.90625 0.3578125 0.09375 0.04375
1 0.2109375 0.0859375 0.0640625 0.078125
1 0.16171875 0.1046875 0.0515625 0.0671875
1 0.24296875 0.16015625 0.0515625 0.0671875
1 0.31796875 0.07734375 0.0515625 0.0671875
1 0.440625 0.35390625 0.1015625 0.0625
1 0.50078125 0.25390625 0.075 0.065625
1 0.15859375 0.8765625 0.1296875 0.0765625
1 0.278125 0.94296875 0.109375 0.0625
1 0.803125 0.0984375 0.0953125 0.0609375