0 0.3275024453125 0.84297966875 0.32633095 0.849095634375 0.33024586875 0.853688571875 0.35201953750000003 0.8561769890625 0.374357053125 0.8543528484375 0.3907564984375 0.8418755656249999 0.39579507187499996 0.7277656421875001 0.3855096265625 0.7243595765624999 0.3554611546875 0.7238083953125 0.3414610078125 0.7272798078125 0.327636053125 0.74078783125 0.3275024453125 0.84297966875
0 0.3631474828125 1 0.36289238125 0.9298504968750001 0.3615331828125 0.9252129453125001 0.3397595140625 0.9227245296875 0.31739071406249997 0.92275641875 0.3023379515625 0.9391543499999999 0.30167881875 1 0.3631474828125 1
0 0.7439032906249999 0.202853540625 0.7328600359374999 0.1926480703125 0.70476589375 0.1942141359375 0.6869321703125 0.1977524609375 0.6889593656249999 0.3138904109375 0.68914706875 0.3246439234375 0.6975720359375 0.33130950000000003 0.7193081640625001 0.33164721406250003 0.744176371875 0.328344659375 0.7498141171875 0.321792178125 0.7439032906249999 0.202853540625
3 0.63464955 0 0.6365417453125 0.0204278703125 0.638521103125 0.02397891875 0.6427426015625 0.0461359296875 0.64725890625 0.048567015625 0.6625869671875 0.0479409046875 0.6797504765625 0.042621478125 0.6795164437500001 0 0.63464955 0
3 0.5735566890625 0.659404940625 0.5704614109375 0.701769009375 0.5795065375 0.7073480812499999 0.598686946875 0.7077304062499999 0.6095112109375 0.705390109375 0.61570103125 0.65723506875 0.607357403125 0.65522935 0.57732144375 0.6553950687500001 0.5735566890625 0.659404940625
3 0.0350371296875 0.4547447078125 0.056792028125000005 0.45615777343749997 0.1198708921875 0.4450170578125 0.1223265015625 0.4392372390625 0.1209297640625 0.43244898593750003 0.1125235671875 0.4268587609375 0.090818725 0.4283133 0.0774324796875 0.43033975625 0.069752809375 0.42975668593750005 0.027652265625 0.43443570937500003 0.0350371296875 0.4547447078125
3 0.41716461406249994 0.8901787265625 0.42535807812500004 0.8835816359375 0.44000966874999997 0.8808159718749999 0.4475767171875 0.874946934375 0.44869190000000003 0.8656049171875001 0.459422315625 0.8578878640625 0.4622860953125 0.8022611281250001 0.46190443124999997 0.78039565 0.4343678796875 0.7772907046875 0.4088044296875 0.7773783562500001 0.4037305328125 0.7796182796875 0.3975539640625 0.791917121875 0.3971840765625 0.8073416437500001 0.4029844984375 0.8101088734375 0.4012804390625 0.822329646875 0.3975219421875 0.8266979687499999 0.3989562203125 0.835636925 0.3953228578125 0.8471742546875 0.3981914171875 0.8650521687499999 0.3919835671875 0.8755587578125 0.399086875 0.8797374843749999 0.39916195625 0.8840388906250001 0.40434847500000004 0.888251075 0.41716461406249994 0.8901787265625
2 0.97121875 0.483582115625 0.9846863296875 0.486215515625 0.9998364328125 0.486265846875 0.9995337125000001 0.4689229484375 0.9805711968749999 0.4701521609375 0.976180025 0.474890084375 0.9685879484375001 0.4793253203125 0.97121875 0.483582115625
2 0.7798905296875 0.7999443578125 0.7920802484375 0.8026000625 0.8060866515624999 0.7994871015625 0.8133158343750001 0.774261740625 0.8074403312499999 0.7671931046875 0.7869820625 0.7668330859375 0.7768280109375 0.77095448125 0.7798905296875 0.7999443578125
2 0.3108519265625 0.8590223078125 0.30850203125000003 0.8546007109374999 0.299441740625 0.85635265 0.29725315 0.8611722234375 0.2860098296875 0.8680624015625 0.2881254546875 0.8916135828125 0.30857368281249997 0.8912566578125001 0.3272622671875 0.8877428640625 0.32116503750000003 0.863942425 0.3108519265625 0.8590223078125
2 0.30521701874999996 0.8291573906249999 0.2982396359375 0.8200351921875001 0.2913901890625 0.8182422 0.28126063437500004 0.8238379015625 0.27177139375000003 0.833566284375 0.274377153125 0.8526462968749999 0.293728303125 0.854539828125 0.3135529015625 0.8510062062499999 0.30521701874999996 0.8291573906249999
2 0.2982798859375 0.7572391140625 0.31589364375 0.757250425 0.327821775 0.75704221875 0.3285962421875 0.7363094125 0.325038021875 0.72776505 0.318121828125 0.7221481234375 0.309690728125 0.7273954203125 0.3017831390625 0.730083515625 0.297896090625 0.7352514953125 0.2959578 0.754410821875 0.2982798859375 0.7572391140625
1 0.4036532234375 0.9023473671875 0.383889809375 0.9093862609375 0.3790830203125 0.959515209375 0.3814273546875 0.9636181453124999 0.40816258593750004 0.9653827890625 0.42162230625 0.95526634375 0.4271528453125 0.91404999375 0.4241848828125 0.9067703609375 0.4036532234375 0.9023473671875
1 0.3333761859375 0.9124992890625 0.3493860453125 0.9182762421874999 0.3675066234375 0.9147723640625 0.3751645703125 0.8652311656249999 0.36256274843749997 0.8593947249999999 0.3449823640625 0.8612953828125001 0.3366068875 0.869729290625 0.3333761859375 0.9124992890625
1 0.45600764375 0.744285703125 0.453506909375 0.76377360625 0.4513294421875 0.7692305046875 0.46161473906249995 0.7725573140625001 0.48548212968750004 0.7727782234375 0.4927605265625 0.7665947734375 0.4940974390625 0.7455333921875 0.4983800625 0.7304770015625001 0.4925220078125 0.720378990625 0.47772603281250003 0.7190434640625 0.4601178375 0.7193508171875 0.45569615781249995 0.726440678125 0.45600764375 0.744285703125
1 0.9040618578125 0.860780603125 0.9797074718750001 0.8326845125 0.9835444593749999 0.8246485796874999 0.9633861265625001 0.8090625328125001 0.94920265625 0.81026638125 0.8593958203125001 0.8408409656250001 0.8595849375 0.8516754453125 0.87681980625 0.8625311484375 0.8899173234375001 0.8642150796875001 0.9040618578125 0.860780603125
1 0.8509967828124999 0.9130269343749999 0.8362619921875 0.91519668125 0.8238715375 0.921469365625 0.8263104296874999 0.930989540625 0.89011559375 0.9732269375 0.9065043421875 0.968159496875 0.9177142875 0.9593573546874999 0.87279795 0.925077965625 0.8509967828124999 0.9130269343749999
1 0.0696720921875 0.5830436203125 0.0804475234375 0.581899259375 0.147344334375 0.57340013125 0.1586043390625 0.5674659390625 0.15956235937500002 0.557248953125 0.15089208437499999 0.5487938203125 0.1367141765625 0.5503163296875 0.065284440625 0.559532096875 0.055745140625 0.5663925296875 0.0610796875 0.57904974375 0.0696720921875 0.5830436203125
1 0 0.432764803125 0.0017148609374999998 0.43313841093749994 0.07775539375 0.427667259375 0.08447135156249999 0.421812384375 0.08485024062499999 0.41096798906250004 0.0722762296875 0.40672485625 0 0.41325672031250005 0 0.432764803125
1 0.3766189828125 0.2649840046875 0.368755890625 0.2702213875 0.365486909375 0.278247403125 0.36784236875 0.28298766249999996 0.4551589359375 0.3050516546875 0.47019474375000003 0.28757625937500003 0.457592925 0.28173981875 0.3874055390625 0.26447696718749997 0.3766189828125 0.2649840046875
1 0.5262595703125 0.302667459375 0.5247453875 0.3138862140625 0.5322814984375001 0.32110962656250003 0.5556723578125 0.3223002421875 0.5641584015625 0.31863453124999996 0.58661180625 0.2661183453125 0.572796425 0.2583649765625 0.5419922171875 0.25698397968750003 0.5262595703125 0.302667459375
1 0.720964565625 0.4524438375 0.7137353609375 0.46280300625 0.7132876359375 0.50246363125 0.7174494171875 0.5123041890625 0.738007875 0.5145035859375 0.753935165625 0.5126266703125 0.7560526578125 0.50331606875 0.7569586078125 0.45725183124999996 0.7505956359375 0.451926625 0.720964565625 0.4524438375
1 0.675843428125 0.381920328125 0.6740167593749999 0.37523681875000003 0.653447140625 0.3723980546875 0.6347041875 0.3762428015625 0.631480521875 0.3874913953125 0.626407209375 0.4233953921875 0.631122078125 0.43226695312499996 0.651077228125 0.4325581984375 0.6653340953125 0.43294890312499995 0.6720715937499999 0.427075246875 0.6703621078124999 0.4271050859375 0.675843428125 0.381920328125
1 0.6134925484375 0.075379609375 0.6109069890625001 0.025219167187500002 0.6017004546875 0.020263376562499998 0.5897229015625001 0.0198328828125 0.5720805453125 0.0214199546875 0.5670469515625001 0.0269440890625 0.567219278125 0.0694719171875 0.569112903125 0.079991628125 0.5800289234375 0.0849175796875 0.60336398125 0.0829113609375 0.6134925484375 0.075379609375
1 0.6852282140625 0.1358451390625 0.6843688796875 0.0866139078125 0.6768104484374999 0.0781117609375 0.6619893343750001 0.07805068281250001 0.6438162109375 0.081885484375 0.6387714578125 0.0867702515625 0.643413125 0.1241035765625 0.6436140078125 0.135612175 0.6556920046875 0.14179696718749998 0.672792434375 0.141818259375 0.6852282140625 0.1358451390625
1 0.6623549843750001 0.2296203640625 0.66280763125 0.2228970671875 0.649651359375 0.220248684375 0.6330984390625 0.21893871250000002 0.6229363921875 0.224552365625 0.613980303125 0.26659996874999997 0.6135443984375 0.27428231406250003 0.6221643625 0.278289003125 0.6347284859375 0.27966859843749997 0.64606925 0.2762728375 0.6533765765624999 0.270389234375 0.6623549843750001 0.2296203640625
1 0.149998953125 0.0706786921875 0.1670156796875 0.0659047328125 0.1771888875 0.060930446875 0.1689211265625 0.044446165625 0.1525753296875 0.022346832812500002 0.1444359109375 0.0132152640625 0.1318941078125 0.0131144015625 0.11718459375000001 0.019446990625 0.1121621625 0.025610490625 0.1197931328125 0.038268521875 0.1362003125 0.063884371875 0.1408705390625 0.0701984671875 0.149998953125 0.0706786921875
1 0.209213071875 0.901166109375 0.1991439875 0.8947697609375 0.18154299062499998 0.8931053546875001 0.17164019531250002 0.89623565625 0.1483492796875 0.9377178609374999 0.1466958328125 0.94366161875 0.15380848125 0.9484665453125001 0.1667250546875 0.9502127171874999 0.1807668578125 0.9493104062500001 0.2093105515625 0.9067506984374999 0.209213071875 0.901166109375