0 0 0.31395594375 0.1497230328125 0.34240989375 0.16734822656249998 0.323099415625 0.1709085453125 0.314143746875 0.1650133265625 0.3073808640625 0 0.2719132765625 0 0.31395594375
1 0 0.40049547499999993 0.054371275 0.4068105109375 0.0701501109375 0.40032610625 0.0691152203125 0.3805791953125 0.0671946109375 0.3823770921875 0 0.37495619062499996 0 0.40049547499999993
1 0.48125 0.22265625 0.078125 0.06875
1 0.54296875 0.1078125 0.071875 0.05625
1 0.6046875 0.1125 0.0625 0.05625
1 0.7440502984374999 0 0.7377918218749999 0.0106130640625 0.7584319875000001 0.0199976796875 0.7761317671875 0.021333060937500002 0.7891737546875001 0 0.7440502984374999 0
1 0.7292838015625 0.0693309 0.74364435625 0.064618065625 0.7718621375 0.026365673437499997 0.758904746875 0.019407156249999998 0.743672259375 0.0170938484375 0.7339361515625 0.023544440625 0.7143315453125 0.0531421015625 0.710845146875 0.0635082625 0.7292838015625 0.0693309
1 0.68649881875 0.11796442656249999 0.6989390953125 0.12466717187500001 0.7114086093750001 0.12231643125 0.7219276125 0.11158170625 0.7480917265625 0.072588321875 0.7211134828125 0.06721322656249999 0.7086439703125 0.06956396718749999 0.6821105828125 0.111122565625 0.68649881875 0.11796442656249999
1 0.649727328125 0.1756176265625 0.6651815796875 0.182162415625 0.6777102296875 0.18094007031249998 0.68435844375 0.173236940625 0.7019386171875001 0.1338448015625 0.6885971703125 0.1291693984375 0.6744284765625 0.127931834375 0.6616192609375 0.1334119859375 0.644482278125 0.17164940625 0.649727328125 0.1756176265625
1 0.62099343125 0.2424672953125 0.6396683000000001 0.24318582812499998 0.6524627328125 0.23742357812499998 0.6587413421874999 0.22266797968750002 0.67178610625 0.19284835625000002 0.6599368609375 0.1878118765625 0.6483241640624999 0.1872889796875 0.6377752609375 0.187841825 0.6129706234375 0.233552925 0.62099343125 0.2424672953125
1 0.8575846078125 0.06656716875 0.872772409375 0.0584164984375 0.8947260343749999 0.025584120312500003 0.8873681796874999 0.0197465109375 0.8721061234375 0.01686900625 0.8557070187500001 0.0307406296875 0.8354818109375 0.0581078265625 0.84904501875 0.06701470937500001 0.8575846078125 0.06656716875
0 0.7779952359375 0.07611286874999999 0.7939961703125 0.08347762812500001 0.8011766124999999 0.085930053125 0.8181963218750001 0.0742888921875 0.8258639765625 0.06681520937499999 0.853594546875 0.038488925 0.830383603125 0.028107543750000002 0.8086803109374999 0.03688255 0.777758690625 0.0715992890625 0.7779952359375 0.07611286874999999
1 0.7557324765625 0.1414919046875 0.7711863953125 0.1384190125 0.78174975 0.12853058281250002 0.7980151328125 0.0928847046875 0.7730166359374999 0.0868401078125 0.7662205796875 0.09172225 0.7492159890625001 0.11326319062500001 0.73968719375 0.13328085 0.7557324765625 0.1414919046875
1 0.8426800359375 0.1474014984375 0.8587394375 0.1366592859375 0.8737784 0.0968345796875 0.8518530125 0.09176042031250001 0.8399153968749999 0.0946490328125 0.8242998515625001 0.123471890625 0.822232065625 0.141684165625 0.8426800359375 0.1474014984375
3 0.8244036734375 0.135064265625 0.8354391234375 0.10534994687499999 0.8129670546875 0.09945581875000001 0.8005271078125 0.10237075625 0.7813216749999999 0.139585084375 0.79577126875 0.146182525 0.8103388015625 0.1454190734375 0.8244036734375 0.135064265625
2 0.7926252375 0.17265464218749998 0.803986603125 0.1683818625 0.815140659375 0.1505420171875 0.8012821000000001 0.1456108421875 0.7927720796875 0.1466225796875 0.7747184796875 0.1673698765625 0.7753394140625 0.179218025 0.7843813328125 0.1787441578125 0.7926252375 0.17265464218749998
2 0.7369255515625001 0.1670875328125 0.7372951546875 0.1741400015625 0.742082228125 0.1789808453125 0.7485533656250001 0.17751021250000001 0.7547879546875 0.1715260015625 0.7666368671875 0.166944796875 0.7730629859375 0.14539250312500002 0.7608296859375 0.1426391390625 0.7408548109375 0.1459489671875 0.7369255515625001 0.1670875328125
2 0.779433296875 0.21888864218749998 0.793616109375 0.20117294062500002 0.7726805953125 0.19576403281250002 0.7543309781249999 0.201251671875 0.748569815625 0.225880728125 0.7547899546875 0.2292321 0.7661365359375 0.224677221875 0.779433296875 0.21888864218749998
2 0.8021409140625 0.2004433015625 0.7821075671875 0.2218601 0.7826841484375 0.23286194999999998 0.7946809015625 0.23110173281250002 0.8108290109375 0.22205211406249997 0.819515775 0.20519019374999997 0.8021409140625 0.2004433015625
2 0.7615429890625001 0.2619743921875 0.7715445453124999 0.24136621093750002 0.7512148484375001 0.23790566875 0.7312843265625 0.24206179218749999 0.7314180484375 0.263836046875 0.7368996453125 0.2723178484375 0.747212003125 0.267251425 0.7615429890625001 0.2619743921875
2 0.7437118171875 0.3061885359375 0.758426859375 0.2986283890625 0.76361210625 0.28223285 0.7478329375 0.279099571875 0.7287740125 0.2806641546875 0.7230572015625001 0.3061395046875 0.73128665625 0.3093855734375 0.7437118171875 0.3061885359375
2 0.711992184375 0.33528962500000004 0.7148438640625 0.3416462671875 0.7198967203125 0.3419472046875 0.724358540625 0.34058187812499996 0.7282441140625 0.33783238125000004 0.7430478625 0.33196482656250004 0.7530937703125 0.312202940625 0.730208078125 0.30802773125 0.7098195781250001 0.313056478125 0.711992184375 0.33528962500000004
3 0.7278721781249999 0.26345613125 0.7008643671875 0.2575168375 0.684169578125 0.2657464875 0.6729127 0.30084700781249996 0.7019002578125 0.30611679999999997 0.7173538421875 0.293426221875 0.7278721781249999 0.26345613125
1 0.74629371875 0.2016728875 0.720423621875 0.19821983125 0.692590228125 0.24380679062500002 0.6989729921875 0.25026124843750003 0.7246804640625 0.25061121875 0.743856328125 0.21283269374999997 0.74629371875 0.2016728875
1 0.659145178125 0.3649322078125 0.675722025 0.3640634515625 0.7110755656250001 0.3177995046875 0.687022590625 0.3105738609375 0.6772125625000001 0.315613959375 0.6567212390625 0.33790338124999997 0.6446955828125 0.358334765625 0.659145178125 0.3649322078125
2 0.07654865937500001 0.4359157140625 0.0229765625 0.43250009062499994 0.00069701875 0.4398909296875 0.0122656984375 0.449185215625 0.06557201406249999 0.45714074374999997 0.0730625921875 0.45589955781249997 0.07654865937500001 0.4359157140625
3 0.2214273140625 0.461136275 0.1383948984375 0.45304138437499997 0.12421175312499999 0.46113940312499996 0.1260295390625 0.4766021828125 0.21361248281249998 0.48502433749999996 0.219847071875 0.47904012656250006 0.2214273140625 0.461136275
1 0.0037598015625000003 0.58483425625 0.00681770625 0.643182534375 0.0155080921875 0.6456124015625 0.0466373578125 0.6340804125 0.00426266875 0.584818190625 0.0037598015625000003 0.58483425625
2 0.13570238125 0.7765069546875 0.179996015625 0.7758828656250001 0.175341 0.744727859375 0.16591469375 0.737867159375 0.14868800937499999 0.7455589375 0.13570238125 0.7765069546875
2 0.202258775 0.710503828125 0.1910593671875 0.698644328125 0.172694965625 0.70384986875 0.1564588203125 0.7304422609375 0.165249740625 0.7347904 0.1919914359375 0.7356519140625 0.202258775 0.710503828125
2 0.211790234375 0.7674276359375 0.2075794109375 0.7639709578125 0.1977693828125 0.7690110578125 0.14792122968750002 0.7885959 0.16724660156249999 0.801726778125 0.179272921875 0.8005307578125 0.21447962187499997 0.7802988734375 0.211790234375 0.7674276359375
1 0.24845756875 0.6885643765625 0.216692584375 0.687966121875 0.21491981718750003 0.6925850046875001 0.19169608437500002 0.7396276234375 0.186717815625 0.7599725453125 0.2336709359375 0.7620378125 0.2574111140625 0.6960156015625001 0.24845756875 0.6885643765625
1 0.28684153125 0.6905129890625 0.26392826875000003 0.74347968125 0.28232257031249997 0.7484560203124999 0.3094187546875 0.7464702234375 0.324117346875 0.6905395609375 0.3047627390625 0.68646216875 0.28684153125 0.6905129890625
1 0.345466484375 0.69422955 0.3265570671875 0.7467035359375 0.33590945156249996 0.7521537421875 0.3635966703125 0.7518342109375 0.37662665 0.721732490625 0.379226 0.6944404046875 0.345466484375 0.69422955
0 0.49208167812500003 0.5219133703125001 0.50593990625 0.5172268625 0.5082734734375001 0.4944746828125 0.31579219531249997 0.48362955625000004 0.28874036406250003 0.48646165 0.2832446484375 0.496933115625 0.2851363578125 0.5138063890625 0.49208167812500003 0.5219133703125001
0 0.861688146875 0.3851505953125 0.8604623921875 0.4002071328125 0.8611421328125 0.4035659921875 0.981199365625 0.416509459375 0.9961509546875 0.41346289062499997 0.9947655 0.3870268375 0.8773043578124999 0.37556310625 0.8476669609374999 0.3771163359375 0.8458498406249999 0.380888921875 0.861688146875 0.3851505953125
0 0.7098807125000001 0.3718909703125 0.6844097875 0.37605458125 0.6765650546875001 0.3897607625 0.6782645703125 0.40296675000000004 0.8410345296875 0.4139546140625 0.8523811140625 0.409399734375 0.8616736968750001 0.3944861796875 0.859560559375 0.3829991109375 0.7098807125000001 0.3718909703125
2 0.8034236734375 0.5517050171875 0.812140671875 0.554642659375 0.812362434375 0.558874140625 0.8573062390624999 0.5610447125 0.86159031875 0.5466765171875 0.8247133421875 0.5446489265625 0.81177106875 0.5475901921874999 0.8022268218749999 0.548090384375 0.8034236734375 0.5517050171875
2 0.6641143234375 0.5078057984375 0.675313396875 0.5100476140625 0.681075559375 0.5142716109375 0.7155591640625001 0.51868761875 0.721793421875 0.5030857234375 0.6868666250000001 0.4998244359375 0.6764655625 0.5031982671875 0.663375446875 0.5033185437500001 0.6641143234375 0.5078057984375
2 0.6411997281249999 0.5223017578125 0.6490155578125 0.5272667453125 0.6522069390625 0.530493975 0.6892613265625 0.5359067484375 0.699721525 0.5336613109375 0.7022180515625001 0.5236299 0.6985539078125 0.5209931953125 0.6691822953125001 0.5180065171875 0.6546443296875 0.5193341671875 0.6411997281249999 0.5223017578125
1 0.679921728125 0.47303254062500005 0.7015658828125 0.463129140625 0.7036340015625 0.45453454843749996 0.648568703125 0.422626953125 0.6350353953125001 0.42390195 0.6179269828125 0.4338505171875 0.6183557234375 0.4420313796875 0.679921728125 0.47303254062500005
3 0.4937644109375 0.4771311625 0.5130007453125 0.478951765625 0.6312401921874999 0.476432453125 0.6299096171875 0.45104356718750005 0.6252556015625 0.4487416125 0.5411301546875 0.4486244640625 0.49194629218749997 0.45205070156250005 0.489804584375 0.46885248125 0.4937644109375 0.4771311625
2 0.48037927812500003 0.4908448296875 0.510341925 0.4954977734375 0.5446481203125 0.496528596875 0.5449431390624999 0.48293520624999997 0.4986106203125 0.4831004015625 0.48037927812500003 0.4908448296875
1 0.753848296875 0.7687212984375 0.7356754234375 0.75835875625 0.6678032390624999 0.79925509375 0.692757715625 0.814071078125 0.7177555453125 0.8008803078125 0.74835258125 0.7791927640625 0.753848296875 0.7687212984375
1 0.7464339703125 0.8386967578125001 0.7468916125 0.8282064531250001 0.7180663468749999 0.8164220640625001 0.6583349109375 0.8588718796875 0.6638608609375 0.8681999765624999 0.6884605171875 0.8762455906250001 0.710858 0.8614938578125001 0.7464339703125 0.8386967578125001
1 0.24132647187499998 0.8312234953125 0.26044453125 0.8307873078125001 0.270919515625 0.8288239687500001 0.29278376875 0.7750636328125 0.29002079375 0.770399584375 0.279708103125 0.765848325 0.2531142484375 0.767807796875 0.23057059062500002 0.8278269578125 0.24132647187499998 0.8312234953125
1 0.1850091796875 0.90998506875 0.1663343109375 0.9092665359375 0.1524169484375 0.9128246499999999 0.145089328125 0.9267866046875 0.12232357499999999 0.9729566015625 0.13677316718750002 0.9795540421875 0.14495826875 0.9819538140624999 0.1600281328125 0.9811640359375 0.1660265078125 0.9802839265625 0.19029924843749998 0.9340349531250001 0.194760403125 0.9134342578125001 0.1850091796875 0.90998506875
2 0.23051578281250001 0.9517284421875001 0.22342404375 0.9509686109375 0.2092704671875 0.9596308265625 0.1799294203125 0.986061396875 0.21472349375 0.99640148125 0.23561365625000003 0.9721110421875 0.23051578281250001 0.9517284421875001
2 0.097527728125 0.8458315078125 0.0837000671875 0.8799352624999999 0.1169720375 0.880454540625 0.1237533109375 0.8752902984375 0.1283028390625 0.8467645125000001 0.1141781640625 0.8367555624999999 0.097527728125 0.8458315078125
3 0.13899925156249998 0.8394149734375 0.160821815625 0.8617498046875 0.1928539125 0.8962788875 0.239156196875 0.876314128125 0.20289849062499998 0.8380462703125 0.170083496875 0.8078013203125 0.1707041 0.810031784375 0.1483802046875 0.8165763281249999 0.12830217187499998 0.827529146875 0.13899925156249998 0.8394149734375