0 0.3002659640625 0.8413292328124999 0.30338676875 0.8385551843749999 0.339498934375 0.6610160890625 0.3399447625 0.6546754078125 0.337492703125 0.6479384328125 0.3303594359375 0.643182921875 0.3221115953125 0.639219996875 0.3147554140625 0.6380311187500001 0.310965865625 0.639219996875 0.3071763171875 0.6447680921875001 0.3042784265625 0.6602235046875 0.2717328953125 0.810022115625 0.272178725 0.8163627968749999 0.27819741875 0.831818209375 0.3002659640625 0.8413292328124999
0 0.312921475 0.8624855874999999 0.31107750625 0.8559292562499999 0.303148440625 0.84707820625 0.29632575625 0.8428165890624999 0.2909782484375 0.8418331390624999 0.2836023734375 0.8418331390624999 0.2778860703125 0.8483894718749999 0.2738293390625 0.8651081218750001 0.23584358593750002 0.9991851281249999 0.2777016734375 0.9998407625000001 0.31107750625 0.8703531874999999 0.312921475 0.8624855874999999
0 0.4266299734375 0.252319353125 0.4255786421875 0.262038321875 0.427260771875 0.29306425625 0.4318866265625 0.29941896562500003 0.5220907953125 0.3427805140625 0.5252447874999999 0.3326877390625 0.5281885125 0.3166140625 0.529450109375 0.30315703125 0.525455053125 0.285214321875 0.5229318593750001 0.276616771875 0.4386151421875 0.2354980625 0.4320968921875 0.23288141874999999 0.4293634328125 0.24035754687500002 0.4266299734375 0.252319353125
0 0.559977790625 0.1599175953125 0.56912561875 0.1641769015625 0.5784912531249999 0.1641769015625 0.6041922953125 0.013552339062499998 0.6033210734375001 0.00038720937500000003 0.5778378359375 0 0.55714631875 0.1072570796875 0.554968265625 0.125068725 0.5525724046875 0.1552710796875 0.559977790625 0.1599175953125
3 0.165625 0.1875 0.05234375 0.0609375
3 0.109375 0.38515625 0.046875 0.05703125
2 0.0328125 0.359375 0.0328125 0.046875
2 0.1265625 0.3171875 0.02890625 0.0453125
2 0.15859375 0.4359375 0.03125 0.04453125
2 0.2015625 0.4390625 0.03046875 0.0421875
2 0.22109375 0.484375 0.03203125 0.0453125
2 0.18046875 0.6859375 0.03203125 0.05625
2 0.3171875 0.56015625 0.03046875 0.040625
2 0.3765625 0.565625 0.03125 0.040625
2 0.4390625 0.60234375 0.03125 0.04453125
2 0.54296875 0.1234375 0.0171875 0.05078125
2 0.8015625 0.79921875 0.03984375 0.04921875
2 0.62421875 0.7328125 0.03203125 0.04609375
1 0.65390625 0.70390625 0.06015625 0.0578125
1 0.69296875 0.66484375 0.06015625 0.0578125
1 0.70234375 0.621875 0.059375 0.05703125
1 0.8390625 0.703125 0.0640625 0.06953125
1 0.8203125 0.75234375 0.059375 0.07265625
1 0.94140625 0.64765625 0.06015625 0.0703125
1 0.82890625 0.51171875 0.05703125 0.07109375
1 0.73203125 0.5171875 0.05859375 0.06640625
1 0.6328125 0.590625 0.059375 0.05859375
1 0.58046875 0.62265625 0.05390625 0.05859375
1 0.59609375 0.43125 0.05234375 0.05859375
1 0.69296875 0.434375 0.0484375 0.05625
1 0.49140625 0.37890625 0.05234375 0.06953125
1 0.38359375 0.3609375 0.053125 0.0578125
1 0.415625 0.47734375 0.05234375 0.05234375
1 0.4375 0.53828125 0.04765625 0.05390625
1 0.28125 0.50078125 0.05546875 0.06484375
1 0.2625 0.4390625 0.05390625 0.05625
1 0.184375 0.3484375 0.0515625 0.059375
1 0.1734375 0.39140625 0.0484375 0.05390625
1 0.23359375 0.20703125 0.05 0.0546875
1 0.325 0.23125 0.05 0.0546875
1 0.08125 0.1296875 0.04765625 0.0625
1 0.13203125 0.11640625 0.04609375 0.05546875
1 0.0515625 0.18203125 0.04609375 0.06171875
1 0.07578125 0.2796875 0.05 0.05625
1 0.04296875 0.3328125 0.04765625 0.05859375
1 0.09453125 0.3328125 0.04765625 0.0546875
1 0.028125 0.028125 0.04296875 0.05625
1 0.28671875 0.3234375 0.04921875 0.05390625