2 0.24921875 0.7671875 0.040625 0.04375
1 0.10859375 0.81328125 0.05 0.0984375
1 0.1359375 0.89296875 0.05 0.09609375
2 0.10546875 0.58125 0.0421875 0.04609375
2 0.17578125 0.31328125 0.03671875 0.03828125
2 0.20703125 0.30078125 0.0359375 0.0375
2 0.2140625 0.27109375 0.03515625 0.0328125
2 0.2984375 0.321875 0.03359375 0.0328125
1 0.13046875 0.19609375 0.05625 0.06015625
1 0.25390625 0.3078125 0.0546875 0.05078125
1 0.16015625 0.36171875 0.0578125 0.05078125
1 0.05703125 0.39765625 0.06328125 0.05
1 0.11953125 0.40546875 0.05703125 0.0484375
1 0.29140625 0.471875 0.05078125 0.04765625
3 0.21015625 0.4296875 0.1 0.0671875
0 0.25078125 0.3671875 0.12265625 0.06484375
0 0.07578125 0.33984375 0.10703125 0.06640625
1 0.49375 0.6484375 0.05625 0.0484375
1 0.48828125 0.1890625 0.03125 0.0859375
2 0.5296875 0.959375 0.01875 0.0640625
2 0.64453125 0.62578125 0.03515625 0.04921875
2 0.809375 0.71640625 0.0390625 0.03671875
3 0.8 0.6125 0.05546875 0.04609375
1 0.97265625 0.78203125 0.0546875 0.09375
1 0.93828125 0.67734375 0.06171875 0.04921875
1 0.978125 0.634375 0.04296875 0.03828125
1 0.9484375 0.5703125 0.06640625 0.0453125
1 0.8921875 0.59921875 0.0703125 0.04765625
1 0.80078125 0.66640625 0.0609375 0.04765625
1 0.71953125 0.621875 0.06640625 0.071875
1 0.6890625 0.534375 0.05625 0.06015625
1 0.60234375 0.4625 0.05234375 0.07734375
1 0.525 0.3265625 0.04296875 0.0875
1 0.54453125 0.07265625 0.0265625 0.08984375
1 0.56484375 0.03359375 0.021875 0.0671875
1 0.59609375 0.075 0.02734375 0.09140625
1 0.6171875 0.0359375 0.025 0.071875
3 0.5765625 0.11328125 0.02734375 0.08203125
1 0.90234375 0.0390625 0.0515625 0.0484375
1 0.94140625 0.17734375 0.05703125 0.07421875