0 0.33264516718750003 0.3020034875 0.33515504687500003 0.308428525 0.338671640625 0.310493021875 0.346305490625 0.3110028078125 0.3554720078125 0.30894364687500003 0.3637065203125 0.30583423125000003 0.3677154421875 0.29966155156249996 0.3687337328125 0.293215971875 0.3736068859375 0.10728225312499999 0.371125396875 0.1037865640625 0.3468510609375 0.108203396875 0.337260575 0.12227339374999999 0.3353502515625 0.12851303125 0.333315296875 0.285874065625 0.33264516718750003 0.3020034875
0 0.3465292828125 0 0.3501690515625 0.07389449375 0.35036652031250004 0.0915551890625 0.35457113281249997 0.09943378281250001 0.361950125 0.1011373578125 0.3675270109375 0.10138870156249999 0.3753367484375 0.09870159687499999 0.3853132140625 0.0916792015625 0.3886720703125 0.08554676875 0.388644253125 0.0772508859375 0.3866817921875 0 0.3465292828125 0
0 0.46798142499999995 0.7120814375 0.47612182968749994 0.6950559968750001 0.47796744375 0.6813034890624999 0.478734503125 0.6645450281249999 0.477909984375 0.653720721875 0.37765384062499996 0.6762613703125 0.371558484375 0.6815495968749999 0.362710565625 0.7121964453125 0.3615178578125 0.7221611875 0.36149003281250003 0.7347579640624999 0.3624981234375 0.7428677 0.3696234125 0.741755753125 0.463471659375 0.7200988265625 0.46798142499999995 0.7120814375
0 0.484131325 1 0.4930878640625 0.8454051828125 0.48371826875 0.843242040625 0.47358293749999997 0.8453898078125001 0.4651013625 0.84832734375 0.460523353125 0.8790922390624999 0.4585889359375 0.8974123515624999 0.454863709375 1 0.484131325 1
3 0.08515625 0.7265625 0.065625 0.0734375
3 0.075 0.515625 0.059375 0.06875
2 0.00625 0.525 0.0125 0.053125
2 0.0765625 0.58828125 0.0390625 0.053125
2 0.1359375 0.4765625 0.040625 0.053125
2 0.1796875 0.48359375 0.040625 0.05
2 0.209375 0.4421875 0.0421875 0.053125
2 0.215625 0.23125 0.0453125 0.0640625
2 0.32265625 0.38828125 0.040625 0.0484375
2 0.384375 0.396875 0.040625 0.0484375
2 0.45546875 0.375 0.040625 0.053125
2 0.44765625 0.878125 0.0296875 0.05625
2 0.86171875 0.26171875 0.0515625 0.0578125
2 0.6703125 0.28671875 0.0421875 0.053125
1 0.69296875 0.3234375 0.075 0.071875
1 0.7234375 0.3703125 0.075 0.071875
1 0.7234375 0.415625 0.0734375 0.071875
1 0.87890625 0.36640625 0.0796875 0.084375
1 0.87109375 0.31328125 0.0765625 0.0875
1 0.96484375 0.4453125 0.0703125 0.084375
1 0.82421875 0.55546875 0.0734375 0.0828125
1 0.728125 0.528125 0.0734375 0.0796875
1 0.64609375 0.43203125 0.0734375 0.071875
1 0.60078125 0.38671875 0.0671875 0.0703125
1 0.57265625 0.5828125 0.065625 0.0703125
1 0.66953125 0.6015625 0.0625 0.0671875
1 0.45546875 0.6109375 0.0671875 0.08125
1 0.34296875 0.60390625 0.0671875 0.0703125
1 0.40234375 0.49453125 0.0640625 0.0640625
1 0.4390625 0.43828125 0.059375 0.0640625
1 0.27421875 0.440625 0.0703125 0.078125
1 0.23984375 0.496875 0.0671875 0.06875
1 0.140625 0.5703125 0.065625 0.071875
1 0.13984375 0.52421875 0.0609375 0.065625
1 0.1578125 0.7234375 0.0609375 0.065625
1 0.25546875 0.7203125 0.0609375 0.065625
1 0.009375 0.76484375 0.01875 0.0734375
1 0.03515625 0.790625 0.0578125 0.065625
1 0.0234375 0.61328125 0.046875 0.0671875
1 0.01328125 0.553125 0.0265625 0.06875
1 0.04765625 0.56484375 0.0609375 0.065625
1 0.2375 0.61875 0.0609375 0.065625