0 0.692923634375 0.1433340609375 0.6844380859375 0.130571040625 0.6732147640624999 0.12480024999999999 0.6644144171875 0.12120078281249999 0.656303834375 0.125485328125 0.6355448781249999 0.319554975 0.6403269875 0.32827260625 0.6529834015625 0.3351096734375 0.66360575 0.336563646875 0.6720414031249999 0.33344231406249997 0.6780768359375 0.28246760625 0.6935789078125 0.150823871875 0.692923634375 0.1433340609375
0 0.6627550078125 0 0.6463543140625 0.0930433578125 0.6459334171875 0.10202213281250001 0.64639924375 0.1073465484375 0.6568469765625 0.11644747343749999 0.6622836046875 0.11883325468749999 0.6715737093749999 0.12159725625 0.6771920437500001 0.12146339375 0.6823181203125 0.1202995640625 0.6895090390624999 0.0806835375 0.70478944375 0 0.6627550078125 0
0 0.45720872031250004 1 0.4657053203125 0.911140540625 0.4661798140625 0.8813417734375 0.46603804843749996 0.857078521875 0.45892650156250003 0.8537852750000001 0.449562575 0.8499059984375 0.4386746421875 0.8512501109375 0.43676221875000004 0.8545497687499999 0.4251503484375 1 0.45720872031250004 1
3 0.38828125 0.584375 0.0625 0.0734375
3 0.97265625 0.7734375 0.0546875 0.0671875
2 0.165625 0.2 0.0421875 0.05
2 0.5046875 0.35546875 0.0375 0.0484375
2 0.58515625 0.0359375 0.034375 0.0703125
2 0.86953125 0.55 0.0390625 0.05
2 0.8609375 0.921875 0.034375 0.04375
2 0.7890625 0.934375 0.034375 0.04375
1 0.7015625 0.96171875 0.05 0.05
1 0.7484375 0.4875 0.0390625 0.0515625
2 0.91640625 0.54296875 0.0375 0.0484375
1 0.94296875 0.59296875 0.0625 0.0703125
2 0.47734375 0.8890625 0.021875 0.0546875
1 0.94375 0.63671875 0.0578125 0.065625
1 0.80703125 0.60546875 0.0578125 0.0609375
1 0.79296875 0.55234375 0.053125 0.0609375
1 0.7265625 0.6515625 0.0578125 0.05625
1 0.8 0.68984375 0.0578125 0.0609375
1 0.878125 0.64453125 0.0546875 0.059375
1 0.715625 0.55546875 0.059375 0.0625
1 0.66796875 0.49140625 0.0578125 0.059375
1 0.6125 0.52109375 0.0609375 0.0609375
1 0.53203125 0.45 0.0625 0.0671875
1 0.49609375 0.4890625 0.0625 0.0671875
1 0.03515625 0.3875 0.0671875 0.0796875
1 0.18203125 0.35390625 0.071875 0.0734375
1 0.31796875 0.41328125 0.06875 0.0734375
1 0.378125 0.33203125 0.06875 0.075
1 0.259375 0.33359375 0.0609375 0.0671875
1 0.2875 0.58046875 0.0625 0.0609375
1 0.6 0.72578125 0.0546875 0.0640625
1 0.596875 0.6765625 0.0609375 0.0703125
1 0.52265625 0.684375 0.0578125 0.0640625
1 0.5125 0.63359375 0.0609375 0.0640625
1 0.43515625 0.6484375 0.0578125 0.0625
1 0.48046875 0.58046875 0.059375 0.065625
1 0.4109375 0.4015625 0.0609375 0.0671875
1 0.23515625 0.4765625 0.0578125 0.0625
1 0.35625 0.95703125 0.0375 0.0828125
1 0.521875 0.8890625 0.034375 0.0828125
1 0.64453125 0.4296875 0.0609375 0.0640625
1 0.77890625 0.465625 0.040625 0.05