0 0.6645055546874999 0.74054075 0.6508746828125 0.7344913109375 0.6252972265625 0.7328370265624999 0.6055776093749999 0.736510984375 0.5977413015625 0.8540996125 0.6193571515625 0.8674717421875 0.634330428125 0.8691979421875 0.6510712812499999 0.869133809375 0.660006296875 0.8689744171875 0.6685653453125 0.865343215625 0.66848589375 0.845567890625 0.6745028609375 0.7520486656250001 0.6645055546874999 0.74054075
3 0.58984375 0.9890625 0.0890625 0.021875
2 0.25859375 0.1 0.0359375 0.0421875
2 0.175 0.4859375 0.0671875 0.0234375
2 0.3125 0.54609375 0.0671875 0.025
2 0.3171875 0.50703125 0.0703125 0.025
2 0.578125 0.5875 0.0609375 0.025
2 0.5453125 0.75625 0.0375 0.0390625
2 0.690625 0.7484375 0.034375 0.0359375
2 0.953125 0.5703125 0.0640625 0.0234375
1 0.1296875 0.403125 0.11875 0.0359375
1 0.19140625 0.4375 0.1109375 0.03125
1 0.15546875 0.51640625 0.1140625 0.0375
1 0.465625 0.51796875 0.1046875 0.0328125
1 0.6640625 0.55 0.1 0.0296875
1 0.84140625 0.578125 0.096875 0.034375
1 0.84921875 0.54609375 0.096875 0.0359375
1 0.9625 0.59765625 0.0671875 0.028125
3 1 0.4525923953125 0.9622375406250001 0.44604065000000004 0.953301953125 0.446200053125 0.93728048125 0.443163465625 0.9122742140625 0.44122524687500003 0.90458141875 0.4496098296875 0.9101771843750001 0.4599462296875 0.9770123796875 0.47286435625 0.99977655 0.47499892031249996 1 0.4737616125 1 0.4525923953125
1 0.2890625 0.0265625 0.05 0.053125
1 0.3453125 0.02578125 0.05625 0.0515625
1 0.3578125 0.0953125 0.05 0.06875
1 0.4609375 0.03359375 0.05 0.0671875
1 0.37890625 0.37578125 0.1109375 0.053125
1 0.54140625 0.296875 0.0921875 0.0609375
1 0.1734375 0.94296875 0.1109375 0.0421875
1 0.05546875 0.890625 0.1109375 0.05
1 0.909375 0.0484375 0.06875 0.0578125
1 0.9640625 0.10625 0.071875 0.059375
1 0.971875 0.4375 0.05625 0.03125