0 0.3056625515625 0.8465272984375 0.3096745296875 0.8429610953125 0.3445285859375 0.6664340765625 0.3445285859375 0.6575185703125 0.3430240953125 0.6499403890625 0.32522094375 0.6423622109375 0.31845073125 0.641470659375 0.3129342625 0.6432537609375 0.30039683125 0.7020961 0.27632496562500003 0.8193350046875001 0.2843489203125 0.8367202421875 0.296384853125 0.8420695453124999 0.3056625515625 0.8465272984375
0 0.319453725 0.8688160625 0.318952228125 0.8603463328125001 0.311179021875 0.8509850515625 0.2951311109375 0.844744196875 0.2893638921875 0.8469730734375001 0.2838474234375 0.8505392765625001 0.278581703125 0.8701533890625001 0.24372764687499998 0.9994282265625 0.2851011671875 1 0.317949234375 0.8759484671875001 0.319453725 0.8688160625
0 0.5516752484375 0.3416713125 0.5501815437500001 0.30847785625 0.4580697015625 0.2686457078125 0.45582914218750004 0.26908828749999997 0.4508501234375 0.30095400625 0.4498543203125 0.327508771875 0.542961965625 0.3695538171875 0.54694518125 0.36689833906249997 0.5516752484375 0.3416713125
0 0.5753719796875 0 0.5566328 0.1027575640625 0.5518820234375 0.1454559125 0.5524098875 0.153901740625 0.5682458125000001 0.1623475671875 0.5795948937500001 0.1623475671875 0.603876646875 0.0182992921875 0.6033487828124999 0 0.5753719796875 0
3 0.465625 0.35703125 0.040625 0.0609375
3 0.62265625 0.665625 0.06015625 0.059375
3 0.55078125 0.065625 0.02421875 0.0640625
0 0.93203125 0.85078125 0.1359375 0.1203125
1 0.89453125 0.6125 0.059375 0.071875
1 0.89765625 0.55546875 0.05859375 0.071875
2 0.6921875 0.75234375 0.03515625 0.046875
2 0.46953125 0.6390625 0.0328125 0.046875
2 0.3359375 0.5484375 0.0328125 0.046875
2 0.14609375 0.45 0.03125 0.0453125
2 0.15625 0.40390625 0.0328125 0.0484375
2 0.32109375 0.0328125 0.02890625 0.0421875
2 0.54375 0.121875 0.0171875 0.053125
1 0.046875 0.30625 0.04453125 0.05390625
1 0.090625 0.2921875 0.04921875 0.06015625
1 0.1171875 0.3546875 0.04921875 0.05859375
1 0.18828125 0.36953125 0.0515625 0.06796875
1 0.275 0.409375 0.0546875 0.059375
1 0.37890625 0.46484375 0.05703125 0.059375
1 0.4140625 0.3765625 0.05078125 0.05546875
1 0.4953125 0.5015625 0.05703125 0.0609375
1 0.53671875 0.43203125 0.05234375 0.059375
1 0.6375 0.62734375 0.05546875 0.06015625
1 0.77421875 0.1953125 0.04921875 0.0390625
1 0.5015625 0.11796875 0.028125 0.078125
3 0.225 0.290625 0.04609375 0.05703125
1 0.10703125 0.4 0.05234375 0.06015625
1 0.225 0.46015625 0.05703125 0.0703125
1 0.45390625 0.52421875 0.05234375 0.05859375
2 0.5375 0.965625 0.03515625 0.05234375
2 0.3328125 0.85 0.02265625 0.06640625
2 0.02265625 0.2421875 0.04453125 0.06015625