0 0.28504609687500004 0.34358301562500004 0.296856471875 0.3458460859375 0.3228715328125 0.3403164140625 0.33978611875000003 0.3319476640625 0.31043696718749997 0.22585099375 0.2910468640625 0.21724330468750003 0.27519999687499996 0.2199752015625 0.25607700625 0.22594929531250002 0.24846504375 0.23011310312500002 0.25064121250000004 0.24301618593750002 0.2713993859375 0.3353456796875 0.28504609687500004 0.34358301562500004
0 0.22481930625 0.1641739734375 0.2475177640625 0.1590310390625 0.2651684859375 0.151460509375 0.24406248437500003 0.0601596359375 0.22365313593749997 0.052086825 0.2078709875 0.05512319375 0.1914579015625 0.06052128125 0.1838459390625 0.064685090625 0.188513615625 0.0786497328125 0.2050651328125 0.1511884578125 0.22481930625 0.1641739734375
3 0.3905698578125 0.267054225 0.37041863125 0.1962353296875 0.3626205109375 0.19152828125000002 0.3591339953125 0.188450609375 0.359141990625 0.1804931703125 0.3475500078125 0.1765925328125 0.33201048593750004 0.1754403453125 0.3201758734375 0.1757282640625 0.31126155624999996 0.18176004375000002 0.309522421875 0.186903153125 0.3026223546875 0.19441616718750002 0.3100484109375 0.2027028265625 0.312200340625 0.218156896875 0.320742840625 0.2370260515625 0.32803146562499996 0.2526612015625 0.32191600781249996 0.2558704609375 0.326624165625 0.27269056406250003 0.335935034375 0.2818495109375 0.3439757859375 0.282368003125 0.3745450796875 0.274279153125 0.3905698578125 0.267054225
3 0.10047488593750001 0.6842543562500001 0.119911934375 0.6824079734375 0.1383397078125 0.67820539375 0.142042621875 0.6717055921874999 0.14228215625 0.6656563203125 0.13802728125 0.65999109375 0.074560990625 0.6651978234375 0.0526698390625 0.66985093125 0.053875359375 0.6898748515625 0.0903751921875 0.686972384375 0.10047488593750001 0.6842543562500001
3 0.6546875 0.74375 0.0484375 0.0609375
2 0.75546875 0.6578125 0.0390625 0.04375
2 0.96484375 0.4390625 0.06875 0.03125
2 0.70703125 0.19140625 0.04375 0.0421875
2 0.221875 0.2140625 0.040625 0.040625
2 0.2171875 0.25078125 0.0453125 0.0421875
2 0.25859375 0.33984375 0.040625 0.0390625
2 0.18515625 0.2640625 0.0375 0.040625
2 0.48125 0.56640625 0.0609375 0.0390625
1 0.56953125 0.31015625 0.0609375 0.065625
1 0.8109375 0.05 0.1109375 0.0703125
1 0.81171875 0.115625 0.1328125 0.078125
1 0.30234375 0.134375 0.059375 0.06875
1 0.26640625 0.1890625 0.0546875 0.0640625
1 0.23125 0.29765625 0.053125 0.065625
1 0.41015625 0.2984375 0.053125 0.0609375
1 0.70234375 0.71875 0.053125 0.0671875
1 0.60078125 0.6546875 0.090625 0.0796875
1 0.746875 0.871875 0.0640625 0.0734375
1 0.853125 0.9109375 0.0953125 0.065625
1 0.7203125 0.93671875 0.0546875 0.0625
1 0.6453125 0.9171875 0.0546875 0.075
1 0.47265625 0.6328125 0.084375 0.0671875
1 0.32734375 0.5796875 0.0984375 0.0625
1 0.1515625 0.565625 0.0984375 0.05
1 0.059375 0.6484375 0.0796875 0.040625
1 0.07265625 0.7 0.084375 0.0421875
1 0.284375 0.075 0.0671875 0.071875