1 0.1156850953125 0.7793803421875001 0.0694110578125 0.8408119656249999 0.0817307703125 0.8787393171875 0.1340144234375 0.8087606828125 0.1156850953125 0.7793803421875001
1 0.1364182703125 0.827991453125 0.1207932703125 0.8392094015625 0.11268028906250001 0.85576923125 0.1376201921875 0.9433760687499999 0.1631610578125 0.9161324796875 0.1364182703125 0.827991453125
1 0.22385817343749997 0.9145299140625 0.22265625 0.8958333328125001 0.1950120203125 0.815170940625 0.1875 0.815170940625 0.1721754796875 0.8327991453125 0.1691706734375 0.8520299140625 0.2028245203125 0.9396367531250001 0.22385817343749997 0.9145299140625
2 0.1682692296875 0.9551282062500001 0.1565504796875 0.9412393171875 0.142427884375 0.9433760687499999 0.1415264421875 0.96741453125 0.1604567296875 1 0.17337740468750001 0.9957264953125 0.1802884609375 0.977564103125 0.1682692296875 0.9551282062500001
2 0.2274639421875 0.7457264953125 0.2274639421875 0.7767094015625 0.2644230765625 0.78258546875 0.2650240390625 0.7419871796875 0.2274639421875 0.7457264953125
0 0.12019230781250001 0.589743590625 0.11117788437500001 0.64957265 0.23617788437499998 0.6858974359375 0.2427884609375 0.6201923078125 0.12019230781250001 0.589743590625
1 0.0084134609375 0.5336538453124999 0.06430288437500001 0.5496794875 0.0694110578125 0.5080128203125 0.009314903125 0.5026709406250001 0.0084134609375 0.5336538453124999
1 0.0078125 0.5042735046875 0.0087139421875 0.534722221875 0.0652043265625 0.5496794875 0.0700120203125 0.50587606875 0.01709006875 0.486749209375 0.0078125 0.5042735046875
1 0.290625 0.46640625 0.05625 0.046875
1 0.115625 0.39765625 0.0625 0.0515625
1 0.05703125 0.3953125 0.059375 0.06328125
1 0.159375 0.353125 0.05703125 0.0484375
1 0.2546875 0.30234375 0.0546875 0.0453125
3 0.209375 0.4234375 0.10390625 0.0703125
0 0.2515625 0.3609375 0.1265625 0.06953125
0 0.07578125 0.33203125 0.10625 0.06328125
2 0.1734375 0.3109375 0.03671875 0.03828125
2 0.20625 0.2953125 0.0375 0.03671875
2 0.2125 0.2671875 0.034375 0.0328125
2 0.29453125 0.315625 0.0296875 0.02890625
1 0.1604567296875 0.18589743593750002 0.126802884375 0.1623931625 0.11117788437500001 0.15811965781249998 0.1030649046875 0.175213675 0.1069711546875 0.1981837609375 0.1472355765625 0.2248931625 0.158052884375 0.21207265 0.1604567296875 0.18589743593750002
2 0.52734375 0.9625 0.02578125 0.07265625
1 0.4671875 0.6265625 0.0625 0.0515625
1 0.68828125 0.63515625 0.06015625 0.0484375
3 0.60234375 0.64765625 0.05625 0.05078125
1 0.775240384375 0.6992521359375 0.77764423125 0.6730769234375 0.7686298078125 0.6661324796875 0.7202524046875001 0.6511752140625 0.7133413453124999 0.66292735 0.7121394234375 0.6987179484375 0.7701322109375 0.71207265 0.775240384375 0.6992521359375
1 0.8097956734375 0.5603632468749999 0.75030048125 0.5539529921875 0.7436899046875001 0.577991453125 0.75390625 0.6089743578125 0.8128004796875 0.6047008546875 0.8097956734375 0.5603632468749999
1 0.6352163453124999 0.49465811875 0.6259014421875 0.515491453125 0.627103365625 0.5422008546875 0.67938701875 0.5731837609375 0.6890024046875001 0.528311965625 0.6352163453124999 0.49465811875
1 0.560396634375 0.3835470078125 0.5480769234375 0.3910256421875 0.5414663453124999 0.40651709374999995 0.5805288453124999 0.4759615390625 0.5988581734375 0.44444444375 0.560396634375 0.3835470078125
1 0.5318509609375 0.0251068375 0.5375600953124999 0.11805555625 0.5609975953124999 0.11538461562499999 0.5537860578125 0.0261752140625 0.5318509609375 0.0251068375
1 0.5546875 0.0005341875 0.5570913453124999 0.0710470078125 0.578125 0.06517094062499999 0.576322115625 0.0005341875 0.5546875 0.0005341875
1 0.6117788453124999 0.1079059828125 0.6030649046875001 0.0213675203125 0.58233173125 0.028311965625 0.584134615625 0.0635683765625 0.5907451921875 0.1164529921875 0.60126201875 0.11858974375 0.6117788453124999 0.1079059828125
1 0.62920673125 0 0.60516826875 0.0005341875 0.6063701921875 0.036858975 0.609375 0.0705128203125 0.63251201875 0.06944444375 0.62920673125 0
3 0.5850360578125 0.0630341875 0.5634014421875 0.06997863125 0.57001201875 0.1485042734375 0.58233173125 0.153311965625 0.59375 0.1420940171875 0.5850360578125 0.0630341875
1 0.8662860578125 0.0416666671875 0.8212139421875 0.026709401562500002 0.8176081734375 0.064636753125 0.817908653125 0.06944444375 0.8458533656249999 0.084401709375 0.8668870203125 0.08653846093749999 0.8716947109375001 0.065705128125 0.8662860578125 0.0416666671875
1 0.9699519234375 0.15972222187500001 0.9582331734375 0.14423076875000002 0.915564903125 0.1746794875 0.9224759609375001 0.2126068375 0.9299879796875 0.2136752140625 0.9723557703125 0.1837606828125 0.9699519234375 0.15972222187500001
1 0.877403846875 0.01816239375 0.8792067296875 0.05715811875 0.9290865390624999 0.0608974359375 0.9260817296875 0.01816239375 0.877403846875 0.01816239375
1 0.8425480765625 0.55662393125 0.8443509609375001 0.60576923125 0.91015625 0.6036324796875 0.9095552890624999 0.5544871796875 0.8425480765625 0.55662393125
1 0.9011418265625 0.6079059828125 0.8353365390624999 0.60576923125 0.8353365390624999 0.6479700859374999 0.8978365390624999 0.65544871875 0.9035456734375 0.6415598296875 0.9011418265625 0.6079059828125
1 0.9191706734375 0.659722221875 0.8524639421875 0.6581196578124999 0.8524639421875 0.7008547015625 0.9176682703125 0.7077991453125 0.921875 0.6949786312499999 0.9191706734375 0.659722221875
1 0.9771634609375001 0.7083333328125 0.9185697109375001 0.7142094015625 0.9173677890624999 0.7355769234375 0.9221754796875 0.759081196875 0.9810697109375001 0.7494658125 0.9771634609375001 0.7083333328125
2 0.9441105765625 0.6490384609375 0.9423076921875 0.6217948718749999 0.9089543265625 0.6266025640625 0.9011418265625 0.6388888890625 0.9107572109375001 0.65758546875 0.9408052890624999 0.659722221875 0.9441105765625 0.6490384609375
2 0.974158653125 0.6543803421875001 0.9411057703125 0.661858975 0.9305889421875 0.6741452984375 0.9426081734375 0.6939102562499999 0.9771634609375001 0.6917735046875 0.974158653125 0.6543803421875001