0 0.6621916171875 0.2819089609375 0.6656618421875 0.142373465625 0.659900565625 0.1315053484375 0.65237034375 0.125976078125 0.6381621421875 0.120745875 0.631297046875 0.120082315625 0.6291538671875 0.1234959046875 0.62635429375 0.30835552499999996 0.6277576640625 0.315575234375 0.6328435921875 0.320081128125 0.6448779499999999 0.324235384375 0.6505676765625 0.3246279125 0.6567880875000001 0.32341878749999997 0.6605642031250001 0.321186284375 0.6621916171875 0.2819089609375
0 0.6215090437499999 0 0.615803428125 0.089185615625 0.614831225 0.09958782499999999 0.616550590625 0.1045822546875 0.6234944484375 0.11078141562499999 0.6330921390625 0.117796884375 0.639601959375 0.119195825 0.6445587609375 0.11645610625 0.648562921875 0.1152337234375 0.651429925 0.11201211250000001 0.6523930421874999 0.100279509375 0.6624407234375 0 0.6215090437499999 0
0 0.6534944421875 0.802318778125 0.643431359375 0.7980651546875001 0.6354219453125001 0.7948734390625 0.6294960953125 0.7971211359375 0.6231971703125 0.9283837328125 0.6277288125 0.9443055593749999 0.63318954375 0.9512801703125 0.6419291281249999 0.95506050625 0.648333896875 0.955276646875 0.652084196875 0.9534518359374999 0.6539210984375 0.9227768812500001 0.659895778125 0.8310271046875 0.6534944421875 0.802318778125
0 0.5114372671875 1 0.5120993828125 0.8958974062499999 0.5080605171875 0.8497725328125 0.49980755312499997 0.8478694593749999 0.489801871875 0.8445534374999999 0.47998733437499996 0.84602278125 0.4837016296875 1 0.5114372671875 1
3 0.60234375 0.421875 0.0578125 0.06875
3 0.34453125 0.59765625 0.0703125 0.0765625
2 0.95078125 0.725 0.040625 0.046875
2 0.9734375 0.565625 0.0421875 0.0515625
2 0.93515625 0.55703125 0.04375 0.0546875
2 0.67734375 0.41015625 0.040625 0.05
2 0.63203125 0.5203125 0.0390625 0.0484375
2 0.54296875 0.38515625 0.0390625 0.0484375
2 0.496875 0.38125 0.0421875 0.053125
2 0.43828125 0.34296875 0.0421875 0.0484375
2 0.2828125 0.2890625 0.0421875 0.053125
2 0.29140625 0.1171875 0.0421875 0.05
2 0.12578125 0.24921875 0.046875 0.05625
2 0.04296875 0.19921875 0.0484375 0.0546875
2 0.51796875 0.675 0.0359375 0.046875
2 0.52265625 0.8796875 0.0265625 0.0546875
1 0.97578125 0.79609375 0.0484375 0.0734375
1 0.8953125 0.75078125 0.06875 0.0796875
1 0.8953125 0.80546875 0.0640625 0.0734375
1 0.78671875 0.7109375 0.0640625 0.071875
1 0.82734375 0.66640625 0.0640625 0.075
1 0.85078125 0.5921875 0.059375 0.0640625
1 0.85078125 0.5453125 0.0640625 0.06875
1 0.82109375 0.490625 0.0609375 0.0625
1 0.76015625 0.51171875 0.0640625 0.065625
1 0.69453125 0.5375 0.0625 0.0671875
1 0.690625 0.49140625 0.0625 0.065625
1 0.68125 0.44921875 0.065625 0.0703125
1 0.6015625 0.4703125 0.0640625 0.065625
1 0.56171875 0.50234375 0.0640625 0.06875
1 0.53203125 0.43125 0.0640625 0.0703125
1 0.4453125 0.41484375 0.0703125 0.0734375
1 0.38984375 0.5703125 0.0578125 0.0671875
1 0.35234375 0.334375 0.075 0.084375
1 0.3234375 0.425 0.0640625 0.0671875
1 0.22578125 0.39609375 0.0703125 0.0734375
1 0.20078125 0.33671875 0.065625 0.071875
1 0.12265625 0.36171875 0.0765625 0.0828125
1 0.07421875 0.26640625 0.075 0.0828125
1 0.01171875 0.28046875 0.0234375 0.0921875
1 0.01953125 0.415625 0.0390625 0.084375
2 0.2390625 0.525 0.0421875 0.046875
1 0.59453125 0.65703125 0.0640625 0.075
1 0.90390625 0.69375 0.05625 0.0640625
1 0.91953125 0.6203125 0.059375 0.0640625
1 0.98984375 0.73671875 0.0203125 0.0734375
1 0.46171875 0.56796875 0.0640625 0.0703125
1 0.17265625 0.51484375 0.0640625 0.0734375
1 0.1328125 0.45703125 0.0671875 0.075