0 0.7843451515625001 0.688873615625 0.790222665625 0.6710459906249999 0.792613609375 0.6506915656250001 0.7875052640625 0.632111240625 0.677775928125 0.6132508859375 0.6725926265625 0.630201171875 0.6686187 0.6517858140625 0.6725596828125 0.667219371875 0.6810472921875 0.674981071875 0.7717000374999999 0.6898327015625 0.77959620625 0.6925642671875 0.7843451515625001 0.688873615625
3 0.86524871875 0.6129858453125 0.8645053390624999 0.6055458015624999 0.8603972734375 0.59854915 0.8555688453125001 0.5943673265625 0.8492165937499999 0.592873075 0.842381109375 0.5805629078125001 0.7740793859374999 0.5663279015625 0.76720365625 0.5872058078125 0.7619840625000001 0.61322755625 0.7729876906250001 0.625221584375 0.789366246875 0.6292801546875 0.7922630453124999 0.6248574265625 0.810440915625 0.6296891312499999 0.8227759703125 0.6384769640625 0.8402858859375 0.63539241875 0.8432056984375 0.6412245624999999 0.8482604 0.6439777624999999 0.8535337000000001 0.6418840484375 0.8596858828125 0.6394413828125 0.8644912953125001 0.633368334375 0.8672973234375 0.62258523125 0.86524871875 0.6129858453125
3 0.3691971671875 0.823124396875 0.362490353125 0.8260944625000001 0.3572520171875 0.8323213546874999 0.3552667875 0.86275336875 0.353744196875 0.8705768562499999 0.3516619546875 0.9105702703125 0.37057131718749997 0.9075167375 0.3738851140625 0.8883840281250001 0.3764728953125 0.827301 0.3691971671875 0.823124396875
3 0.27070079687500004 0.5388601140625 0.27501105 0.551914003125 0.278819134375 0.5571563515625 0.32270788906250003 0.5161691921875 0.3146806609375 0.48448523593750004 0.27034981406249997 0.526433309375 0.27070079687500004 0.5388601140625
2 0.953125 0.71875 0.040625 0.0515625
2 0.6765625 0.6921875 0.0359375 0.0359375
2 0.671875 0.55078125 0.0359375 0.0359375
2 0.528125 0.384375 0.0265625 0.0546875
2 0.18125 0.18125 0.0421875 0.0375
2 0.52734375 0.084375 0.028125 0.0671875
1 0.55546875 0.27265625 0.046875 0.1046875
1 0.5578125 0.07734375 0.0453125 0.1125
1 0.49140625 0.1015625 0.0515625 0.1140625
1 0.49921875 0.41640625 0.0421875 0.1
1 0.53125 0.51640625 0.040625 0.1
1 0.465625 0.5203125 0.0453125 0.1
1 0.484375 0.66484375 0.040625 0.090625
1 0.503125 0.79140625 0.0421875 0.0953125
1 0.4609375 0.82890625 0.040625 0.0875
1 0.48359375 0.925 0.0375 0.090625
1 0.534375 0.8671875 0.0359375 0.084375
1 0.39140625 0.90859375 0.0390625 0.090625
1 0.33984375 0.89921875 0.0390625 0.090625
1 0.19609375 0.503125 0.059375 0.0515625
1 0.39453125 0.340625 0.0546875 0.0984375
1 0.08515625 0.23984375 0.075 0.05625
1 0.1015625 0.1921875 0.065625 0.05
1 0.15703125 0.26796875 0.065625 0.053125
1 0.1609375 0.21953125 0.0640625 0.0484375
1 0.08203125 0.346875 0.065625 0.053125
1 0.096875 0.2921875 0.065625 0.0484375
1 0.03046875 0.63515625 0.0609375 0.1046875
1 0.9015625 0.6421875 0.0640625 0.0484375
1 0.740625 0.71640625 0.0640625 0.0609375
1 0.8609375 0.14453125 0.0703125 0.125
1 0.9234375 0.14609375 0.0578125 0.1234375