0 0.8662822734375 0.709067809375 0.8822296109375 0.6988488265624999 0.8884470984374999 0.685217534375 0.890783315625 0.6697066421875 0.6876301578125 0.6622253625 0.6744969281250001 0.6653957625 0.6687271984375001 0.6758143578125 0.6647252671875 0.687630559375 0.66721919375 0.6960222765624999 0.6709983796875 0.7001989656250001 0.7028558953124999 0.7025584312500001 0.8662822734375 0.709067809375
0 1 0.6608270859375 0.9224251109375 0.6535865609375 0.9113612796874999 0.6541129828125001 0.9050602937500001 0.6586426484375 0.89845770625 0.667213896875 0.893769071875 0.6780116390625001 0.8938084984374999 0.683987290625 0.89433975625 0.6898762203125 0.901216071875 0.6943614593749999 0.9297282203125 0.6978805765625 1 0.7053193109375 1 0.6608270859375
0 0.1311648859375 0.667775596875 0.13109189062499998 0.6598191046874999 0.017851421875000002 0.644984778125 0.0246737265625 0.6836759890625 0.0881841609375 0.6930362828125001 0.1199152 0.686943159375 0.1270235703125 0.6769732703125 0.1311648859375 0.667775596875
0 0 0.5278635078125 0.029932565625 0.5285311671875 0.0772528921875 0.5258988 0.089480646875 0.5231715671875 0.0922131953125 0.5098389109375 0.094203890625 0.498064934375 0.0903667390625 0.4936011953125 0 0.4937270640625 0 0.5278635078125
0 0.1846841421875 0.8837949296875 0.1846931328125 0.8782794484374999 0.178797503125 0.875459278125 0.1562050671875 0.8697936140625 0.148683975 0.871671175 0.12229952343749999 0.8862484796875 0.113577290625 0.8952302078125 0.07693029375 0.9800377046875001 0.07920457812500001 0.992935815625 0.0823926515625 0.9939137625000001 0.10303859062500001 0.996890003125 0.1385651 0.9784951453125 0.1846841421875 0.8837949296875
3 0.4984375 0.7921875 0.071875 0.0640625
2 0.26015625 0.921875 0.0515625 0.0421875
2 0.49765625 0.88671875 0.059375 0.046875
2 0.4125 0.79296875 0.0546875 0.0421875
2 0.54296875 0.67734375 0.053125 0.0390625
2 0.6484375 0.4734375 0.0515625 0.0421875
2 0.64375 0.3859375 0.05625 0.04375
2 0.68515625 0.34296875 0.053125 0.0453125
2 0.7234375 0.2640625 0.05625 0.046875
2 0.44765625 0.09609375 0.053125 0.0453125
2 0.05390625 0.540625 0.0625 0.028125
1 0.2078125 0.9140625 0.0828125 0.075
1 0.29296875 0.871875 0.071875 0.065625
1 0.38125 0.86953125 0.071875 0.0703125
1 0.425 0.8625 0.071875 0.0671875
1 0.459375 0.8875 0.075 0.06875
1 0.40078125 0.94765625 0.0703125 0.0640625
1 0.48515625 0.725 0.075 0.0671875
1 0.43125 0.71015625 0.071875 0.06875
1 0.52734375 0.584375 0.075 0.0734375
1 0.5875 0.56953125 0.0796875 0.075
1 0.3828125 0.4625 0.078125 0.0734375
1 0.2953125 0.690625 0.0859375 0.071875
1 0.51875 0.446875 0.0734375 0.0703125
1 0.54140625 0.36328125 0.0765625 0.0734375
1 0.6046875 0.3546875 0.071875 0.0671875
1 0.64921875 0.26328125 0.078125 0.0734375
1 0.5921875 0.22734375 0.0765625 0.075
1 0.646875 0.084375 0.090625 0.0828125
1 0.7359375 0.03359375 0.096875 0.0671875
1 0.553125 0.01953125 0.084375 0.0390625
1 0.4453125 0.22578125 0.08125 0.0734375
1 0.6984375 0.175 0.0828125 0.0765625