0 0.5964912046874999 0.15041631718749998 0.593797290625 0.1348981375 0.58544218125 0.132025225 0.5723305453124999 0.133642296875 0.5479117140625 0.139400190625 0.5330786109375001 0.15532348437500001 0.5543815328125 0.2643322171875 0.563687946875 0.2663071328125 0.59688059375 0.2580312765625 0.6100231468749999 0.249467990625 0.6158394546875 0.23744485937499998 0.5964912046874999 0.15041631718749998
0 0.5256908796875 0 0.5415926578125 0.06927781250000001 0.5479779015624999 0.0713202484375 0.566621646875 0.06832386562500001 0.5837711796875 0.06404800625 0.5895668765625001 0.0566556859375 0.5959363984375 0.044494624999999996 0.5858187125 0 0.5256908796875 0
0 0.4071848921875 0.8647325359375 0.38286768125 0.76505890625 0.378265675 0.7508865250000001 0.3722159546875 0.7394782046875 0.35843408125 0.73991053125 0.34636323281250003 0.74292013125 0.3306918390625 0.7486297765625001 0.32033201093749997 0.7542166531250001 0.3219537828125 0.7607212234375 0.3494721328125 0.8668060343749999 0.361547909375 0.87881460625 0.38497511875 0.8720723828124999 0.4071848921875 0.8647325359375
3 0.512396821875 0.1162739625 0.5048217015625001 0.11576912187499999 0.49708745781249997 0.11889425 0.49342169687500004 0.123398521875 0.48131938124999996 0.12821111406250002 0.4771433390625 0.13493695 0.4768064234375 0.1463902171875 0.47343091875 0.14992454375 0.4676818 0.1567434 0.48223382812500004 0.2279129546875 0.5025433406250001 0.22614032812499998 0.529444740625 0.2209290109375 0.5370571875000001 0.213047190625 0.538597359375 0.20428583281249998 0.5364575312500001 0.18716707500000002 0.529083771875 0.189603940625 0.528306325 0.171547121875 0.5279222671875 0.1614703796875 0.5287507984375 0.151988878125 0.5228140796875 0.136714365625 0.5273786015625 0.12301027499999999 0.5186611265625001 0.1221918734375 0.512396821875 0.1162739625
3 0.3890625 0.41484375 0.053125 0.059375
3 0.9553453578125 0.442669834375 0.9322571703125 0.4478035421875 0.8769489859374999 0.47031294062500006 0.8760963281249999 0.477999403125 0.87986325 0.48422266406250003 0.8879670656249999 0.48562768125 0.9045790484375 0.4811744359375 0.919709615625 0.4752220828125 0.9278231453125001 0.4744448 0.9636004796875 0.4602305140625 0.9553453578125 0.442669834375
3 0.46796875 0.9875 0.0515625 0.025
2 0.165625 0.296875 0.0421875 0.0421875
2 0.60859375 0.1078125 0.0421875 0.0421875
2 0.62890625 0.13828125 0.04375 0.0421875
2 0.66171875 0.1359375 0.0390625 0.040625
2 0.63046875 0.23515625 0.040625 0.040625
2 0.04453125 0.63125 0.05625 0.03125
1 0.44765625 0.9296875 0.0578125 0.0703125
1 0.5265625 0.96171875 0.0625 0.0734375
1 0.50546875 0.88125 0.05625 0.06875
1 0.43203125 0.803125 0.059375 0.0671875
1 0.49609375 0.740625 0.0640625 0.075
1 0.6 0.68515625 0.1078125 0.053125
1 0.81484375 0.3734375 0.1078125 0.0609375
1 0.35390625 0.075 0.065625 0.0703125
1 0.49296875 0.02265625 0.0671875 0.0453125
1 0.50234375 0.07109375 0.0625 0.071875
1 0.559375 0.10390625 0.0546875 0.0640625
1 0.6359375 0.18671875 0.0546875 0.0671875
1 0.4765625 0.26484375 0.0546875 0.0625
1 0.05078125 0.275 0.1015625 0.08125
1 0.0625 0.165625 0.1015625 0.078125
1 0.95546875 0.47578125 0.0890625 0.0484375
1 0.9484375 0.42421875 0.09375 0.0484375