0 0.3883162140625 0.246789090625 0.40031827499999995 0.254843865625 0.4237796234375 0.25978574375 0.44272593593750004 0.260035446875 0.4636494171875 0.148903459375 0.4469073203125 0.1338240515625 0.431872478125 0.1309015734375 0.41081154218749993 0.1275706515625 0.4033458375 0.131078365625 0.39889476562500004 0.146997140625 0.38247248125 0.2349724734375 0.3883162140625 0.246789090625
3 0.520172175 0.1806148390625 0.528683328125 0.10401280937499999 0.519794875 0.099024384375 0.5198286109375 0.089901025 0.520185940625 0.08507945624999999 0.5145279953124999 0.081371115625 0.5063906499999999 0.0784851015625 0.5015357765624999 0.0736285890625 0.49234195625000005 0.07021114843750001 0.4827297296875 0.0719294734375 0.47989300156250003 0.07757337187499999 0.47239373437500004 0.0803545515625 0.4712944078125 0.0860100953125 0.476341615625 0.0928604046875 0.4686345015625 0.10864392187500001 0.47080213593750003 0.12732510156250001 0.4715377328125 0.144423646875 0.464527053125 0.1446912515625 0.46377865937499996 0.16345775 0.4732532265625 0.17736395 0.4963462578125 0.18087457499999998 0.520172175 0.1806148390625
3 0.0856454703125 0.48554133750000006 0.1194440453125 0.49529699687499995 0.12767526875 0.49084380781250003 0.1281856140625 0.4794738328125 0.074109140625 0.46036054843749996 0.0512386109375 0.455596378125 0.0403221203125 0.473864075 0.08152540625 0.48633341718749995 0.0856454703125 0.48554133750000006
2 0.3875 0.10078125 0.04375 0.0421875
2 0.36640625 0.13671875 0.0421875 0.040625
2 0.36640625 0.23359375 0.034375 0.0359375
2 0.7546875 0.39296875 0.0546875 0.0421875
2 0.965625 0.6 0.0515625 0.0296875
2 0.89453125 0.60703125 0.06875 0.03125
2 0.68984375 0.88046875 0.0359375 0.0421875
2 0.35390625 0.89609375 0.0421875 0.040625
2 0.34609375 0.74921875 0.0375 0.0375
2 0.03125 0.33984375 0.021875 0.01875
1 0.521875 0.25703125 0.05 0.0578125
1 0.49140625 0.03359375 0.0515625 0.065625
1 0.44140625 0.01953125 0.0515625 0.0390625
1 0.36015625 0.184375 0.05 0.0625
1 0.5234375 0.49921875 0.096875 0.0453125
1 0.3765625 0.4578125 0.1046875 0.0515625
1 0.18125 0.39375 0.0921875 0.0421875
1 0.0515625 0.3203125 0.053125 0.0328125
1 0.05625 0.4359375 0.096875 0.0453125
1 0.046875 0.48828125 0.09375 0.0421875
1 0.65390625 0.96796875 0.0515625 0.0640625
1 0.6 0.96484375 0.0625 0.0703125
1 0.5984375 0.88984375 0.0546875 0.06875
1 0.6875 0.60390625 0.1140625 0.0546875
1 0.4625 0.6609375 0.090625 0.065625
1 0.94921875 0.24609375 0.1015625 0.0765625
1 0.88125 0.1375 0.109375 0.0625