0 0.329429940625 0.48206447968750005 0.3345014796875 0.4812756828125 0.3429439796875 0.47981701093750007 0.3525117953125 0.4735039125 0.356460515625 0.47062284375 0.35849717187499996 0.46483637499999997 0.3162589546875 0.290219409375 0.3106713203125 0.290610134375 0.3028053375 0.2933309671875 0.2909591734375 0.3019741734375 0.28898044375 0.3155714328125 0.2888256421875 0.3238312546875 0.32078719375000003 0.44923868593750005 0.329429940625 0.48206447968750005
0 0.26840563125 0.17976197968750002 0.27210785312499997 0.181210790625 0.2786470796875 0.1820342921875 0.2855167765625 0.17728468125000002 0.2918492734375 0.17171878437500002 0.296688996875 0.1654034265625 0.2966023265625 0.15729793593750002 0.294335915625 0.14891794375 0.2527406296875 0.0160691109375 0.23224969374999999 0.0175019765625 0.2122950703125 0.0193199828125 0.25438265625 0.1474425125 0.26353988125 0.175406065625 0.26840563125 0.17976197968750002
0 0.583206578125 0.8321593765624999 0.57222083125 0.8386034078125 0.5726802609375 0.8489769765625 0.5757164593749999 0.8695760531250001 0.5809673796875 0.8952231078124999 0.6056527328125 0.9938329906250001 0.6309561109375 0.99206360625 0.6295311765625 0.9740039578124999 0.5972339640625 0.8311784859375001 0.5914126359375 0.8278016656249999 0.583206578125 0.8321593765624999
2 0.12578125 0.93203125 0.034375 0.0453125
2 0.56328125 0.87109375 0.021875 0.0546875
3 0.575 0.928125 0.0296875 0.0640625
2 0.8765625 0.0703125 0.04375 0.046875
1 0.9484375 0.2953125 0.0578125 0.078125
1 0.753125 0.76953125 0.05 0.0890625
1 0.67734375 0.31640625 0.059375 0.059375
1 0.6890625 0.36953125 0.059375 0.0578125
1 0.3140625 0.16640625 0.0296875 0.06875
1 0.3359375 0.2796875 0.0265625 0.0640625
1 0.35234375 0.13046875 0.0265625 0.065625
1 0.321875 0.03984375 0.0296875 0.059375
1 0.4546875 0.40390625 0.034375 0.0578125
1 0.11640625 0.69609375 0.0546875 0.071875
1 0.06875 0.6453125 0.0578125 0.0671875
1 0.06640625 0.74375 0.0546875 0.0625
1 0.4453125 0.6640625 0.05 0.059375
1 0.56796875 0.59609375 0.0546875 0.0578125
1 0.521875 0.87734375 0.034375 0.0796875