0 0.28024517968749996 0.49034071562500003 0.3183659578125 0.490878340625 0.32507463125 0.48079604531250003 0.32035996875 0.3731010421875 0.31769048906249997 0.3686431203125 0.27532330625 0.3683539984375 0.26526740625 0.373161121875 0.26833594375 0.48754408906249996 0.28024517968749996 0.49034071562500003
0 0.6376168484375 0.6928833062499999 0.6236605265625 0.688031240625 0.5946826328125 0.6886064734375 0.5854013546875 0.6914566921875 0.5899776250000001 0.8031147750000001 0.6065757453125 0.813217378125 0.645457309375 0.8121944062500001 0.649275075 0.8039951140625 0.6506047953125 0.705240584375 0.6376168484375 0.6928833062499999
0 0.6670042234375 0.98396376875 0.67136134375 0.980544803125 0.67226204375 0.8940758140625 0.657296209375 0.8776815546875 0.61840080625 0.8791008359375001 0.61264666875 0.8820742234375001 0.6123821984375 0.9705493859375001 0.6316774765625001 0.9843172953125 0.6670042234375 0.98396376875
3 0.48164279375 0.9727293124999999 0.463496184375 0.9260678609375 0.45364787343749996 0.9249303687499999 0.435887625 0.9278812859375 0.42657866875000006 0.93152411875 0.4503410234375 0.9791752593749999 0.48164279375 0.9727293124999999
3 0.5819968703125 0.7889483937499999 0.5784147515625 0.7701741265625001 0.5841550515625 0.7675970453125001 0.5819976296875 0.7484757375 0.5753031749999999 0.7379253968749999 0.5421203921875 0.737560209375 0.522230021875 0.7408335328125 0.5221050875000001 0.7646366296875 0.5279549593749999 0.8195980734375 0.5311637921875 0.8288363203125 0.5442070953125 0.8396083703125001 0.55415228125 0.8379717078125 0.5623821453125 0.8450045484375 0.5773206828124999 0.84195509375 0.5825354640625 0.834201378125 0.5897419765625 0.830088334375 0.580128934375 0.8222136109375 0.5857035390625 0.8041558921874999 0.5819968703125 0.7889483937499999
3 0.3341125015625 0.1815344390625 0.3524813015625 0.181382309375 0.36167992187500003 0.160673609375 0.3664110859375 0.12631800625 0.3270316859375 0.121371728125 0.317459021875 0.17301706562500002 0.3341125015625 0.1815344390625
3 0.9336290171874999 0.4403814921875 0.9383778078124999 0.4206689015625 0.9009017609375001 0.414146196875 0.8922114750000001 0.413842725 0.8685148578125 0.4113858421875 0.8575071640624999 0.41100144531250005 0.851054725 0.41305725156250006 0.8466469125 0.42300547499999996 0.851656496875 0.429046178125 0.9041388765624999 0.4377222953125 0.9336290171874999 0.4403814921875
1 0.6713773375 0.45907476718750007 0.673978853125 0.45220061562499997 0.62265701875 0.41724175781249995 0.6079852375 0.4147394078125 0.586919559375 0.4262754421875 0.5844337234375 0.42983696718750003 0.6474791015625 0.46719522187500007 0.6713773375 0.45907476718750007
1 0.5596100515625 0.4644584328125 0.5786985640625 0.458823353125 0.5819938390625 0.448988428125 0.5421757546875 0.4227229546875 0.521179803125 0.41535642656249994 0.503779259375 0.42337211874999997 0.5030045234375 0.4286517296875 0.5520024734375 0.4625344390625 0.5596100515625 0.4644584328125
1 0.3579322265625 0.204354059375 0.3486713859375 0.1990556640625 0.322148815625 0.1977978078125 0.316575925 0.20523153125000002 0.3155691953125 0.25096636875 0.3242519578125 0.2559129109375 0.344866484375 0.25729612031250004 0.3544396609375 0.2536504234375 0.3579322265625 0.204354059375
1 0.2741926171875 0.10027148906250001 0.2953967921875 0.10167528906250001 0.30805702031250004 0.09415739375 0.3078953875 0.0818800875 0.2777896125 0.0310787765625 0.2517410109375 0.0331541390625 0.245000390625 0.040215415625 0.2672672296875 0.0957179828125 0.2741926171875 0.10027148906250001
1 0.38652673125 0.078655953125 0.3987011078125 0.0850510921875 0.4211539859375 0.084508496875 0.42562855624999996 0.074714753125 0.4231321046875 0.027862582812499998 0.4097784328125 0.0214262625 0.3926323828125 0.022154175 0.38408811875 0.03014746875 0.3837404453125 0.073915321875 0.38652673125 0.078655953125
1 0.6374462109375 0.198581946875 0.664945478125 0.200316396875 0.6763069984375 0.19064916406250002 0.6831758078125 0.1517943203125 0.6785882203125 0.1450538203125 0.653288428125 0.13952541406250002 0.638742634375 0.141727 0.6328316218750001 0.192614659375 0.6374462109375 0.198581946875
1 0.36693921406249996 0.5855018000000001 0.3861941 0.586561271875 0.396759459375 0.5799628484375 0.390742296875 0.5352389453125 0.3813241125 0.5287168328125 0.35513365625 0.528963471875 0.347374925 0.5341116 0.3560907125 0.5804780453125 0.36693921406249996 0.5855018000000001
2 0.212802278125 0.7574001781249999 0.2212626640625 0.7518894781250001 0.22280135781250002 0.7275574 0.2160817953125 0.7226778328125001 0.1967999078125 0.7223915703125 0.19049849218749998 0.7252681296875 0.1957198640625 0.7533199609375 0.212802278125 0.7574001781249999
1 0.293735496875 0.7284861703125001 0.31934580156250003 0.7251226625 0.3237447515625 0.71753475 0.314853459375 0.6761941671875 0.3075672453125 0.667811125 0.2806616328125 0.6688069421875 0.2735100546875 0.6762987296875 0.28497846718750003 0.7227612984375 0.293735496875 0.7284861703125001
1 0.126106921875 0.8132083124999999 0.1380485953125 0.8066579515625 0.1480473015625 0.7965560515625 0.1455106859375 0.79027425 0.059100324999999995 0.7590001625 0.046673003125 0.75972741875 0.02687809375 0.77413214375 0.0280384 0.7803658828125 0.1055297234375 0.810554359375 0.126106921875 0.8132083124999999
2 0.6772103953124999 0.8133884421875001 0.697156246875 0.8137898765625 0.7021354140625 0.7915369343750001 0.6873022453125001 0.780100628125 0.67945353125 0.779236365625 0.6719030078125 0.7848744890625 0.6616570562499999 0.8075336921874999 0.6772103953124999 0.8133884421875001
2 0.6828159734375 0.8484047828125 0.68675619375 0.8258204671874999 0.6754718609375 0.8180491671875 0.6745358328125 0.81477049375 0.6682815640624999 0.8133717296875 0.6654937875 0.8179958140625001 0.6570689921875 0.818586884375 0.6483866078125 0.8415957781250001 0.663374159375 0.8486111281250001 0.6828159734375 0.8484047828125
2 0.0440441515625 0.44445485781249994 0.037349953125 0.43939605000000004 0.0019431203125 0.43562879375 0.0013416906249999999 0.45285146875000004 0.03053203125 0.45427642187500006 0.039794209375 0.451383171875 0.0496506984375 0.44786733593749994 0.0440441515625 0.44445485781249994