1 0.3640625 0.9625 0.37838541718749996 0.9662037031249999 0.3955729171875 0.8763888890624999 0.39296875 0.8643518515625 0.3796875 0.8601851859374999 0.37447916718749996 0.8629629624999999 0.3682291671875 0.89398148125 0.3596354171875 0.9444444437499999 0.3591145828125 0.9546296296874999 0.3640625 0.9625
1 0.3424479171875 0.8675925921875001 0.34713541718749996 0.8675925921875001 0.3484375 0.8666666671875 0.36484375 0.803240740625 0.36484375 0.7861111109375 0.3544270828125 0.7796296296875 0.3463541671875 0.784259259375 0.3307291671875 0.8453703703125001 0.3307291671875 0.8541666671874999 0.3322916671875 0.859722221875 0.3424479171875 0.8675925921875001
0 0.2755213015625 0.990740740625 0.2864586984375 0.996759259375 0.3351566140625 0.8125 0.33776078125 0.791203703125 0.3341149484375 0.7851851859375001 0.31822953125 0.7731481484375 0.3101566140625 0.7759259265625 0.2955729171875 0.8199074078124999 0.2528650515625 0.9699074078125 0.25390671875000004 0.9759259265625 0.2755213015625 0.990740740625
1 0.11015625 0.315277778125 0.10651041718750001 0.309259259375 0.07109375 0.2870370375 0.06770833281250001 0.290277778125 0.0625 0.29814814843750004 0.059114582812500004 0.3129629625 0.0703125 0.32777777812500003 0.0979166671875 0.34351851875 0.10442708281249999 0.334722221875 0.11015625 0.315277778125
1 0.1794270828125 0.3754629625 0.14375 0.3513888890625 0.1377604171875 0.35925925937500003 0.1346354171875 0.3703703703125 0.134375 0.3796296296875 0.17135416718750002 0.40648148125 0.1744791671875 0.403703703125 0.18203125 0.3851851859375 0.1794270828125 0.3754629625
1 0.24453125 0.41898148125 0.25078125 0.397222221875 0.25078125 0.38703703749999996 0.2328125 0.38055555625 0.2125 0.371759259375 0.2075520828125 0.3736111109375 0.20182291718749998 0.3879629625 0.20052083281250002 0.3953703703125 0.2046875 0.403703703125 0.21640625 0.408796296875 0.23723958281250002 0.4199074078125 0.24453125 0.41898148125
2 0.15286458281249998 0.3976851859375 0.1481770828125 0.4078703703125 0.1447916671875 0.4125 0.1455729171875 0.41851851875 0.1666666671875 0.44907407343749994 0.1783854171875 0.42731481406249994 0.1682291671875 0.4106481484375 0.15286458281249998 0.3976851859375
2 0.15390625 0.44120370312499996 0.1328125 0.4328703703125 0.1291666671875 0.44444444375 0.128125 0.4495370375 0.13203125 0.4620370375 0.15234375 0.4768518515625 0.16015625 0.45370370312499997 0.15390625 0.44120370312499996
1 0.1729166671875 0.36990740781250003 0.1442708328125 0.35046296250000003 0.13671875 0.3611111109375 0.1338541671875 0.36898148124999997 0.1341145828125 0.38240740781250004 0.171875 0.40833333281249995 0.1799479171875 0.39351851875 0.18307291718750002 0.38194444375000003 0.1729166671875 0.36990740781250003
1 0.3299479171875 0.42175925937500003 0.28984375 0.40648148125 0.28515625 0.4175925921875 0.2833333328125 0.43333333281249997 0.3192708328125 0.45555555625000005 0.32890625 0.4583333328125 0.3356770828125 0.43518518593750005 0.3299479171875 0.42175925937500003
3 0.3140625 0.48194444374999995 0.315625 0.46666666718750005 0.3145833328125 0.4606481484375 0.31171875 0.4513888890625 0.2776041671875 0.434722221875 0.26953125 0.434722221875 0.26119791718749996 0.466203703125 0.26223958281250004 0.47453703750000004 0.2763020828125 0.4828703703125 0.3083333328125 0.49768518593750005 0.3140625 0.48194444374999995
3 0.33125 0.275 0.3216145828125 0.2666666671875 0.3044270828125 0.2611111109375 0.296875 0.28148148125 0.29765625 0.28611111093749997 0.3317708328125 0.3138888890625 0.3380208328125 0.2958333328125 0.3380208328125 0.2893518515625 0.33125 0.275
1 0.1755208328125 0.19398148125 0.17109375 0.18101851875 0.1348958328125 0.1513888890625 0.1270833328125 0.16805555625 0.1270833328125 0.178703703125 0.134375 0.190277778125 0.1627604171875 0.2138888890625 0.1700520828125 0.21111111093749999 0.1755208328125 0.19398148125
2 0.13333333281249998 0.1115740734375 0.12890625 0.10370370312499999 0.12552083281249998 0.0916666671875 0.1106770828125 0.0759259265625 0.10390625 0.0921296296875 0.10729166718750001 0.10787037031249999 0.1236979171875 0.11805555625 0.1328125 0.11620370312499999 0.13333333281249998 0.1115740734375
1 0.0333333328125 0.077777778125 0.0057291671875 0.046296296875 0.0002604171875 0.052777778124999994 0.00078125 0.0745370375 0.0260416671875 0.10833333281249999 0.03671875 0.0990740734375 0.0393229171875 0.0884259265625 0.0333333328125 0.077777778125
2 0.33932291718749996 0.547222221875 0.33645833281250004 0.5666666671875 0.36015625 0.5912037031249999 0.36640625 0.566203703125 0.36015625 0.55648148125 0.33932291718749996 0.547222221875
1 0.40520833281249996 0.5046296296875 0.37421875 0.4879629625 0.3671875 0.50648148125 0.3651041671875 0.521296296875 0.3971354171875 0.546759259375 0.4140625 0.5523148140624999 0.4223958328125 0.51851851875 0.40520833281249996 0.5046296296875
1 0.5341145828125 0.5939814812499999 0.5 0.5754629625 0.4953125 0.584722221875 0.4908854171875 0.596759259375 0.4927083328125 0.6129629624999999 0.5427083328125 0.6347222218749999 0.5458333328125 0.6143518515624999 0.5458333328125 0.6013888890625 0.5341145828125 0.5939814812499999
1 0.4947916671875 0.528240740625 0.48854166718750003 0.54351851875 0.4916666671875 0.5625 0.5375 0.5800925921875 0.5419270828125 0.5527777781250001 0.53984375 0.5449074078125 0.4947916671875 0.528240740625
1 0.6708333328125 0.6708333328125 0.62734375 0.6509259265625 0.6205729171875001 0.6638888890625 0.6205729171875001 0.672222221875 0.6231770828125 0.6893518515625 0.665625 0.7120370375 0.6744791671875 0.7013888890625 0.67578125 0.6773148140624999 0.6708333328125 0.6708333328125
1 0.7270833328124999 0.49629629687500004 0.7239583328125 0.48518518593750004 0.6934895828125 0.46898148125 0.6791666671875001 0.46342592656250003 0.6752604171875001 0.49351851875 0.68359375 0.5013888890625 0.7221354171875001 0.51944444375 0.7260416671875001 0.5083333328124999 0.7270833328124999 0.49629629687500004
2 0.4604166671875 0.3638888890625 0.4557291671875 0.352777778125 0.440625 0.34120370312500004 0.43671875 0.3518518515625 0.43333333281249997 0.3763888890625 0.45598958281249996 0.383796296875 0.4622395828125 0.38101851875000003 0.46328125 0.3726851859375 0.4604166671875 0.3638888890625
2 0.5260416671875 0.19583333281249998 0.5239583328124999 0.1851851859375 0.5130208328125 0.1833333328125 0.50625 0.2115740734375 0.5104166671875 0.23611111093749998 0.5184895828125 0.225 0.5260416671875 0.19583333281249998
1 0.49322916718750004 0.17314814843749998 0.5010416671875 0.16898148125 0.509375 0.134722221875 0.5104166671875 0.10648148125000001 0.4953125 0.10185185156250001 0.4828125 0.1546296296875 0.4828125 0.1634259265625 0.48515625 0.16944444375 0.49322916718750004 0.17314814843749998
1 0.5380208328125 0.2453703703125 0.54609375 0.19120370312499999 0.5338541671875 0.184722221875 0.5278645828124999 0.1856481484375 0.51796875 0.24583333281250003 0.51953125 0.25648148125 0.53359375 0.2611111109375 0.5380208328125 0.2453703703125
1 0.5640625 0.125 0.5614583328125 0.1199074078125 0.5463541671875001 0.11388888906250001 0.5338541671875 0.1800925921875 0.54140625 0.18842592656249998 0.553125 0.1916666671875 0.5640625 0.125
0 0.5729166671875 0.108796296875 0.5833333328125 0.108796296875 0.5856770828125 0.10648148125000001 0.6078125 0 0.5809895828125 0.0004629625 0.56875 0.065740740625 0.5640625 0.0958333328125 0.5640625 0.10231481406250001 0.5729166671875 0.108796296875
2 0.5552083328124999 0.071296296875 0.5653645828125 0.0416666671875 0.5653645828125 0.025462962500000002 0.5544270828125 0.0231481484375 0.54609375 0.053703703125 0.5466145828125 0.0620370375 0.5486979171875 0.078240740625 0.5552083328124999 0.071296296875
2 0.6453125 0 0.640625 0.0199074078125 0.6549479171875 0.052314814062500006 0.6619791671875 0.022685185937499998 0.6583333328125 0 0.6453125 0
1 0.75321365 0.70649334375 0.7427969828125 0.7078822328125 0.7388907328125 0.7259377890625001 0.7412344828124999 0.7449192703125 0.7961824 0.7726970484375 0.8024324 0.7569563078125 0.8052969828125001 0.73149334375 0.75321365 0.70649334375
1 0.8921875 0.7370370375 0.8859375 0.7421296296875 0.88203125 0.7546296296875 0.8833333328125 0.7754629625 0.9341145828125 0.8125 0.9421875 0.7958333328125 0.9411458328125001 0.7731481484375 0.8921875 0.7370370375
1 0.85859375 0.56851851875 0.8140625 0.5416666671875 0.8088541671874999 0.5745370375000001 0.81015625 0.5768518515625 0.85546875 0.6106481484375 0.8611979171874999 0.5939814812499999 0.8611979171874999 0.5759259265625001 0.85859375 0.56851851875
2 0.92421875 0.5240740734375 0.9177083328125001 0.5296296296875 0.91640625 0.5550925921875 0.94296875 0.56851851875 0.9505208328125001 0.5550925921875 0.9510416671874999 0.5370370375 0.92421875 0.5240740734375
1 0.7682291671875 0.24583333281250003 0.7520833328125 0.2666666671875 0.7497395828125 0.2759259265625 0.784375 0.334722221875 0.7984375 0.3111111109375 0.7953125 0.29351851875 0.7682291671875 0.24583333281250003
1 0.8552083328125001 0.321296296875 0.8484375 0.3120370375 0.8421875 0.29444444375 0.8231770828125 0.26805555625 0.8078125 0.2949074078125 0.8072916671874999 0.3 0.8255208328125001 0.33194444375 0.8463541671874999 0.3541666671875 0.8578125 0.3375 0.8552083328125001 0.321296296875