1 0.80625 0.08515625 0.090625 0.121875
2 0.67890625 0.16875 0.053125 0.0546875
2 0.81171875 0.31640625 0.0609375 0.071875
1 0.953125 0.34453125 0.059375 0.0796875
1 0.4078125 0.35078125 0.0796875 0.0796875
1 0.48125 0.646875 0.0796875 0.1125
1 0.559375 0.765625 0.065625 0.1109375
1 0.7078125 0.4796875 0.075 0.0703125
1 0.9625 0.49140625 0.075 0.0765625
1 0.92421875 0.51171875 0.0015625 0.003125
1 0.896875 0.49765625 0.0796875 0.0828125
3 0.80234375 0.50390625 0.128125 0.1046875
0 0.94921875 0.5609375 0.1015625 0.1
0 0.775 0.57421875 0.15 0.109375
1 0.8703125 0.55859375 0.075 0.0734375
1 0.790625 0.63671875 0.071875 0.0625
2 0.87109375 0.6078125 0.0515625 0.0484375
2 0.83828125 0.6296875 0.046875 0.05625
2 0.83828125 0.66171875 0.05 0.0546875
2 0.74140625 0.63203125 0.046875 0.0625
1 0.553125 0.94609375 0.0546875 0.1046875
1 0.50078125 0.95078125 0.0515625 0.0984375
3 0.5125 0.9140625 0.05 0.0953125
1 0.3625 0.53984375 0.084375 0.1
1 0.2640625 0.50703125 0.078125 0.084375
1 0.21640625 0.43203125 0.0921875 0.09375
1 0.12734375 0.41328125 0.0828125 0.0703125
1 0.05703125 0.50546875 0.0921875 0.075
1 0.03046875 0.54375 0.0609375 0.071875
1 0.01796875 0.4328125 0.0359375 0.0875
2 0.09296875 0.36875 0.059375 0.0546875
3 0.146875 0.4703125 0.0734375 0.0671875
2 0.2703125 0.38515625 0.0671875 0.0671875
2 0.346875 0.05078125 0.04375 0.0609375
1 0.125 0.9390625 0.0734375 0.078125