0 0.2768064328125 0.9879099468750001 0.2865433421875 0.992855678125 0.3380098640625 0.7970871234375 0.3380098640625 0.7880199484375 0.336387046875 0.7826620734375 0.3287366171875 0.7760677640625 0.32270900625 0.7723584640625 0.31459491562499997 0.77029774375 0.3087991359375 0.7740070421875 0.3062489921875 0.7781284859375 0.30161236874999997 0.7917292484375 0.2962802515625 0.8073907328125 0.2529278203125 0.96730273125 0.25710078125 0.9738970390624999 0.270083328125 0.9858492249999999 0.2768064328125 0.9879099468750001
0 0.44707729374999994 0.9198294390624999 0.45392730312499996 0.9251064843749999 0.463288984375 0.9299776015625 0.4715089953125 0.9279479687500001 0.47379233125000003 0.9202353656250001 0.5000507015625 0.7314795453125 0.499594034375 0.7221432359375 0.49708236406250006 0.7136187796875 0.49251569218749996 0.7095595140625 0.4872640171875 0.7063121031249999 0.481784009375 0.7038765437500001 0.47676066875 0.7038765437500001 0.474020665625 0.7042824703125 0.46785565625 0.7416277078125 0.44753396093750003 0.8865434671875001 0.445250625 0.9023745999999999 0.44547895937500004 0.9129286890625 0.44707729374999994 0.9198294390624999
0 0.41254642031250005 0.24372181718750002 0.42068042187500004 0.24372181718750002 0.4270351109375 0.24055859375000002 0.42830604843750003 0.2342321484375 0.44152380312500006 0.1067994484375 0.4402528640625 0.0964060015625 0.4389819265625 0.08962766562499999 0.4369484265625 0.08465688593750001 0.4321188625 0.0823974421875 0.4260183609375 0.08104177343749999 0.420172046875 0.08058988593750001 0.4163592328125 0.08330121874999999 0.41457992031249996 0.09851180312499999 0.4011079796875 0.2120895859375 0.40263310468749997 0.22880947968749998 0.40415822968750004 0.24055859375000002 0.41254642031250005 0.24372181718750002
0 0.4378974828125 0.08481943125 0.43982909843750007 0.0752042734375 0.4419538765625 0.0635287234375 0.454509384375 0.0041207828124999995 0.454509384375 0.0003433984375 0.42611462031249997 0.000686796875 0.41375227499999995 0.056660753125 0.4131727890625 0.06764950625 0.4141385984375 0.08928361093750001 0.4378974828125 0.08481943125
3 0.17265625 0.17578125 0.04375 0.05078125
3 0.3328125 0.29765625 0.04375 0.05703125
3 0.73125 0.84921875 0.08046875 0.084375
3 0.4578125 0.603125 0.0328125 0.13359375
2 0.22265625 0.23359375 0.03125 0.03828125
2 0.221875 0.2 0.02890625 0.03828125
2 0.30234375 0.24296875 0.0296875 0.0375
2 0.265625 0.22265625 0.03046875 0.040625
2 0.25546875 0.18828125 0.03125 0.0359375
2 0.36328125 0.27578125 0.028125 0.04140625
2 0.4140625 0.30625 0.02890625 0.04296875
2 0.53359375 0.50546875 0.021875 0.06015625
2 0.49140625 0.6125 0.01796875 0.059375
2 0.50390625 0.67421875 0.01640625 0.059375
2 0.453125 0.78125 0.01953125 0.05859375
1 0.04609375 0.2 0.0515625 0.0640625
1 0.11796875 0.175 0.05234375 0.07109375
1 0.18984375 0.1515625 0.0515625 0.05703125
1 0.1234375 0.14140625 0.04453125 0.05546875
1 0.13828125 0.26171875 0.05 0.06328125
1 0.203125 0.30546875 0.05 0.053125
1 0.2703125 0.26875 0.04921875 0.05390625
1 0.27734375 0.34453125 0.053125 0.0546875
1 0.1734375 0.4234375 0.05234375 0.05703125
1 0.40546875 0.3984375 0.03984375 0.084375
1 0.52734375 0.23671875 0.0296875 0.0875
1 0.69453125 0.74140625 0.06796875 0.06953125
1 0.68984375 0.675 0.05625 0.05703125
1 0.81875 0.775 0.065625 0.06171875
1 0.8796875 0.85 0.06015625 0.04921875
2 0.79609375 0.84765625 0.03671875 0.04609375
2 0.74765625 0.78125 0.0375 0.0609375
2 0.6859375 0.78203125 0.0359375 0.04609375
2 0.721875 0.79921875 0.034375 0.03828125
2 0.74921875 0.64453125 0.03359375 0.04296875
2 0.82109375 0.728125 0.0375 0.03828125
1 0.84453125 0.690625 0.059375 0.06796875