0 0.24886945312500003 0.7503736671875 0.261405575 0.7431887546875 0.2649847609375 0.7398815578125 0.2675345734375 0.733450753125 0.263944065625 0.7258394390625 0.25912643125 0.7206033171875 0.2511497015625 0.7143194125 0.2455496125 0.7137461109375 0.236599303125 0.7154858749999999 0.053225673437499996 0.80383440625 0.059975278124999996 0.8124935000000001 0.063298984375 0.8187322343749999 0.0775872765625 0.8292496515625001 0.08489699843750001 0.8321021078124999 0.2344325703125 0.75864026875 0.24886945312500003 0.7503736671875
0 0.3021198515625 0.563468071875 0.3019949921875 0.5606864390624999 0.301031475 0.555729575 0.2975761984375 0.550789409375 0.293363328125 0.5462303296875 0.2884804578125 0.5425029593749999 0.2795841140625 0.5416601578125 0.2702805453125 0.5430009375 0.0889941390625 0.6051293375 0.0818189046875 0.6088623140625 0.081392096875 0.61736298125 0.0879960765625 0.6256661296875 0.0945189921875 0.6314129578125 0.10163737343749998 0.631666059375 0.11209922812499999 0.6298663062500001 0.127288353125 0.6245755875000001 0.26643845 0.5767171125 0.3021198515625 0.563468071875
0 0.9261572812500001 0.5012156875 0.9281023421875 0.49693309531249996 0.9265349078125 0.49125085312500005 0.9240265875 0.4854912015625 0.9208699156250001 0.48115907968749994 0.9155731625 0.48010625781250005 0.9086384171875 0.48015273125 0.898135153125 0.48089285468750004 0.7748801859375 0.5183868375 0.768879059375 0.5208548421875 0.7669754859375 0.52773238125 0.7685356515625 0.5357587421875001 0.7732670265625 0.543428984375 0.785157240625 0.5426795671875 0.8019541640625001 0.5409763796875 0.91148403125 0.5058899859375 0.9261572812500001 0.5012156875
0 1 0.451855478125 0.9992393546875 0.4479422984375 0.99699966875 0.44837765 0.9407656765624999 0.4721659015625 0.9296481609375 0.4765028078125 0.92052743125 0.4802537703125 0.9206779328125 0.504554809375 0.942218446875 0.5013567921875001 0.9529544171875 0.49867650937499997 1 0.47826917187499995 1 0.451855478125
3 0.88125 0.759375 0.059375 0.053125
3 0.73125 0.62421875 0.0640625 0.053125
3 0.11015625 0.3375 0.0984375 0.0953125
3 0.40546875 0.5609375 0.1375 0.0578125
2 0.8140625 0.72109375 0.04375 0.0375
2 0.8484375 0.715625 0.04375 0.0359375
2 0.790625 0.64375 0.0421875 0.0359375
2 0.81796875 0.6765625 0.0453125 0.0390625
2 0.853125 0.6796875 0.040625 0.0375
2 0.746875 0.590625 0.0453125 0.0359375
2 0.70625 0.54609375 0.0484375 0.0359375
2 0.4875 0.46640625 0.0625 0.0328125
2 0.3890625 0.52890625 0.0625 0.0296875
2 0.3265625 0.528125 0.0609375 0.0265625
2 0.2296875 0.5984375 0.0625 0.0296875
1 0.88203125 0.8890625 0.0734375 0.0625
1 0.89296875 0.8125 0.08125 0.065625
1 0.90234375 0.7375 0.065625 0.0609375
1 0.92578125 0.80078125 0.0640625 0.0546875
1 0.80390625 0.81015625 0.071875 0.0609375
1 0.74765625 0.7546875 0.0609375 0.059375
1 0.77109375 0.68046875 0.0609375 0.059375
1 0.69453125 0.68828125 0.0640625 0.0625
1 0.63671875 0.80703125 0.065625 0.0625
1 0.61640625 0.571875 0.090625 0.05625
1 0.75390625 0.42109375 0.0921875 0.0453125
1 0.2234375 0.353125 0.0828125 0.08125
1 0.28984375 0.3453125 0.0671875 0.065625
1 0.16640625 0.23671875 0.0734375 0.0765625
1 0.08046875 0.19140625 0.0609375 0.0671875
2 0.0984375 0.2734375 0.053125 0.0453125
2 0.1734375 0.30859375 0.0671875 0.0484375
2 0.18515625 0.36953125 0.053125 0.04375
2 0.1609375 0.3375 0.04375 0.040625
2 0.30859375 0.28125 0.05 0.0421875
2 0.21171875 0.22578125 0.04375 0.04375
1 0.24453125 0.19453125 0.078125 0.071875