0 0.7158799734375 0.658193425 0.700623021875 0.6572054671875 0.6789990968749999 0.6610183484375 0.6599750703125 0.6684187828125 0.6868405875 0.7835900296875 0.7066613375 0.791865240625 0.727076165625 0.7886333734375001 0.74953178125 0.7820991234375 0.7508806640625 0.7748727546875 0.7498113578125001 0.7688084140625 0.7299767453125 0.6674779296875 0.7158799734375 0.658193425
0 0.7507338 0.8521402328125 0.7291028828125 0.8596325171875 0.75129978125 0.955764846875 0.7628773328125 0.9613609390625 0.8124688093750001 0.9526166234375 0.8115937671875001 0.9443977546875001 0.7945826765625 0.8627993453125 0.7768097078125 0.847542346875 0.7507338 0.8521402328125
0 0.40356104375 0.752876296875 0.3756107609375 0.7588430171875 0.35501304375 0.76801271875 0.40223241718749997 0.885324815625 0.4158129625 0.8853529734375 0.43604238906250004 0.8810937578125 0.45616001875 0.872700928125 0.45796857500000004 0.86545981875 0.4141952890625 0.7606922875000001 0.40356104375 0.752876296875
3 0.6039142859375 0.7354174140625 0.6235080765625 0.8120714109374999 0.6344029203125 0.815263690625 0.63479154375 0.8278080578125 0.642797503125 0.8318506140625 0.658945459375 0.8303668500000001 0.668071996875 0.8338709296875001 0.683222446875 0.83017683125 0.686065996875 0.8221758781249999 0.6921482078125 0.8153083078125001 0.685036125 0.8059948015625 0.682885675 0.7903522015625 0.6780795203125 0.77688231875 0.6751582671875 0.76376185625 0.6693481296875 0.7514916703125001 0.6768359109375 0.7491487046875 0.670799071875 0.7321460453124999 0.657973996875 0.721453671875 0.6279710546875 0.7270848875 0.6039142859375 0.7354174140625
3 0.9171045921875001 0.3121754046875 0.8988558953125001 0.312590434375 0.8783941578125001 0.316198390625 0.87429351875 0.3212812109375 0.87454795 0.3290216453125 0.87835863125 0.3348893703125 0.9070512125000001 0.33387844843750003 0.933643184375 0.333549334375 0.9680518062499999 0.327170753125 0.9678210593750001 0.306969665625 0.92168451875 0.3098107796875 0.9171045921875001 0.3121754046875
2 0.778125 0.796875 0.040625 0.0421875
2 0.78515625 0.7578125 0.05 0.04375
2 0.81796875 0.7453125 0.0390625 0.040625
2 0.746875 0.66484375 0.0390625 0.0390625
2 0.275 0.8046875 0.04375 0.04375
2 0.02109375 0.5375 0.0421875 0.028125
2 0.27578125 0.04140625 0.034375 0.0234375
1 0.56640625 0.953125 0.071875 0.071875
1 0.71015625 0.9390625 0.071875 0.071875
1 0.6890625 0.8765625 0.078125 0.0671875
1 0.73515625 0.8203125 0.0578125 0.065625
1 0.58359375 0.70234375 0.0625 0.0640625
1 0.159375 0.8765625 0.1359375 0.084375
1 0.1625 0.946875 0.115625 0.0671875
1 0.36796875 0.49921875 0.0625 0.0703125
3 0.32421875 0.3703125 0.059375 0.0640625
1 0.4140625 0.28828125 0.0765625 0.0765625
1 0.32421875 0.27578125 0.0578125 0.0703125
1 0.26171875 0.23984375 0.0703125 0.078125
1 0.29375 0.0890625 0.05625 0.078125
1 0.3484375 0.065625 0.0609375 0.078125
1 0.23359375 0.07578125 0.0625 0.0796875
1 0.3625 0.17734375 0.0609375 0.0734375
1 0.940625 0.29609375 0.065625 0.0375
1 0.95234375 0.3515625 0.0625 0.0390625
1 0.528125 0.3734375 0.09375 0.0703125