0 0.288421078125 0.8382002156249999 0.2983306625 0.844227096875 0.3051109046875 0.842372671875 0.3408375671875 0.6652750609375 0.3408375671875 0.653684903125 0.336665109375 0.6467308078125 0.324669296875 0.6407039265625001 0.3181498328125 0.6407039265625001 0.3111088125 0.6411675328124999 0.3051109046875 0.662029815625 0.2985914421875 0.6940186515625 0.273295921875 0.8117746562500001 0.27381747968750003 0.81872875 0.2798153859375 0.8326369390625 0.288421078125 0.8382002156249999
0 0.2804044515625 1 0.31536459375 0.8675473171875 0.31536459375 0.8598319765625 0.309336984375 0.8508307437499999 0.2987283890625 0.8431154031249999 0.2919774640625 0.8422581421875 0.284503228125 0.8448299234375 0.27847561718749997 0.8576888265625 0.23917559531250002 1 0.2804044515625 1
0 0.575986615625 0 0.5565687984375 0.1043644890625 0.5525046046875 0.1434369484375 0.5522788171874999 0.1546762015625 0.5678582265625 0.1631056421875 0.5784702890625 0.1627042390625 0.6026296656250001 0.0226149828125 0.6024038765624999 0 0.575986615625 0
2 0.54296875 0.1234375 0.0171875 0.053125
2 0.04921875 0.37890625 0.0328125 0.04609375
2 0.0515625 0.425 0.03359375 0.05390625
2 0.1875 0.4453125 0.03125 0.046875
2 0.2203125 0.059375 0.0296875 0.03828125
2 0.11953125 0.0375 0.03203125 0.0390625
2 0.55078125 0.67421875 0.03359375 0.0484375
2 0.5578125 0.43125 0.03125 0.0390625
2 0.94921875 0.51328125 0.0328125 0.0484375
2 0.31640625 0.52734375 0.0296875 0.0453125
3 0.525 0.378125 0.05390625 0.06328125
3 0.01796875 0.15390625 0.0359375 0.06484375
1 0.03203125 0.28984375 0.04609375 0.05546875
1 0.0265625 0.23828125 0.05 0.05859375
1 0.10390625 0.3453125 0.053125 0.059375
1 0.1046875 0.3921875 0.0546875 0.06640625
1 0.2453125 0.39453125 0.05 0.05546875
1 0.2578125 0.4484375 0.04609375 0.053125
1 0.3421875 0.45 0.05234375 0.0546875
1 0.36953125 0.50859375 0.0515625 0.05625
1 0.3921875 0.57578125 0.05390625 0.059375
1 0.4390625 0.48984375 0.05390625 0.05546875
1 0.425 0.37890625 0.05234375 0.05625
1 0.4125 0.3265625 0.05390625 0.05625
1 0.47265625 0.3140625 0.05 0.0546875
1 0.590625 0.3828125 0.05390625 0.05859375
1 0.52578125 0.5765625 0.05703125 0.059375
1 0.57734375 0.55078125 0.05546875 0.06171875
1 0.6359375 0.63671875 0.05546875 0.06171875
1 0.71171875 0.62421875 0.0609375 0.0640625
1 0.790625 0.55078125 0.05546875 0.06484375
1 0.884375 0.578125 0.0546875 0.075
1 0.8859375 0.734375 0.06484375 0.075
1 0.86875 0.81875 0.05859375 0.0578125
1 0.3140625 0.2234375 0.04765625 0.05625
1 0.325 0.27265625 0.05234375 0.06328125
1 0.3984375 0.2734375 0.05078125 0.05625
1 0.17421875 0.2625 0.04921875 0.053125
1 0.18203125 0.35234375 0.04765625 0.05234375