0 0.188151725 0.3736666890625 0.1887167453125 0.39325405625 0.200299659375 0.4113347015625 0.30652345625 0.413845903125 0.3087835375 0.398778696875 0.309066046875 0.37316444843749996 0.304263375 0.362115165625 0.29494054062499997 0.35106588125 0.2034072703125 0.35257260156250003 0.1946494578125 0.35257260156250003 0.189564275 0.35809724374999996 0.188151725 0.3736666890625
3 0.195929940625 0.4145062828125 0.1940368984375 0.42011529999999997 0.1754219765625 0.41394538125 0.1624861828125 0.41170177499999994 0.14639531875 0.4145062828125 0.1404006828125 0.40889726875 0.1337750328125 0.40833636562500003 0.1309354671875 0.41394538125 0.1274648890625 0.4145062828125 0.121470253125 0.42011529999999997 0.1208392390625 0.43077243125000003 0.1230477890625 0.438625053125 0.12494083125 0.4470385765625 0.1321974953125 0.4593784109375 0.14260923125 0.4599393140625 0.14891937500000002 0.467231034375 0.21990848437500002 0.47452275625 0.224325584375 0.45152578906249996 0.224325584375 0.42740702031250005 0.2236945703125 0.421237103125 0.21107428281249999 0.4156280859375 0.195929940625 0.4145062828125
3 0.568667678125 0.15884393125000001 0.57644975 0.16089353125 0.582214246875 0.15833153125 0.5859611703125001 0.1485959359375 0.583367146875 0.11990154687500001 0.583943596875 0.11375275 0.5784673234375 0.07481036875 0.56002093125 0.078909565625 0.56002093125 0.10196755625000001 0.568667678125 0.15884393125000001
2 0.11953125 0.34453125 0.03671875 0.03671875
2 0.18203125 0.325 0.0328125 0.0421875
2 0.29609375 0.3375 0.03046875 0.0296875
2 0.43046875 0.10390625 0.015625 0.05078125
2 0.4265625 0.5328125 0.025 0.0578125
2 0.84375 0.75625 0.03828125 0.03046875
2 0.68671875 0.45859375 0.028125 0.046875
2 0.69609375 0.5078125 0.03125 0.04765625
1 0.28203125 0.48671875 0.05234375 0.0421875
1 0.0875 0.41953125 0.0578125 0.046875
1 0.25078125 0.32265625 0.05546875 0.04140625
2 0.4875 0.37109375 0.01953125 0.053125
1 0.4640625 0.36953125 0.0296875 0.09140625
1 0.51015625 0.35078125 0.03515625 0.090625
1 0.4375 0.24375 0.028125 0.084375
1 0.48125 0.14140625 0.0265625 0.0859375
1 0.50859375 0.60078125 0.02890625 0.09765625
1 0.54140625 0.08125 0.0265625 0.08515625
1 0.59375 0.0828125 0.02578125 0.0890625
1 0.8375 0.4171875 0.053125 0.04375
1 0.86796875 0.671875 0.0578125 0.04375
1 0.934375 0.73671875 0.05859375 0.03984375
1 0.94296875 0.6890625 0.06875 0.05078125
1 0.5484375 0.871875 0.03515625 0.11796875
1 0.59140625 0.7546875 0.03203125 0.09921875
1 0.19921875 0.8984375 0.0515625 0.11484375
1 0.92890625 0.58359375 0.059375 0.04375
1 0.9234375 0.63828125 0.06171875 0.0390625
1 0.87265625 0.71953125 0.059375 0.04609375
1 0.45703125 0.16875 0.0265625 0.08125