0 0.190377921875 0.361916871875 0.19096460312500002 0.3770402 0.20005815624999998 0.392163528125 0.3083007640625 0.39789996250000004 0.3106474875 0.3832981296875 0.31152750937499996 0.35930940312500004 0.3071274046875 0.34522906249999996 0.29627380937500003 0.3353206765625 0.206804984375 0.33584216875 0.19565805 0.33584216875 0.1918446234375 0.3421000984375 0.190377921875 0.361916871875
0 0.0238460328125 0.34656235468749996 0.029211390625 0.3566306796875 0.0363652015625 0.36510926875 0.125191675 0.36616909375 0.12847050625 0.34550253125 0.12847050625 0.32536587968749997 0.113268659375 0.310528346875 0.0369613515625 0.3089386125 0.0277210140625 0.3078787890625 0.0250383359375 0.31953684843749997 0.0238460328125 0.34656235468749996
3 0.69515830625 0.61477694375 0.6959739 0.6249265640624999 0.7005956015625 0.62589319375 0.7068484921875 0.6254098796875 0.7473563484375 0.62782645625 0.74681261875 0.59206113125 0.711742059375 0.59206113125 0.698692546875 0.5930277609375 0.695702034375 0.6002774890625 0.69515830625 0.61477694375
3 0.5728469390625001 0.1483003203125 0.5803297 0.15076378125 0.586149625 0.1473149359375 0.588643878125 0.14041724687499998 0.5889210171875 0.12809994375 0.5864267640625 0.1098703375 0.587535321875 0.10247995624999999 0.5831010937500001 0.06355728125 0.5653641781250001 0.06897689375 0.564532759375 0.08917726875000001 0.5728469390625001 0.1483003203125
2 0.2484375 0.76640625 0.03515625 0.0328125
2 0.17421875 0.3140625 0.034375 0.03515625
2 0.2078125 0.3015625 0.0328125 0.03515625
2 0.29765625 0.321875 0.03125 0.03203125
2 0.21328125 0.26953125 0.03203125 0.02890625
2 0.50390625 0.36328125 0.02265625 0.053125
2 0.6015625 0.71796875 0.0328125 0.0296875
1 0.21875 0.590625 0.0546875 0.04765625
2 0.52890625 0.9609375 0.01796875 0.0640625
3 0.232816915625 0.398405865625 0.23145541249999999 0.40276267343749994 0.208037571875 0.399858134375 0.1990516546875 0.39646950625 0.18162442343750002 0.39888995625 0.17018780312499998 0.391628609375 0.1674647984375 0.3993740453125 0.16338029062499998 0.4013104046875 0.1587511828125 0.40857175 0.159295784375 0.419705815625 0.163107990625 0.42599898124999996 0.1655586953125 0.43858531562499997 0.17046010312499998 0.44052167343750004 0.1745446109375 0.44875119999999996 0.17726761562499999 0.44729893125000003 0.1865258328125 0.453592096875 0.236084521875 0.45843299374999996 0.25650705625 0.4603693546875 0.260863865625 0.43519668749999996 0.2614084671875 0.41196037968750004 0.25759625937499997 0.40518312187500005 0.24888264375000002 0.399858134375 0.232816915625 0.398405865625
1 0.05703125 0.4 0.05625 0.05625
1 0.115625 0.4015625 0.05390625 0.04453125
1 0.159375 0.359375 0.053125 0.04453125
1 0.290625 0.47109375 0.05 0.04296875
1 0.19921875 0.8796875 0.05078125 0.1171875
1 0.13828125 0.890625 0.0453125 0.09765625
1 0.1078125 0.81484375 0.05078125 0.09296875
1 0.253125 0.30625 0.0546875 0.03984375
1 0.68515625 0.65546875 0.05625 0.040625
1 0.85390625 0.66484375 0.05859375 0.046875
1 0.915625 0.63203125 0.05859375 0.0421875
1 0.93984375 0.75 0.06171875 0.075
1 0.8875 0.56640625 0.0640625 0.0421875
1 0.821875 0.584375 0.06171875 0.0453125
1 0.5015625 0.23515625 0.034375 0.084375
1 0.5453125 0.07109375 0.02421875 0.08671875
1 0.59609375 0.0734375 0.02421875 0.0875
1 0.6203125 0.54140625 0.05859375 0.07890625
1 0.07421875 0.921875 0.06796875 0.078125
1 0.47578125 0.0625 0.0234375 0.08125