0 0.49322251093749997 0.5697008359375 0.5022494609375 0.5697008359375 0.5308348015625 0.40833017656250004 0.5308348015625 0.37757168124999996 0.5275750703125001 0.373113928125 0.5082674265625 0.363306871875 0.5052584437500001 0.363306871875 0.5022494609375 0.3762343546875 0.4756701078125 0.522002878125 0.47416561562500004 0.559002228125 0.48269106875 0.5652430828125 0.49322251093749997 0.5697008359375
0 0.3913049703125 0.43422425625 0.399995553125 0.432191371875 0.4260673046875 0.28582364375 0.4246951078125 0.27809868125000003 0.42240811093749997 0.2695605640625 0.419892415625 0.26468163906250003 0.413717528125 0.26142902343749996 0.4075426390625 0.2593961375 0.40251124843749997 0.2577698296875 0.39885205625000003 0.2602092921875 0.396565059375 0.276065796875 0.37232290468749996 0.40413755625 0.3759820984375 0.426092715625 0.38375788437499997 0.4313782171875 0.3913049703125 0.43422425625
0 0.41600452343749994 0.2622421765625 0.43384309062500004 0.130104646875 0.4315560953125 0.11424814218749998 0.424009009375 0.1097757953125 0.41669062187500006 0.10774291093749999 0.4086861375 0.1061166015625 0.40685654062500004 0.12075337500000001 0.39039017187499997 0.22890286249999997 0.39107627031250003 0.2398804421875 0.3929058671875 0.258582984375 0.41600452343749994 0.2622421765625
3 0.0609375 0.0984375 0.04140625 0.06015625
3 0.2921875 0.278125 0.04453125 0.053125
3 0.521875 0.26015625 0.021875 0.0703125
3 0.92890625 0.753125 0.0828125 0.08671875
2 0.1359375 0.1203125 0.03046875 0.04296875
2 0.1 0.1734375 0.03046875 0.0453125
2 0.1890625 0.1859375 0.03046875 0.04140625
2 0.2546875 0.19453125 0.03046875 0.04140625
2 0.278125 0.23359375 0.02890625 0.03671875
2 0.315625 0.240625 0.03046875 0.0375
2 0.35234375 0.26171875 0.02890625 0.0390625
2 0.50234375 0.340625 0.01796875 0.0546875
2 0.7859375 0.80078125 0.03671875 0.0359375
2 0.88125 0.89609375 0.0390625 0.0453125
2 0.903125 0.87109375 0.0390625 0.0453125
2 0.59453125 0.04453125 0.01796875 0.05
1 0.046875 0.2046875 0.0484375 0.0640625
1 0.23125 0.2515625 0.04921875 0.05234375
1 0.19140625 0.30390625 0.04921875 0.05546875
1 0.3921875 0.484375 0.04921875 0.08359375
1 0.47421875 0.26015625 0.03046875 0.08125
1 0.496875 0.1171875 0.02734375 0.07734375
1 0.54375 0.09921875 0.02421875 0.0765625
1 0.6921875 0.6765625 0.0546875 0.05390625
1 0.7 0.7453125 0.06796875 0.06796875
1 0.78046875 0.71953125 0.05859375 0.059375
1 0.8296875 0.30625 0.05078125 0.08203125
1 0.35625 0.3046875 0.0484375 0.05859375