0 0.1949844328125 0.3391887375 0.1976508703125 0.3337151859375 0.2002881828125 0.329075615625 0.20100591875 0.3226990125 0.191892775 0.3143091078125 0.15076616874999998 0.301182934375 0.008153278125 0.2577931109375 0.0066652453125 0.300404821875 0.1713857984375 0.34866298906250004 0.180761053125 0.349547046875 0.18727635468749998 0.347269565625 0.1949844328125 0.3391887375
0 0.1376102328125 0.474538390625 0.14385018125 0.46313475625 0.1441409671875 0.45480772031249994 0.1129000703125 0.44866392031249996 0.00216459375 0.42928659687500004 0.0006752484375 0.47193589375 0.108304425 0.4901893890625 0.12410991874999999 0.48796226562499995 0.1305078984375 0.484901340625 0.1376102328125 0.474538390625
0 0.6858034156249999 0.5588923390625 0.53727238125 0.5325673328125 0.51387625 0.5296365046875 0.49878181250000003 0.5312232125 0.4890832875 0.5440959000000001 0.48735254375 0.5532834171875 0.5054470703125 0.5599925203125 0.6727908546875 0.5859175734375001 0.6883639031250001 0.58408335 0.6958011390625 0.5729812875 0.6970256234375001 0.5648329999999999 0.6962342796875001 0.560577728125 0.6858034156249999 0.5588923390625
0 0.8525356921875 0.44962564687500006 0.849714996875 0.44686195624999997 0.8388388578124999 0.4450470484375 0.7145166890625 0.423484390625 0.70069829375 0.42238679843750004 0.6765534093750001 0.4246188609375 0.6719040609375 0.4324520734375 0.6701397609375 0.44120609375 0.674145559375 0.45180172812499997 0.8257617625 0.4749325578125 0.8374592734374999 0.47411095468750003 0.8459432796874999 0.47133200468750003 0.8497569578125 0.4665448296875 0.851557009375 0.456766984375 0.8525356921875 0.44962564687500006
0 0.8424411624999999 0.440047478125 0.8397415546874999 0.4442585140625 0.8502024921875 0.46840551875 0.9723608734375 0.48927757187500004 0.9899142890625001 0.487840403125 0.9934281171875 0.48119762499999996 0.997084953125 0.470459546875 0.9973066203125001 0.464111834375 0.981935771875 0.461524925 0.876348115625 0.44020646250000006 0.8424411624999999 0.440047478125
3 0.83984375 0.18984375 0.0578125 0.0484375
3 0.72734375 0.321875 0.0609375 0.0484375
3 0.70703125 0.5140625 0.1359375 0.0375
3 0.19296875 0.8828125 0.096875 0.0890625
2 0.08125 0.8796875 0.0453125 0.0421875
3 0.26015625 0.4890625 0.0984375 0.034375
2 0.18125 0.46328125 0.0671875 0.0265625
2 0.17421875 0.51328125 0.065625 0.0234375
2 0.753125 0.57890625 0.05625 0.0203125
2 0.88515625 0.58828125 0.0578125 0.0203125
2 0.96328125 0.6375 0.059375 0.0203125
2 0.77890625 0.303125 0.0421875 0.0328125
2 0.76171875 0.3515625 0.046875 0.03125
1 0.94296875 0.0640625 0.0640625 0.0484375
1 0.8515625 0.125 0.078125 0.059375
1 0.89765625 0.15390625 0.059375 0.0546875
1 0.815625 0.06015625 0.0671875 0.0546875
1 0.7484375 0.1546875 0.0640625 0.0546875
2 0.7859375 0.22265625 0.0421875 0.0359375
2 0.82421875 0.2796875 0.0421875 0.0359375
2 0.98203125 0.378125 0.0359375 0.03125
1 0.53203125 0.34921875 0.0484375 0.0609375
1 0.56171875 0.4296875 0.0953125 0.0609375
1 0.2171875 0.73046875 0.0765625 0.075
1 0.28984375 0.72890625 0.059375 0.0609375
1 0.1265625 0.953125 0.075 0.071875
1 0.70546875 0.209375 0.059375 0.0546875