0 0.1900845828125 0.3640028484375 0.1906712625 0.37756169375000004 0.19976481562499998 0.3916420328125 0.3071274046875 0.40102892656250005 0.3106474875 0.38381962187499996 0.31152750937499996 0.360352390625 0.3068340625 0.3473150390625 0.29627380937500003 0.3368851578125 0.2103250703125 0.33584216875 0.1947780296875 0.3368851578125 0.19096460312500002 0.34575055625 0.1900845828125 0.3640028484375
0 0.017307084375 0.349401015625 0.02962738125 0.3671318125 0.11938954375 0.36869629531250003 0.1223229484375 0.34992250937499997 0.12320297031250001 0.32958424218750004 0.115869459375 0.3201973484375 0.10677590625 0.313417925 0.051334571875 0.31133194999999997 0.0220005296875 0.30924597343750004 0.018773785937500002 0.32489079374999996 0.017307084375 0.349401015625
3 0.23223604375 0.40057645781250006 0.2316831015625 0.4064745171875 0.20597125468750002 0.40155946875000004 0.19601828125 0.3981189328125 0.1816417625 0.40155946875000004 0.171135846875 0.393695390625 0.166988775 0.40155946875000004 0.1636711171875 0.402542478125 0.1592475734375 0.4094235453125 0.1584181578125 0.4182706328125 0.1620122890625 0.424168690625 0.164224059375 0.43793082656250004 0.168924075 0.43989684531249995 0.17528291875 0.44972694375 0.180535878125 0.44726941875000004 0.1871711921875 0.4570995171875 0.25573612031250004 0.46054005 0.2601596640625 0.44235437031249997 0.26071260625 0.413355584375 0.25684200625 0.4064745171875 0.247718446875 0.402542478125 0.23223604375 0.40057645781250006
3 0.563049678125 0.0907523859375 0.5712538546875 0.1474726265625 0.577938740625 0.1528745546875 0.584927484375 0.149633396875 0.588269928125 0.1426108921875 0.5873583531250001 0.1242443375 0.5855352015624999 0.1112797109375 0.5870544953125 0.10371701250000001 0.5818889015625001 0.0669839046875 0.5818889015625001 0.06590351875 0.563049678125 0.0680642890625 0.563049678125 0.0907523859375
3 0.85859375 0.61328125 0.053125 0.03984375
2 0.91328125 0.721875 0.0390625 0.0296875
2 0.8125 0.69921875 0.0359375 0.034375
2 0.2484375 0.76796875 0.03203125 0.03203125
2 0.36640625 0.66171875 0.0296875 0.0359375
2 0.17421875 0.31640625 0.03359375 0.0359375
2 0.2078125 0.30390625 0.03203125 0.0375
2 0.21328125 0.2703125 0.03203125 0.0265625
2 0.2984375 0.3234375 0.03125 0.0328125
1 0.115625 0.40546875 0.05546875 0.04453125
1 0.159375 0.3609375 0.05234375 0.040625
1 0.253125 0.30703125 0.05390625 0.0390625
1 0.2640625 0.60859375 0.0546875 0.046875
1 0.19921875 0.8828125 0.05 0.115625
1 0.1078125 0.8125 0.04921875 0.09609375
1 0.71796875 0.69296875 0.05625 0.04140625
1 0.81015625 0.65390625 0.065625 0.05625
1 0.88828125 0.67421875 0.05859375 0.04453125
1 0.94765625 0.61015625 0.0671875 0.0484375
1 0.80703125 0.56484375 0.053125 0.03671875
1 0.62421875 0.51015625 0.0515625 0.078125
1 0.559375 0.40234375 0.04765625 0.08203125
1 0.4875 0.24140625 0.02890625 0.0859375
1 0.5453125 0.0734375 0.025 0.0890625
1 0.59609375 0.07421875 0.02421875 0.0875
1 0.290625 0.47265625 0.04921875 0.0421875
2 0.52890625 0.96328125 0.01875 0.06484375
1 0.7359375 0.56640625 0.05546875 0.04765625