0 0.29975771875 0.8461322984375 0.30740814843750003 0.849017309375 0.310421953125 0.8486051640625 0.34496479999999996 0.6709709609375001 0.34566029375 0.66314021875 0.3445011375 0.65860663125 0.33986451406249996 0.6544851875 0.3305912671875 0.6483030234375 0.32363633125 0.6466544453124999 0.3183042140625 0.647890878125 0.31459491562499997 0.6499516 0.30949462968749997 0.67220739375 0.27912474375 0.822640071875 0.2816748875 0.8321193921875001 0.2870070046875 0.8411865671875001 0.29975771875 0.8461322984375
0 0.2879989390625 1 0.320021484375 0.8760534312500001 0.32042941406250003 0.8695265421875 0.316554075 0.8633622593749999 0.3118628734375 0.856835371875 0.30594788125 0.8539345328125 0.30166461093749997 0.8510336921875 0.2969734109375 0.8510336921875 0.28922273125000003 0.8528467171875 0.2859592875 0.8579231859374999 0.285143425 0.8637248640624999 0.2484296796875 1 0.2879989390625 1
0 0.4902597 0.6494495375 0.49208222656249995 0.6562896375 0.49511977187499995 0.6595296859374999 0.5973837734375 0.70093029375 0.5983962875 0.68473005625 0.60264885 0.6440494578125 0.5084849671875 0.6048088828125 0.5009923578125 0.601208828125 0.4967397953125 0.6076889234375 0.4902597 0.6494495375
0 0.7118929421875 0.44399158906249997 0.7145093203124999 0.4499114765625 0.8108396390625 0.48796789843750005 0.8144074281250001 0.48669935156250005 0.8179752171875 0.467248290625 0.8196401859375 0.4558313640625 0.82082945 0.4376488515625 0.8196401859375 0.43003756718749997 0.736629615625 0.3949410890625 0.7225963109375 0.3907125984375 0.715222878125 0.40551231718749997 0.7118929421875 0.44399158906249997
0 0.5774087515625 0 0.5585925265625 0.10357740156249999 0.553151690625 0.153149465625 0.5581391234375 0.1595978640625 0.56675378125 0.1640311390625 0.5740082296875 0.16685231250000002 0.5803558718749999 0.1604039140625 0.603026021875 0.0221663703125 0.60234591875 0 0.5774087515625 0
3 0.5515625 0.06796875 0.025 0.0640625
3 0.30078125 0.24453125 0.0828125 0.08125
3 0.4 0.5671875 0.053125 0.0546875
3 0.603125 0.41484375 0.03984375 0.0578125
2 0.03671875 0.31171875 0.0328125 0.04765625
2 0.03359375 0.3578125 0.03359375 0.04609375
2 0.2265625 0.515625 0.03203125 0.046875
2 0.25234375 0.4984375 0.03125 0.04765625
2 0.40078125 0.6125 0.034375 0.040625
3 0.39921875 0.371875 0.0421875 0.0578125
2 0.8015625 0.7484375 0.0359375 0.04140625
2 0.6390625 0.6546875 0.03359375 0.03828125
2 0.37421875 0.9390625 0.02734375 0.0640625
2 0.31328125 0.95625 0.0265625 0.07109375
2 0.33359375 0.85703125 0.02421875 0.06796875
2 0.378125 0.83984375 0.0234375 0.0625
2 0.54375 0.125 0.01640625 0.05390625
1 0.50234375 0.1203125 0.02890625 0.07890625
1 0.515625 0.0421875 0.02734375 0.071875
1 0.07421875 0.2859375 0.05078125 0.05703125
1 0.09375 0.35078125 0.0546875 0.0671875
1 0.14140625 0.32890625 0.0515625 0.05859375
1 0.1875 0.38984375 0.04921875 0.06328125
1 0.13359375 0.42265625 0.05078125 0.0546875
1 0.34375 0.45078125 0.05625 0.05859375
1 0.42265625 0.46875 0.0546875 0.06171875
1 0.5296875 0.5734375 0.0546875 0.05546875
1 0.628125 0.47890625 0.0515625 0.05703125
1 0.53515625 0.43515625 0.05 0.05390625
1 0.49375 0.50546875 0.053125 0.05390625
1 0.5578125 0.534375 0.05390625 0.05703125
1 0.6078125 0.60078125 0.05390625 0.05234375
1 0.75390625 0.68203125 0.05625 0.05859375
1 0.88828125 0.740625 0.05859375 0.0671875
1 0.83125 0.30078125 0.04921875 0.08125
1 0.72734375 0.19921875 0.04140625 0.078125