0 0.68748928125 0.34428438125 0.68370144375 0.3561567796875 0.6848015890625 0.37906496562499997 0.688994884375 0.395995078125 0.7955404125000001 0.38693800624999997 0.8051010609375 0.3684603140625 0.805218759375 0.3460432390625 0.8024294328125 0.3349341625 0.79769035 0.328162309375 0.7844987984375 0.32862296875 0.6975917 0.3327251171875 0.68748928125 0.34428438125
0 0.8824827671875 0.3208516375 0.883585953125 0.34449545000000004 0.8883288765625 0.3611048125 0.9777940624999999 0.34811297812499997 0.9886081609374999 0.33194711718750003 0.9866906140625 0.3088251265625 0.9836624531249999 0.2936360296875 0.9803017640625 0.29276662343750004 0.9697857765625001 0.29362723125 0.969854609375 0.29559835625 0.8979746671875001 0.303535659375 0.8824827671875 0.3208516375
3 0.7420642234375 0.45338850468749997 0.8111886281249999 0.4477314953125 0.8173960953125 0.442650028125 0.8202820109375001 0.4382250734375 0.82521619375 0.4402148546875 0.8282361078125 0.4309205234375 0.83341740625 0.431280109375 0.8354320390625001 0.4193182734375 0.8378257546875 0.4095052859375 0.8378277890625 0.40085686249999997 0.8348685 0.3944739390625 0.83025684375 0.393013415625 0.8269561734374999 0.38556136875 0.81501661875 0.3919240484375 0.799112490625 0.3892363015625 0.78958346875 0.3949742828125 0.7819350765624999 0.393619803125 0.7651178953125 0.39961229375 0.7636581203125 0.3926364828125 0.7479425171874999 0.39534737343750004 0.7357935484375 0.40441997656249995 0.73764719375 0.431381346875 0.7420642234375 0.45338850468749997
3 0.401156653125 0.116247853125 0.39914715156249997 0.1323120984375 0.3997448421875 0.149427734375 0.4028522609375 0.1556026046875 0.40999215156249996 0.1576381421875 0.416290975 0.15399088125 0.4229634640625 0.0966361875 0.421223709375 0.07441948125 0.40247099531249997 0.071075821875 0.39931298593750003 0.109457634375 0.401156653125 0.116247853125
3 0.103125 0.63125 0.0578125 0.0390625
2 0.05078125 0.7515625 0.040625 0.0328125
2 0.11875 0.7296875 0.0390625 0.0296875
2 0.48671875 0.96640625 0.0203125 0.065625
2 0.5015625 0.69921875 0.034375 0.0359375
2 0.76171875 0.76171875 0.0359375 0.034375
2 0.8203125 0.30703125 0.0359375 0.0390625
2 0.78515625 0.29609375 0.034375 0.0390625
2 0.778125 0.26328125 0.0328125 0.0296875
2 0.69609375 0.3171875 0.0328125 0.0328125
1 0.81328125 0.87421875 0.0578125 0.1203125
1 0.90234375 0.79765625 0.0515625 0.0984375
1 0.88046875 0.39375 0.0578125 0.0484375
1 0.8359375 0.35078125 0.0546875 0.0421875
1 0.740625 0.29921875 0.0546875 0.0390625
1 0.70859375 0.46796875 0.05 0.04375
1 0.93984375 0.3875 0.059375 0.0578125
1 0.571875 0.63984375 0.0578125 0.05
1 0.37109375 0.51015625 0.05625 0.0796875
1 0.3078125 0.60078125 0.059375 0.0703125
1 0.19375 0.58828125 0.0609375 0.0421875
1 0.18671875 0.72578125 0.0578125 0.0484375
1 0.15078125 0.6796875 0.0671875 0.0578125
1 0.071875 0.6984375 0.0609375 0.0453125
1 0.11796875 0.58046875 0.05625 0.040625
1 0.47421875 0.37578125 0.046875 0.0859375
1 0.38984375 0.08125 0.028125 0.0921875
1 0.440625 0.07578125 0.028125 0.0890625
1 0.8734375 0.89765625 0.053125 0.096875