0 0.291289365625 0.8398355140625 0.299434321875 0.8440270703125 0.307579278125 0.8405976140625 0.34380289999999997 0.6561691265625 0.3399447625 0.6474049625 0.3283703515625 0.6397839515625 0.3182963265625 0.637497646875 0.309937028125 0.6397839515625 0.29986300312499997 0.6881773765625 0.273927746875 0.8131619718750001 0.273927746875 0.8204019328125 0.28100099843750004 0.833357653125 0.291289365625 0.8398355140625
0 0.2802432703125 1 0.31440515625 0.8725541921875 0.3155631859375 0.863976190625 0.3155631859375 0.858829390625 0.3062989453125 0.8492220312500001 0.30128081562500003 0.8464770703125 0.292595590625 0.8430458703125 0.28719145 0.84270275 0.2821733203125 0.8433889906250001 0.2719440546875 0.880789071875 0.2383611828125 1 0.2802432703125 1
0 0.5755230250000001 0 0.5565079468749999 0.10291617500000001 0.553550046875 0.1314622671875 0.5516485390625 0.15474986875000002 0.5581981765624999 0.1585059328125 0.5668606015625001 0.1630132109375 0.5774245328125 0.1626376046875 0.57953731875 0.159632753125 0.60341180625 0.018029110937500002 0.603200528125 0 0.5755230250000001 0
3 0.603125 0.42265625 0.0546875 0.06640625
3 0.05859375 0.19296875 0.04765625 0.0609375
2 0.78515625 0.81015625 0.03515625 0.0453125
2 0.47265625 0.6328125 0.0328125 0.04375
2 0.36875 0.93203125 0.0265625 0.065625
2 0.13828125 0.415625 0.03359375 0.04453125
2 0.178125 0.059375 0.03046875 0.03828125
2 0.24765625 0.05390625 0.02890625 0.0390625
1 0.334375 0.03359375 0.0453125 0.046875
1 0.25 0.48515625 0.0328125 0.04609375
2 0.09375 0.41875 0.0328125 0.04375
1 0.07265625 0.36796875 0.05390625 0.06328125
2 0.54296875 0.12265625 0.01640625 0.0515625
1 0.07421875 0.32578125 0.05234375 0.059375
1 0.203125 0.3671875 0.05078125 0.05390625
1 0.21171875 0.41953125 0.046875 0.053125
1 0.284375 0.3296875 0.0515625 0.05
1 0.21796875 0.28671875 0.05078125 0.05390625
1 0.13828125 0.32421875 0.046875 0.053125
1 0.28671875 0.42265625 0.053125 0.05546875
1 0.32734375 0.48828125 0.0515625 0.05234375
1 0.3828125 0.46484375 0.05390625 0.05390625
1 0.4546875 0.53984375 0.05625 0.06015625
1 0.4921875 0.50546875 0.05546875 0.059375
1 0.92578125 0.640625 0.05859375 0.07265625
1 0.78203125 0.66171875 0.06328125 0.0671875
1 0.65625 0.59296875 0.06015625 0.06640625
1 0.5921875 0.66640625 0.06015625 0.0671875
1 0.70546875 0.67421875 0.05546875 0.06015625
1 0.7 0.43515625 0.05546875 0.05390625
1 0.41171875 0.26953125 0.0484375 0.05625
1 0.4109375 0.3171875 0.05234375 0.0640625
1 0.4828125 0.31484375 0.05234375 0.0578125
1 0.48828125 0.36484375 0.0546875 0.0578125
1 0.56328125 0.3578125 0.0515625 0.05546875
1 0.51484375 0.41875 0.05234375 0.059375
1 0.5671875 0.59609375 0.05390625 0.0609375
1 0.74140625 0.53828125 0.05078125 0.05546875
1 0.665625 0.06796875 0.03046875 0.0765625
1 0.5015625 0.11875 0.028125 0.07734375
1 0.34453125 0.55078125 0.05390625 0.05859375
1 0.21875 0.50390625 0.034375 0.04453125