0 0.1556772265625 0.6695292625 0.1565454359375 0.664691284375 0.1564799796875 0.6609413421875 0.1539821796875 0.6542865765625 0.1476795890625 0.6479661578125 0.1418718859375 0.6427088390625 0.135648775 0.640941921875 0.1256629578125 0.641920028125 0.0029982593750000003 0.6761336046875 0.0037671000000000002 0.720180440625 0.1207343984375 0.686483203125 0.13540706875 0.681672203125 0.1524561546875 0.6760159171875 0.1556772265625 0.6695292625
0 0.395365809375 0.47117632187499997 0.396292703125 0.46632341562499996 0.396198375 0.4609193078125 0.3951026796875 0.45610170468750005 0.39195460625 0.449612846875 0.38783495625 0.445417053125 0.3716294109375 0.44427735625000003 0.1650727640625 0.4623929984375 0.1570866625 0.46850717968750005 0.15724056875 0.47732440781249996 0.1598978859375 0.484675371875 0.1660947390625 0.49196455468750006 0.178750821875 0.49259718125 0.19895686562499998 0.49110642968749996 0.37922480468750003 0.473734171875 0.395365809375 0.47117632187499997
0 0.8707755593750001 0.5455855703125 0.8720602953125001 0.540406375 0.8733675265624999 0.536515978125 0.8709638468750001 0.530111971875 0.8681334218750001 0.5255202828125001 0.863946271875 0.5219836296875 0.853824496875 0.519839759375 0.8441789625 0.5187189296875 0.6918684859375 0.537621346875 0.6864775859375001 0.5439035718749999 0.6857410749999999 0.5542299703125 0.6891107265625 0.5634533390625001 0.70842429375 0.5669837984375 0.72218049375 0.567259359375 0.8424456640625 0.5507211640625 0.8707755593750001 0.5455855703125
0 1 0.503221703125 0.9876331703125001 0.5032131703125 0.8692498859375 0.5242530750000001 0.8623171828125 0.550625115625 0.8799065625000001 0.5523973828125001 0.8979170484375001 0.551823096875 1 0.5325274546875 1 0.503221703125
0 0.0796875 0.51875 0.103125 0.0328125
3 0.11640625 0.1328125 0.1203125 0.0890625
3 0.48125 0.49296875 0.146875 0.0390625
3 0.70234375 0.66484375 0.0625 0.05
3 0.82421875 0.81796875 0.059375 0.05
1 0.83671875 0.88671875 0.0828125 0.0578125
1 0.87734375 0.8828125 0.0609375 0.0515625
1 0.85234375 0.796875 0.0609375 0.059375
2 0.76171875 0.775 0.040625 0.034375
2 0.80546875 0.77890625 0.04375 0.0328125
2 0.778125 0.72890625 0.046875 0.034375
2 0.8078125 0.7234375 0.040625 0.034375
2 0.75234375 0.68359375 0.04375 0.0328125
2 0.74453125 0.6484375 0.046875 0.0328125
2 0.7296875 0.6171875 0.040625 0.0328125
2 0.4234375 0.4671875 0.05625 0.0203125
2 0.5734375 0.4484375 0.0609375 0.0203125
2 0.528125 0.43203125 0.0625 0.0203125
2 0.734375 0.38515625 0.065625 0.0203125
2 0.01015625 0.54921875 0.01875 0.028125
2 0.13671875 0.2546875 0.05 0.040625
2 0.11640625 0.21484375 0.0453125 0.040625
2 0.1359375 0.18828125 0.0671875 0.0359375
2 0.26171875 0.1203125 0.05 0.0421875
1 0.6921875 0.94765625 0.0625 0.0546875
1 0.796875 0.95390625 0.071875 0.0578125
1 0.728125 0.853125 0.0703125 0.0578125
1 0.68359375 0.7953125 0.0671875 0.0578125
1 0.7203125 0.7140625 0.0671875 0.0546875
1 0.56015625 0.8515625 0.08125 0.0640625
1 0.578125 0.55703125 0.08125 0.0578125
1 0.18046875 0.24375 0.0796875 0.0765625
1 0.25625 0.24609375 0.0640625 0.0640625
1 0.215625 0.165625 0.0671875 0.0703125
1 0.10390625 0.03671875 0.0765625 0.0609375
1 0.58671875 0.09453125 0.0890625 0.0515625