0 0.385246759375 0.2756342609375 0.39654346875 0.28111736249999997 0.421787515625 0.2821144109375 0.43171522187500005 0.28089666874999997 0.441181740625 0.277723434375 0.44312844531250006 0.1661967421875 0.422059375 0.153031496875 0.404247759375 0.1518859765625 0.3883925578125 0.15216563593750002 0.38091158125 0.15509532343750002 0.377396834375 0.157816034375 0.3776104375 0.1739557203125 0.3750326296875 0.2648841375 0.385246759375 0.2756342609375
3 0.505619740625 0.13703014375 0.495925421875 0.06310454374999999 0.492025184375 0.057708057812500005 0.48411704999999994 0.0530829390625 0.4813276703125 0.041255665625 0.4759201875 0.0363937546875 0.4694556796875 0.034878701562499996 0.46396990000000005 0.034502506249999995 0.45855263125 0.0302013078125 0.44905895312500005 0.03059648125 0.4400252796875 0.033243223437500004 0.4384054796875 0.040226012500000005 0.43084479531250003 0.044300678125 0.4322345890625 0.050494673437500005 0.43810696718750003 0.057327796875 0.4353078 0.0746663734375 0.43951144375 0.09128585781250001 0.44443934843750005 0.095017628125 0.44670021406249993 0.1085183328125 0.44067613281250007 0.1103762796875 0.4423448671875 0.12919505625 0.4451782890625 0.13849911718750002 0.4591056125 0.1415466453125 0.48310895781249996 0.1394416421875 0.505619740625 0.13703014375
3 0.1183170796875 0.568222846875 0.1345439015625 0.57021864375 0.15534790781250002 0.5720089109375001 0.1610158390625 0.5675410265624999 0.16263951875 0.5618608468749999 0.1607568484375 0.5532652046875 0.10146767812499999 0.5436675265625001 0.075538625 0.5443566375 0.0711407484375 0.5634034171875 0.111184846875 0.5692400578125001 0.1183170796875 0.568222846875
3 0.94607461875 0.5571703984374999 0.9464615578125001 0.5640000828125 0.95299984375 0.5663885171875 0.9988590578125001 0.5697279375 0.9992758484375001 0.54585003125 0.9594835640625 0.542905725 0.951868790625 0.5441942531249999 0.946729440625 0.548653165625 0.94607461875 0.5571703984374999
2 0.503125 0.2875 0.034375 0.034375
2 0.359375 0.26796875 0.034375 0.034375
2 0.25546875 0.38515625 0.0546875 0.0203125
2 0.39375 0.4375 0.059375 0.0234375
2 0.48359375 0.41484375 0.0578125 0.0234375
2 0.55546875 0.47421875 0.05625 0.021875
2 0.79609375 0.87578125 0.034375 0.040625
1 0.61171875 0.4390625 0.1 0.0328125
1 0.70546875 0.51015625 0.1 0.0296875
1 0.8625 0.4953125 0.1171875 0.0328125
1 0.79921875 0.571875 0.1078125 0.03125
1 0.95703125 0.5859375 0.0828125 0.0265625
1 0.7703125 0.95546875 0.0453125 0.0640625
1 0.715625 0.96328125 0.053125 0.0734375
1 0.70078125 0.884375 0.04375 0.0625
1 0.6046875 0.946875 0.0453125 0.0625
1 0.75234375 0.88984375 0.0484375 0.0640625
1 0.4640625 0.8203125 0.04375 0.0578125
1 0.62109375 0.590625 0.0984375 0.046875
1 0.040625 0.4171875 0.078125 0.0265625
1 0.07109375 0.45078125 0.0875 0.028125
1 0.078125 0.5234375 0.09375 0.028125
1 0.07890625 0.57734375 0.0953125 0.0265625
1 0.51796875 0.69453125 0.084375 0.0546875
1 0.02578125 0.903125 0.0484375 0.053125
1 0.1734375 0.95 0.0671875 0.05625
1 0.11953125 0.8984375 0.1078125 0.05
1 0.08125 0.82578125 0.0921875 0.0515625
1 0.94921875 0.1734375 0.1015625 0.05625
1 0.9515625 0.10859375 0.096875 0.0421875
1 0.86015625 0.06796875 0.1078125 0.0328125
1 0.51875 0.2265625 0.046875 0.05625