0 0.110481353125 0.4524333359375 0.100666109375 0.45362526562500005 0.09968365 0.46097583281250004 0.10138322656250001 0.4821242640625 0.1052571140625 0.499986209375 0.11790355156250001 0.5154269859375 0.23759258125 0.4964575546875 0.238813125 0.4861968671875 0.2327634921875 0.453006728125 0.227534959375 0.44471557500000003 0.2106438796875 0.43224775312499997 0.110481353125 0.4524333359375
3 0.07947730625 0.5286239687500001 0.07536676406250001 0.532286815625 0.0703928078125 0.541845175 0.07709645625 0.55772515 0.0829653796875 0.565175865625 0.08728531875 0.572927671875 0.09257265625 0.57118395625 0.09763696875 0.5744953140625 0.1052929578125 0.5787348171875 0.11388765781250001 0.5878035734375 0.1901901140625 0.5751197578125 0.190352903125 0.561484878125 0.1852118625 0.5288340875 0.1809808484375 0.5153373171875 0.16765027500000002 0.5129167984375 0.1513859578125 0.5160782625 0.1496139484375 0.5214344234375 0.1324259796875 0.5219115890625 0.12375741250000001 0.520732746875 0.1103228578125 0.5219122421875 0.09562258125 0.5269175640625 0.090036921875 0.5229915890625 0.0831704828125 0.520746490625 0.07947730625 0.5286239687500001
3 0.44521925781249994 0.0830596171875 0.45139063437500004 0.1109856046875 0.4695858609375 0.1663619203125 0.47713234687500006 0.16886670312500002 0.4840449859375 0.1661991328125 0.488175596875 0.158776771875 0.4825140796875 0.1353852921875 0.4783542984375 0.12163108125 0.47770653125000007 0.114475596875 0.46354709843749997 0.0722156484375 0.44521925781249994 0.0830596171875
2 0.250429378125 0.917904778125 0.2577696625 0.9250832546875 0.28536585 0.9236907703125 0.2873343546875 0.9147028468749999 0.284096834375 0.89613575 0.2810389921875 0.8861390140625 0.27531050625 0.8872525203125001 0.2524383296875 0.8976559249999999 0.2488036578125 0.9076296656249999 0.250429378125 0.917904778125
2 0 0.4767043609375 0.014374618750000002 0.4619329859375 0.0197100109375 0.45262157812500003 0.017696729687500003 0.44410212187500003 0.011817534375 0.44142600625000006 0.007540425000000001 0.43780199375000006 0 0.43564314531250004 0 0.4767043609375
2 0.0928512359375 0.42822059375 0.102359184375 0.44037511875 0.1194918578125 0.425588125 0.1279255921875 0.4156744609375 0.12681248750000002 0.4044340828125 0.1185100828125 0.4003195375 0.1092807296875 0.39511219999999997 0.09082329375 0.40124590312499997 0.0880169359375 0.41070220312499994 0.0928512359375 0.42822059375
2 0.052294223437499995 0.42910273749999994 0.0571017484375 0.44280741875 0.065828734375 0.458296175 0.0876752203125 0.4438658796875 0.09407016875 0.438167428125 0.0915934125 0.4291015765625 0.086972040625 0.42554447968750003 0.081635375 0.41830750937500005 0.07494844375000001 0.4151519171875 0.058093092187499994 0.4203377234375 0.052294223437499995 0.42910273749999994
2 0.44709858125 0.4090077640625 0.4357475734375 0.3634777546875 0.43168212031250003 0.3572666578125 0.422956403125 0.3583262796875 0.4227982984375 0.36854078125 0.430349059375 0.412900028125 0.43601659687499994 0.4181632265625 0.4457617046875 0.4149959984375 0.44709858125 0.4090077640625
1 0.1195480234375 1 0.12408573437499999 0.9326106968750001 0.1200725578125 0.9174786375 0.10511 0.9140222093749999 0.097814875 0.9224415796875001 0.0914696046875 1 0.1195480234375 1
1 0.23121631250000002 0.561083040625 0.21421496874999998 0.5618418234375 0.2060719453125 0.5640611515625 0.204867671875 0.572569553125 0.2088285703125 0.596622571875 0.21449610937500002 0.6018857718749999 0.2348208359375 0.5998445015625 0.26204415000000003 0.5983717375000001 0.2633542515625 0.5885697953125 0.26210854375000003 0.574809253125 0.2584396265625 0.559610278125 0.2494620921875 0.5575364203125 0.23121631250000002 0.561083040625
1 0 0.5481445234375 0.004098290625 0.569228403125 0.027173421875 0.5663747359375 0.034216728125 0.5548218859375 0.0327058125 0.536021009375 0.025925168749999998 0.5195174359375 0.019013193749999997 0.5170420734375 0 0.522687675 0 0.5481445234375
1 0.08143008125 0.5036364890625 0.08105777187499999 0.48334131874999997 0.0732577359375 0.4689453515625 0.0615261203125 0.4674068328125 0.0284503875 0.47001718906249995 0.021340143750000002 0.47203576875 0.019354909375 0.48387839843749997 0.0212891375 0.49750510625000005 0.02976430625 0.509860384375 0.07377730625 0.510215921875 0.08143008125 0.5036364890625
2 0.19150786250000001 0.404588290625 0.1941573859375 0.421894871875 0.1959590125 0.4330014125 0.2220437171875 0.43302294531249996 0.2254461546875 0.4266332078125 0.22978893125000002 0.4232431140625 0.2288084296875 0.4145229046875 0.223140890625 0.40925970625 0.21422902187499998 0.40017174375 0.1940235109375 0.4028263265625 0.19150786250000001 0.404588290625
1 0.35695286249999997 0.220945459375 0.362726228125 0.224915115625 0.371094296875 0.2220155578125 0.3775950734375 0.21502356250000002 0.375701009375 0.20711741875 0.35480188749999997 0.143712321875 0.3500479140625 0.13763505781250002 0.3432685421875 0.1376798640625 0.3371120234375 0.1446049375 0.3358153109375 0.1563137359375 0.35695286249999997 0.220945459375
1 0.431850459375 0.1357369359375 0.44160895624999996 0.1344765640625 0.4459249578125 0.1272727609375 0.4433022078125 0.11377988750000001 0.4236475234375 0.047586953125 0.41923780937500005 0.041442771875 0.4094793140625 0.0427031453125 0.40321696874999996 0.0509217640625 0.4254944015625 0.1306075734375 0.431850459375 0.1357369359375
1 0.48023173906250005 0.1199677125 0.486376140625 0.12768416093749999 0.49567116093749997 0.1258773921875 0.5005430796875 0.11601958750000001 0.4966223421875 0.0976871328125 0.477086875 0.032107509374999996 0.468347771875 0.0312602765625 0.46058917031249996 0.039133253125 0.4601926328125 0.0481211296875 0.48023173906250005 0.1199677125
1 0.8419960468750001 0.222135459375 0.8452123296874999 0.2055981375 0.8406164640625 0.189306371875 0.8020421390625 0.14524912343750002 0.7937665125 0.144948284375 0.785188059375 0.166983309375 0.7876782046875 0.1779560140625 0.8286757343750001 0.22345169375 0.836845534375 0.22504607499999998 0.8419960468750001 0.222135459375
1 0.8675854140625001 0.15160337031249999 0.9068686703125 0.116598596875 0.906907559375 0.1057707828125 0.9001403031249999 0.0911740640625 0.8919169546875001 0.0819522625 0.8862761906250001 0.080502775 0.8699914171875 0.10148981093750001 0.8497604015625001 0.1168790640625 0.8511119390624999 0.129346065625 0.8621830812500001 0.15138050625 0.8675854140625001 0.15160337031249999
1 0.8395747203124999 0.4173707203125 0.843665678125 0.41084714843750003 0.8420489343750001 0.3933398140625 0.8325142109374999 0.3773715796875 0.821934590625 0.37624561875 0.787495203125 0.3810305 0.77939234375 0.3889703953125 0.786570796875 0.41303446875 0.792609371875 0.4220444609375 0.8168401734374999 0.41988041093749995 0.8395747203124999 0.4173707203125
1 1 0.6398456140625 0.9597940921875001 0.6498696640625 0.947877596875 0.6547319375 0.9436941984375 0.6644559078125 0.9466745953125001 0.6797887171875 0.9533226359375 0.693772125 0.9641674625000001 0.6999384171874999 1 0.688121184375 1 0.6398456140625
1 1 0.6976166125 0.9816456671875 0.7016328828125 0.960645809375 0.7057148421874999 0.9533372953124999 0.7122273578125 0.9530733609375 0.723735403125 0.9581460937499999 0.74248041875 0.9638404062499999 0.751557328125 1 0.74123186875 1 0.6976166125
2 0.893583321875 0.7448463796875 0.8891869937499999 0.740609053125 0.8657639265625001 0.7432525796875 0.8582437562499999 0.75235218125 0.8547221046875 0.75812860625 0.8561660828125 0.7673952093749999 0.8650645640624999 0.77457631875 0.8935724765625 0.776036284375 0.8979018671875 0.7707393375 0.893583321875 0.7448463796875