0 0.47590536562499997 0.6999697312500001 0.48358293281250003 0.6979012953125 0.48457782343750005 0.6922589828125 0.48433213750000004 0.68674014375 0.48124255781249997 0.6766132109375 0.4778661609375 0.671569003125 0.472599634375 0.6668759546875 0.46656650937500005 0.6630743921875 0.2748915046875 0.661445584375 0.2712398875 0.66833054375 0.272971840625 0.67924475 0.2758858515625 0.6903673859375 0.291855203125 0.700027609375 0.433187371875 0.700308453125 0.47590536562499997 0.6999697312500001
0 0.8211550437499999 0.712261034375 0.8221224578124999 0.7067745578125 0.821602025 0.701564503125 0.81968131875 0.693413703125 0.817530278125 0.6865692078125 0.8064521625 0.6813832343749999 0.7972395609375 0.6792200359375 0.6444480390625 0.6751763796875 0.6399475625 0.681656184375 0.6424302046875 0.6920611359375 0.645004978125 0.7019435671875 0.6704133015625 0.7101951109375 0.80041278125 0.7129137515624999 0.8211550437499999 0.712261034375
0 1 0.523355665625 0.860670165625 0.520966984375 0.8556907671875 0.5297311625 0.858276803125 0.5401048234375 0.8638117703124999 0.550447478125 0.9175788453125 0.55634668125 0.99781295625 0.55614766875 1 0.5437443296875 1 0.523355665625
3 0.7109375 0.8421875 0.0703125 0.0578125
3 0.9609375 0.5703125 0.06875 0.0375
3 0.52578125 0.478125 0.0796875 0.0703125
2 0.8 0.92421875 0.0484375 0.040625
2 0.759375 0.90859375 0.0484375 0.0421875
2 0.74375 0.79609375 0.0484375 0.0390625
2 0.7265625 0.74765625 0.0453125 0.0390625
2 0.790625 0.659375 0.059375 0.028125
2 0.87421875 0.6765625 0.05625 0.0265625
2 0.9 0.5671875 0.0625 0.028125
2 0.61328125 0.23203125 0.0421875 0.040625
2 0.5390625 0.17890625 0.0453125 0.040625
2 0.128125 0.02265625 0.05625 0.0453125
1 0.6796875 0.7359375 0.0734375 0.0625
1 0.896875 0.6125 0.0921875 0.0453125
1 0.24765625 0.21796875 0.0875 0.0875
1 0.340625 0.296875 0.06875 0.071875
1 0.31015625 0.190625 0.0765625 0.0765625
1 0.40078125 0.29921875 0.0703125 0.071875
1 0.76953125 0.21875 0.096875 0.0703125
1 0.9671875 0.6109375 0.0453125 0.034375
1 0.46484375 0.02265625 0.0828125 0.0453125