1 0.116351546875 0.8304000828125 0.113618859375 0.9341795765625 0.14002761875 0.9411556046875 0.1460630765625 0.8322727703125 0.116351546875 0.8304000828125
1 0.2775047734375 1 0.2240423875 0.9057047296875 0.2045175546875 0.9451907484375001 0.2360364203125 1 0.2775047734375 1
2 0.31640625 0.8203125 0.040625 0.04375
1 0.253125 0.51640625 0.0640625 0.05625
1 0.0296875 0.484375 0.059375 0.06875
1 0.04296875 0.43046875 0.06875 0.065625
1 0.17890625 0.34765625 0.0703125 0.0578125
1 0.03203125 0.25859375 0.0640625 0.0796875
1 0.09765625 0.37578125 0.0453125 0.046875
1 0.128125 0.35234375 0.04375 0.046875
1 0.23046875 0.35703125 0.0453125 0.046875
0 0.18828125 0.41171875 0.1421875 0.096875
3 0.13046875 0.490625 0.1234375 0.0921875
1 0.38515625 0.1171875 0.046875 0.1015625
1 0.42421875 0.28046875 0.0484375 0.1015625
2 0.6046875 0.96875 0.0265625 0.0421875
2 0.50625 0.54140625 0.034375 0.0609375
1 0.64453125 0.43671875 0.06875 0.1078125
1 0.725 0.3765625 0.071875 0.090625
1 0.43984375 0.04140625 0.0390625 0.0796875
1 0.45390625 0.0125 0.0296875 0.025
1 0.49296875 0.03671875 0.0421875 0.0734375
1 0.50859375 0.0078125 0.0296875 0.015625
3 0.4796875 0.07109375 0.0453125 0.096875
1 0.87890625 0.05859375 0.06875 0.0765625
1 0.7200549703125 0.043849990625 0.7644364125 0.1027806515625 0.77303155 0.097285915625 0.780830884375 0.0766498203125 0.7758701703125 0.0584940265625 0.7326692203125 0.0037952484375 0.7200549703125 0.043849990625
2 0.9140625 0.30703125 0.0453125 0.0546875
2 0.89609375 0.69375 0.05 0.0421875
1 0.975 0.6515625 0.05 0.059375
1 0.91640625 0.64921875 0.0703125 0.0609375
1 0.89375 0.59453125 0.0703125 0.059375
1 0.97265625 0.59609375 0.0546875 0.0671875
1 0.95546875 0.54921875 0.071875 0.0546875
1 0.8890625 0.51484375 0.0703125 0.0609375
1 0.95 0.490625 0.0703125 0.0578125
1 0.98828125 0.46484375 0.0234375 0.0421875
3 0.99453125 0.515625 0.0109375 0.05