3 0.42577560468750003 0.604586775 0.4609030578125 0.607331778125 0.4713254875 0.6059592765625 0.47209751874999994 0.578509253125 0.467465328125 0.5709604953125 0.431179828125 0.56958799375 0.42230146093750004 0.5764505015625 0.42268747656250005 0.5963517687500001 0.42577560468750003 0.604586775
0 0.7284909203125001 0.71036073125 0.7344867296875 0.7301564218750001 0.8424113109375 0.7263495578125 0.8582573796874999 0.7179744593749999 0.856544290625 0.6707693515625001 0.7503327984375 0.6722920968749999 0.735771546875 0.6730534687499999 0.7284909203125001 0.682951315625 0.7284909203125001 0.71036073125
0 0.20085963593749998 0.39134556875 0.3074994015625 0.39972066875 0.311782121875 0.376118115625 0.3109255765625 0.35023144375 0.295079509375 0.33348124375 0.197433459375 0.3319584984375 0.1910093765625 0.339572225 0.1897245609375 0.3715498796875 0.20085963593749998 0.39134556875
0 0.0338335 0.36241340625 0.12462719375 0.364697525 0.12848164374999999 0.347947325 0.12848164374999999 0.32282202656250003 0.11349211875000001 0.309878690625 0.032120410937499996 0.3060718265625 0.025268056249999997 0.309878690625 0.02355496875 0.344901834375 0.0338335 0.36241340625
3 0.1803025734375 0.396675178125 0.1738784921875 0.39134556875 0.167454409375 0.3974365515625 0.1618868703125 0.39895929531249996 0.1567476046875 0.41266400625 0.163599959375 0.4263687140625 0.16788268125 0.44083479375 0.1798743 0.44388028593750006 0.1858701109375 0.4530167578125 0.235977953125 0.4560622484375 0.25781983125 0.45758499375 0.26167428125000003 0.42941420468749997 0.260389465625 0.4035275328125 0.2505392046875 0.3981979234375 0.232551775 0.3974365515625 0.21242298437499998 0.39972066875 0.19786173125 0.394391059375 0.1803025734375 0.396675178125
1 0.1079718328125 0.565620471875 0.1516344234375 0.578256675 0.1580653484375 0.5770532265625 0.16280392500000002 0.548772203125 0.1570499390625 0.5433566875 0.116433575 0.5319239328124999 0.1110180609375 0.53372910625 0.106956425 0.5529842703125001 0.1079718328125 0.565620471875
2 0.22379313281250002 0.2942116984375 0.21846472343749998 0.29031116562500003 0.21219600781249998 0.281395659375 0.191822684375 0.28696785 0.1955839125 0.3209582171875 0.2187781609375 0.31092827343749996 0.220972209375 0.30424164375 0.22442000312500002 0.3025699859375 0.22379313281250002 0.2942116984375
2 0.1915092484375 0.308142178125 0.187434584375 0.3075849578125 0.180538996875 0.2953261375 0.1573447515625 0.29699779375 0.1576581875 0.3170576828125 0.1611059796875 0.3309881609375 0.18586740625 0.32207265625 0.187434584375 0.3165004640625 0.1921361203125 0.3142715875 0.1915092484375 0.308142178125
2 0.22003190312499998 0.28529619375 0.22943497499999999 0.281395659375 0.23006184687500003 0.2752662484375 0.22473343906249998 0.26412186718749997 0.2187781609375 0.2563207984375 0.19934514375 0.2546491421875 0.19746452812499998 0.2691368390625 0.1971510921875 0.281395659375 0.22003190312499998 0.28529619375
1 0.26485321562499997 0.48310898281250003 0.3106148375 0.4909100515625 0.3153163734375 0.47586513437500005 0.313435759375 0.457476903125 0.30748047968750003 0.45134749375 0.27300254687500003 0.4502330546875 0.267047265625 0.45079027343750006 0.2642263453125 0.4641635328125 0.26485321562499997 0.48310898281250003
3 0.571079953125 0.14654863125 0.5814233328125 0.1498919453125 0.588945790625 0.143205315625 0.58863235625 0.1237026453125 0.5870651765625 0.10810051093749999 0.5876920484375 0.10197110000000001 0.583303946875 0.06463741875 0.5654381093749999 0.073552925 0.5644978015625 0.0947272515625 0.571079953125 0.14654863125
1 0.7133797875 0.43685979531249997 0.70867825 0.4218148796875 0.690498978125 0.42404375625 0.6889317984375001 0.43685979531249997 0.6973945640625 0.5243431984375 0.7177678875 0.5198854453124999 0.7205888093749999 0.5065121859375 0.7133797875 0.43685979531249997
1 0.9553521937499999 0.14654863125 0.9167995953125001 0.1744095859375 0.9167995953125001 0.1877828453125 0.9246354890624999 0.2083999546875 0.9309042046875 0.2061710765625 0.9703971093750001 0.1777529015625 0.9703971093750001 0.16549408125 0.9628746515625 0.14766306875 0.9553521937499999 0.14654863125
1 0.9776061328125 0.56502019375 0.931217640625 0.5655774140625 0.92588923125 0.5750501390625 0.927142975 0.600125 0.9337251265625 0.60792606875 0.9813673625 0.6068116296875 0.9866957703124999 0.5962244671875 0.9854420265625 0.57114960625 0.9776061328125 0.56502019375
1 0.6444239203125 0.6218565453125 0.6055578875000001 0.6190704499999999 0.6002294781249999 0.628543175 0.6002294781249999 0.652503596875 0.6074385015625 0.6614191046875 0.6522598140625 0.66476241875 0.65696135 0.6491602828125 0.6566479140625 0.6307720515625 0.6444239203125 0.6218565453125
1 0.609319115625 0.6981955671875 0.566691853125 0.6959666906249999 0.5610500078125 0.7048821953125 0.56136344375 0.7266137421875001 0.5688859015625 0.7333003703125 0.6137072171875 0.733857590625 0.6168415734375 0.7271709609375 0.6165281390625 0.70376775625 0.609319115625 0.6981955671875
2 0.523751153125 0.9327848187500001 0.5199899234375 0.9405858859375 0.520616796875 0.9918500453125001 0.53691545625 0.98962116875 0.5353482765625001 0.9444864203125001 0.53001986875 0.9327848187500001 0.5256317687500001 0.9266554078125001 0.523751153125 0.9327848187500001
1 0.49021352656249995 0.2368181296875 0.4751686109375 0.16995183281249998 0.46607897343750004 0.1632652046875 0.45416841406249997 0.17496680625 0.45667590156250004 0.19391225625 0.4717208171875 0.2613357703125 0.4786164046875 0.263007428125 0.49178070625 0.25186304531250003 0.49021352656249995 0.2368181296875
1 0.5917667140625 0.116458796875 0.6002294781249999 0.116458796875 0.608065371875 0.1075432921875 0.6039907078125 0.041234215625 0.60085635 0.028418175 0.588005484375 0.02897539375 0.5839308187500001 0.0434630921875 0.588945790625 0.10865772968750001 0.5917667140625 0.116458796875
1 0.208163796875 0.9391813546875 0.221297159375 0.922253909375 0.22425216718750002 0.9094123984375001 0.1976571078125 0.8253588781250001 0.189120421875 0.8218566484375 0.1740170546875 0.83878409375 0.1733603875 0.8539604234375 0.20061211406249999 0.93217689375 0.208163796875 0.9391813546875
2 0.261353915625 0.7465587031250001 0.235415525 0.75122834375 0.23016218125000001 0.7599839187499999 0.23508719218750002 0.775743953125 0.26036891406249996 0.7798298875 0.2649655921875 0.772825428125 0.2649655921875 0.7535631625 0.261353915625 0.7465587031250001
1 0.75078125 0.5640625 0.06796875 0.053125
1 0.8015625 0.63671875 0.06328125 0.0515625
1 0.87578125 0.5859375 0.06640625 0.05546875
1 0.915625 0.653125 0.06953125 0.0515625
1 0.5286458328125 0.03148148125 0.5390625 0.1296296296875 0.5625 0.11944444375 0.5536458328125 0.0166666671875 0.5286458328125 0.03148148125
1 0.8786458328125001 0.0629629625 0.93125 0.060185184375 0.9270833328125001 0.0129629625 0.8786458328125001 0.0129629625 0.8786458328125001 0.0629629625