0 0.292122128125 0.85856323125 0.30215207187500004 0.8621294328125 0.3079192890625 0.8612378828124999 0.3417703515625 0.6833735375 0.342522596875 0.6740122562499999 0.3400151109375 0.6668798515625001 0.3259731890625 0.659747446875 0.3174477375 0.6584101203125 0.3114297703125 0.660193221875 0.303155065625 0.6985298984375 0.2768264625 0.826467409375 0.275071221875 0.84117799375 0.2820921828125 0.8523223765625 0.292122128125 0.85856323125
0 0.3180687796875 0.880860496875 0.314872109375 0.8743656718749999 0.307793765625 0.8678708484375001 0.302542090625 0.8646234359375 0.29797541875 0.8621878765625001 0.28907040624999997 0.8638115828125 0.282220396875 0.869088628125 0.275827053125 0.8991271875000001 0.24819868125000003 0.9993910328125001 0.28907040624999997 0.9993910328125001 0.3176121125 0.8889790265625 0.3180687796875 0.880860496875
0 0.57424520625 0 0.5541087203124999 0.11160614531249999 0.5522135203125 0.1360331515625 0.5500814218750001 0.16340824375000002 0.5569515171874999 0.167619796875 0.5652430125000001 0.17141019375 0.5768511046875 0.16972557187499998 0.5988827890625 0.033271265625000004 0.5998303890625001 0.0050538625 0.5979351890625 0 0.57424520625 0
0 0 0.3710052578125 0.0829410796875 0.43236381875 0.09765643125 0.3976415328125 0.09257294687499999 0.385274690625 0.0826735265625 0.3743347921875 0.015250456249999999 0.32581871875 0.0058861406249999994 0.31820835625 0 0.318684003125 0 0.3710052578125
3 0.54765625 0.0765625 0.025 0.065625
2 0.13203125 0.41953125 0.03046875 0.04296875
2 0.153125 0.45625 0.03203125 0.04453125
1 0.06796875 0.4796875 0.04609375 0.08359375
1 0.046875 0.284375 0.05234375 0.06171875
1 0.15703125 0.4 0.05 0.05703125
1 0.25390625 0.41328125 0.053125 0.05
1 0.3296875 0.44921875 0.05 0.04921875
1 0.56328125 0.57890625 0.05546875 0.06328125
1 0.7109375 0.4859375 0.053125 0.059375
1 0.64609375 0.5953125 0.05703125 0.05
1 0.85 0.54296875 0.05390625 0.065625
2 0.540625 0.1328125 0.01796875 0.053125
2 0.778125 0.27421875 0.02734375 0.05234375
1 0.82734375 0.30625 0.04921875 0.08125
1 0.38203125 0.53828125 0.05234375 0.0484375
1 0.46875 0.5625 0.05390625 0.05390625
1 0.5015625 0.38359375 0.05 0.05234375
1 0.58046875 0.65 0.05546875 0.05625
1 0.4984375 0.128125 0.028125 0.0796875
2 0.37265625 0.9515625 0.0265625 0.06640625
2 0.33125 0.86875 0.02421875 0.06796875
2 0.64609375 0.6609375 0.0328125 0.04140625
2 0.49921875 0.646875 0.03125 0.040625