2 0.7703125 0.21328125 0.0515625 0.0453125
1 0.5359375 0.0625 0.0671875 0.0640625
1 0.8265625 0.0546875 0.1078125 0.0625
1 0.90234375 0.08984375 0.1078125 0.0546875
1 0.89453125 0.15703125 0.1296875 0.0640625
1 0.4484375 0.2640625 0.053125 0.0578125
1 0.3703125 0.07734375 0.0515625 0.0671875
1 0.32421875 0.125 0.0515625 0.0609375
1 0.3640625 0.02265625 0.05625 0.0421875
1 0.26796875 0.22578125 0.0484375 0.0640625
0 0.33203125 0.22421875 0.078125 0.1359375
0 0.30078125 0.04765625 0.0734375 0.090625
2 0.28515625 0.27421875 0.0375 0.0359375
2 0.275 0.13984375 0.034375 0.04375
2 0.26328125 0.1765625 0.040625 0.0390625
2 0.23046875 0.184375 0.0375 0.0375
2 0.178125 0.4609375 0.065625 0.0265625
1 0.06796875 0.47890625 0.0921875 0.03125
1 0.14921875 0.096875 0.065625 0.0609375
2 0.975 0.5140625 0.05 0.0265625
2 0.65078125 0.62265625 0.0578125 0.0734375
2 0.4875 0.5859375 0.1078125 0.065625
3 0.61015625 0.7046875 0.0546875 0.065625
1 0.2953125 0.525 0.1 0.05
1 0.03359375 0.54921875 0.065625 0.028125
1 0.03515625 0.60234375 0.065625 0.0328125
1 0.01171875 0.6265625 0.01875 0.0296875
3 0.05859375 0.58203125 0.0875 0.03125
1 0.57890625 0.815625 0.0640625 0.075
1 0.56484375 0.8859375 0.0484375 0.0734375
1 0.66875 0.840625 0.0640625 0.071875
1 0.634375 0.91484375 0.0625 0.071875
1 0.75390625 0.93515625 0.0703125 0.0671875
1 0.71171875 0.98046875 0.075 0.0328125
1 0.596875 0.990625 0.059375 0.0171875
1 0.13984375 0.97265625 0.0671875 0.0546875
2 0.7140625 0.4890625 0.04375 0.04375
3 0.4 0.17734375 0.0796875 0.1140625