0 0.316118175 0.7878404875 0.3158245984375 0.79344225625 0.31783970781250004 0.7998258593750001 0.3388078375 0.8032377 0.357570896875 0.8038906078125001 0.374526078125 0.7942057250000001 0.38601389531249997 0.6870905640625 0.368043871875 0.6825141671875 0.3481264703125 0.681470340625 0.334480240625 0.6840593796875 0.3227973140625 0.694020571875 0.316118175 0.7878404875
0 0.29733356875 0.9669354125 0.3184225828125 0.9680406421875001 0.335446840625 0.95703769375 0.34483050937500004 0.8676549859374999 0.32449999375 0.8632853015625 0.3004819484375 0.8620265687499999 0.286144953125 0.87779624375 0.2798298125 0.9534620874999999 0.2799666203125 0.9620601984375 0.29733356875 0.9669354125
0 0.6114227062500001 0.8544850578125001 0.630132196875 0.856087421875 0.6423731187499999 0.8545524921875 0.671975 0.743239415625 0.6523905390625 0.737238296875 0.6265312421875 0.73495030625 0.6178077156249999 0.743198921875 0.5899258078125 0.8427871265625001 0.5923569828125 0.8491329656250001 0.6114227062500001 0.8544850578125001
3 0.39700683125 0.837579765625 0.40484776718750004 0.8333972328125 0.41957059531249996 0.8329439000000001 0.42634169999999993 0.8283990687499999 0.42530512343750004 0.8170142125 0.4347748171875 0.8129170406249999 0.443965159375 0.741434490625 0.421354628125 0.73657475625 0.3936817734375 0.7348182515625 0.38330105 0.745910984375 0.37973819531249997 0.7619544859375 0.386748125 0.7632405531249999 0.3828664203125 0.7749801140625 0.3816833046875 0.7871673359375 0.378839425 0.799879978125 0.3786301125 0.8142618484374999 0.3732476921875 0.8234729156249999 0.3794906328125 0.829006015625 0.38293895624999996 0.8359238078125 0.39700683125 0.837579765625
3 0.0685009578125 0.39451274999999997 0.070526428125 0.41280268124999997 0.10225401249999999 0.41474520468750004 0.12626536093750002 0.41208707968749997 0.1522459765625 0.409811909375 0.15503287500000001 0.4040832046875 0.15440645625 0.3970566125 0.1501474015625 0.3929168984375 0.131300465625 0.391929171875 0.11480180312499999 0.39358226875 0.11041115937499998 0.39195341250000004 0.0685009578125 0.39451274999999997
2 0.29375 0.81640625 0.0328125 0.0359375
2 0.28359375 0.78125 0.0421875 0.0359375
2 0.2515625 0.77421875 0.03125 0.034375
2 0.3078125 0.69375 0.0328125 0.0328125
2 0.7484375 0.7671875 0.0359375 0.0359375
2 0.96171875 0.4984375 0.0640625 0.0234375
2 0.66484375 0.0671875 0.03125 0.0359375
2 0.7 0.0359375 0.03125 0.0375
1 0.50234375 0.93359375 0.059375 0.059375
1 0.37109375 0.93828125 0.0609375 0.0609375
1 0.38203125 0.87890625 0.065625 0.0546875
1 0.33515625 0.83359375 0.046875 0.0546875
1 0.459375 0.71015625 0.05 0.053125
1 0.86015625 0.81953125 0.11875 0.0640625
1 0.865625 0.8828125 0.1015625 0.0484375
1 0.63046875 0.50234375 0.0515625 0.059375
3 0.65546875 0.3796875 0.0484375 0.0546875
1 0.56484375 0.31640625 0.0625 0.0625
1 0.6453125 0.29375 0.046875 0.0578125
1 0.6984375 0.25546875 0.05625 0.065625
1 0.653125 0.12265625 0.04375 0.0671875
1 0.60078125 0.1078125 0.0484375 0.065625
1 0.70546875 0.1015625 0.05 0.0703125
1 0.6 0.21015625 0.0484375 0.0609375
1 0.0765625 0.3796875 0.0890625 0.0296875
1 0.07421875 0.43125 0.084375 0.0328125
1 0.471875 0.40625 0.08125 0.0578125