0 0 0.41941031406249996 0.164828265625 0.42143601249999996 0.1716264453125 0.4200502828125 0.1788786 0.416077384375 0.1862494078125 0.40156047812500006 0.18739355468750002 0.39292551875 0.1866768515625 0.3878470015625 0.178199853125 0.3847033421875 0.16601958125 0.3843384984375 0.1504448234375 0.38358300624999997 0 0.37970449687499996 0 0.41941031406249996
3 0.071875 0.5375 0.14375 0.08125
3 0.359375 0.92109375 0.0875 0.0875
2 0.68125 0.0125 0.05 0.025
2 0.45234375 0.17734375 0.05 0.04375
2 0.4296875 0.3015625 0.046875 0.0421875
2 0.39140625 0.35546875 0.046875 0.040625
2 0.50234375 0.40703125 0.05 0.0390625
2 0.37578125 0.48671875 0.0515625 0.040625
2 0.36796875 0.61796875 0.0515625 0.04375
2 0.325 0.63828125 0.05 0.0421875
2 0.3109375 0.7546875 0.05 0.04375
2 0.228125 0.9890625 0.05 0.021875
2 0.63828125 0.75390625 0.04375 0.0375
2 0.6578125 0.64140625 0.04375 0.0390625
2 0.97265625 0.45 0.0546875 0.03125
2 0.66953125 0.44296875 0.04375 0.0375
2 0.89765625 0.1984375 0.046875 0.0390625
1 0.85703125 0.1484375 0.0578125 0.0578125
1 0.734375 0.1265625 0.06875 0.0609375
1 0.54296875 0.13515625 0.0671875 0.0625
1 0.4859375 0.33984375 0.0640625 0.0625
1 0.58359375 0.36015625 0.0671875 0.0671875
1 0.1015625 0.43828125 0.1 0.059375
1 0.06484375 0.48671875 0.115625 0.0625
1 0.1890625 0.7640625 0.0890625 0.0796875
1 0.43515625 0.9828125 0.0921875 0.034375
1 0.76953125 0.7875 0.090625 0.0703125
1 0.4953125 0.83203125 0.0765625 0.0703125
1 0.54765625 0.80859375 0.06875 0.06875
1 0.5953125 0.74453125 0.0765625 0.0703125
1 0.62734375 0.60078125 0.0703125 0.065625
1 0.540625 0.659375 0.06875 0.06875
1 0.4390625 0.671875 0.0765625 0.0703125
1 0.41953125 0.7546875 0.065625 0.0671875
1 0.41015625 0.6296875 0.0703125 0.065625
1 0.38671875 0.55546875 0.08125 0.0734375
1 0.5890625 0.590625 0.0703125 0.065625
1 0.45234375 0.4828125 0.0671875 0.0671875
1 0.86015625 0.4125 0.0796875 0.046875
1 0.60234375 0.52265625 0.0703125 0.065625
1 0.13046875 0.5734375 0.1109375 0.05625