0 0.2954729375 0.609522084375 0.29019526406249996 0.60759263125 0.28556404999999996 0.6067760234375 0.2817825125 0.609105809375 0.26244640625 0.6566381031249999 0.21173752812500002 0.7785471890625 0.21173313125 0.7865372796875 0.215388065625 0.7976697546875 0.22920810625 0.8100951828125 0.23605112031250003 0.8142983656249999 0.2409753578125 0.8086740625 0.3121144359375 0.6314347359375 0.313037715625 0.624605528125 0.3102810671875 0.62112288125 0.30660553749999997 0.616479353125 0.30139706875 0.6125643843749999 0.2954729375 0.609522084375
0 0.2405436671875 0.8250030265625 0.236457153125 0.8195602781250001 0.23006772187500002 0.81512811875 0.22482001093749998 0.81325836875 0.21939547187500003 0.81088521875 0.2155470640625 0.8116232968749999 0.21208295000000002 0.8162068859374999 0.2027515734375 0.8329780421875 0.1485761203125 0.9457477937500001 0.19239796250000002 0.9534747671874999 0.24476805625 0.8432199921875 0.24528737656250002 0.8357560640624999 0.24359985312500002 0.830264103125 0.2405436671875 0.8250030265625
0 0.523955334375 0 0.5203066828125 0.0080362984375 0.47399158437500005 0.11091378125 0.47080613437499996 0.131642509375 0.4700036296875 0.1415200203125 0.4759783140625 0.147583025 0.48240842187500005 0.153726334375 0.48848525625 0.155215303125 0.49252989999999996 0.1509189765625 0.545700925 0.0304647234375 0.5458338359375 0.021721521875 0.5461366125 0.01467810625 0.5453008296874999 0.0074339328125 0.5422864015625 0.0018929015625 0.5407880984375 0 0.523955334375 0
0 0.6380354968749999 0.1558831484375 0.6440642000000001 0.1599442203125 0.6492177671875 0.1621378109375 0.654503925 0.1622133171875 0.703852390625 0.028231370312499997 0.6731324609375 0.022814618749999998 0.643411165625 0.09943980625 0.6357737109375 0.1263604328125 0.630650515625 0.1485848796875 0.6380354968749999 0.1558831484375
3 0.3375 0.49765625 0.059375 0.0671875
3 0.8203125 0.57421875 0.0765625 0.084375
2 0.05546875 0.22265625 0.0359375 0.053125
2 0.26484375 0.48125 0.0421875 0.0546875
2 0.36015625 0.40703125 0.040625 0.05
2 0.3828125 0.5609375 0.040625 0.05
2 0.43515625 0.58515625 0.0421875 0.0484375
2 0.45078125 0.63046875 0.040625 0.0453125
2 0.51640625 0.96640625 0.04375 0.05625
2 0.6875 0.7890625 0.0453125 0.053125
2 0.73046875 0.85625 0.0453125 0.053125
2 0.8625 0.97890625 0.053125 0.0421875
2 0.890625 0.66640625 0.0421875 0.046875
2 0.66328125 0.4015625 0.0375 0.046875
2 0.62578125 0.1140625 0.0265625 0.05625
2 0.1828125 0.13671875 0.0421875 0.0484375
1 0.134375 0.0296875 0.06875 0.059375
1 0.15625 0.234375 0.0625 0.0671875
1 0.096875 0.171875 0.059375 0.0671875
1 0.1984375 0.0796875 0.0625 0.0703125
1 0.27109375 0.153125 0.0703125 0.084375
1 0.2984375 0.1078125 0.0671875 0.075
1 0.36171875 0.2328125 0.0671875 0.078125
1 0.121875 0.26015625 0.0640625 0.071875
1 0.1265625 0.33203125 0.0625 0.06875
1 0.19609375 0.334375 0.0625 0.0703125
1 0.271875 0.3921875 0.0625 0.065625
1 0.26953125 0.4421875 0.065625 0.071875
1 0.31484375 0.37109375 0.065625 0.06875
1 0.36171875 0.45625 0.065625 0.0671875
1 0.41328125 0.43984375 0.0671875 0.0734375
1 0.4390625 0.53671875 0.065625 0.0703125
1 0.515625 0.58515625 0.0703125 0.0734375
1 0.53671875 0.6625 0.0734375 0.08125
1 0.659375 0.6375 0.0703125 0.071875
2 0.59140625 0.73359375 0.0453125 0.05625
1 0.65859375 0.7015625 0.0640625 0.0671875
1 0.57109375 0.3921875 0.06875 0.078125
1 0.73203125 0.53984375 0.059375 0.0703125
1 0.76171875 0.80859375 0.0734375 0.0796875
1 0.85859375 0.815625 0.0765625 0.08125
1 0.753125 0.70390625 0.0765625 0.0796875
1 0.86796875 0.9328125 0.0796875 0.0890625
1 0.94453125 0.7203125 0.0609375 0.0828125
1 0.9453125 0.79609375 0.0328125 0.0796875
1 0.56953125 0.88359375 0.0703125 0.078125
1 0.58359375 0.1015625 0.0453125 0.0890625
2 0.309375 0.82109375 0.0359375 0.071875