0 0.6528606671875 0.31824129375 0.6526474125 0.33070900000000003 0.659587871875 0.35321645 0.6658717328125 0.366428915625 0.77015464375 0.33569891875 0.7766247203125001 0.3163506984375 0.7714550874999999 0.29694873906249997 0.7641314875 0.27690149218750004 0.7543330109374999 0.2775710203125 0.66172705 0.301842615625 0.6528606671875 0.31824129375
3 0.7426545875 0.40933939375 0.8115371171874999 0.390132334375 0.8170668953125 0.379098209375 0.821549834375 0.37188234531250003 0.8294065984375001 0.36789071875 0.8279483937500001 0.3540252875 0.82995304375 0.344886434375 0.8250889984375 0.333394709375 0.8187579765624999 0.3309077828125 0.8128168328125 0.32425821718750003 0.8025405453125 0.3288530984375 0.7933698609375 0.3321559640625 0.783631246875 0.3366167875 0.7546842328125 0.34993223281249997 0.7520278890625 0.34500456874999996 0.7365546890625 0.3493706484375 0.728279540625 0.35397476875 0.7259757953125 0.3642045515625 0.7340000875 0.3906618765625 0.7426545875 0.40933939375
3 0.3201981484375 0.1464910078125 0.32560580781250004 0.1797268125 0.3323416171875 0.1850922921875 0.34066147812500003 0.1823774734375 0.3449156453125 0.18067634375 0.33759839375 0.1210179203125 0.3330142625 0.0997452609375 0.3124995296875 0.099736590625 0.31737769843749997 0.13950887343750001 0.3201981484375 0.1464910078125
2 0.79296875 0.71953125 0.0421875 0.0421875
2 0.46953125 0.40390625 0.03125 0.05625
2 0.23046875 0.83359375 0.04375 0.040625
2 0.8671875 0.23984375 0.0421875 0.0421875
2 0.778125 0.25 0.0421875 0.0421875
2 0.74140625 0.246875 0.0421875 0.0421875
2 0.65546875 0.2875 0.040625 0.0390625
2 0.58125 0.96875 0.03125 0.053125
1 0.88203125 0.3140625 0.0640625 0.0546875
1 0.82578125 0.28359375 0.0625 0.0546875
1 0.69765625 0.26171875 0.0625 0.053125
1 0.70078125 0.43359375 0.0578125 0.0515625
1 0.45 0.20078125 0.046875 0.0859375
1 0.41328125 0.04765625 0.046875 0.0828125
1 0.3515625 0.096875 0.0453125 0.0875
1 0.3015625 0.1109375 0.0453125 0.090625
1 0.1828125 0.496875 0.0625 0.0546875
1 0.128125 0.84375 0.06875 0.0546875
1 0.1078125 0.79765625 0.078125 0.0625
1 0.0953125 0.690625 0.06875 0.0578125
1 0.11484375 0.7453125 0.0703125 0.05625
1 0.215625 0.73515625 0.0703125 0.065625
1 0.27421875 0.48125 0.0671875 0.0765625
1 0.07578125 0.3 0.065625 0.090625
1 0.95078125 0.85234375 0.0734375 0.1015625
1 0.89140625 0.81875 0.078125 0.128125
1 0.9546875 0.7046875 0.0671875 0.1078125
1 0.7921875 0.125 0.0671875 0.0734375
1 0.009375 0.15 0.01875 0.05625