0 0.3564934875 0.7986545140625 0.3594478046875 0.8265195421874999 0.3700254578125 0.829363246875 0.38550175468750003 0.829168978125 0.40123884218750006 0.8260525640624999 0.41906929374999996 0.8114456171875 0.41405676874999997 0.7069284203125 0.396203140625 0.70356155 0.3716021734375 0.7057138546874999 0.35819207343750004 0.711815946875 0.3499736375 0.7241322859375 0.3564934875 0.7986545140625
0 0.3959062578125 1 0.403732484375 0.9935267390625 0.399318578125 0.9031526812499999 0.38870088593749996 0.9015604921874999 0.37072844531250004 0.9014521312499999 0.3564411609375 0.9035424796875 0.34391378125 0.9200453109375 0.3463002515625 0.9929489265625 0.346917140625 1 0.3959062578125 1
3 0.43918880624999995 0.8559541203125001 0.45026934843750005 0.8546991390625 0.45504449999999996 0.8511402203125 0.46777229374999996 0.8454577390625 0.4727795078125 0.8387373703125001 0.4721596734375 0.8316526265625 0.47708358593750005 0.8297940453124999 0.48156121875 0.8228344484375001 0.47993075625000003 0.7518729328125 0.4573729765625 0.7498486578125 0.43109920625000003 0.7518617562500001 0.4258936484375 0.7563150078125 0.4195456234375 0.7651515953125 0.41951886250000003 0.7822874718749999 0.4251954984375 0.7832186250000001 0.424911884375 0.8032325578125 0.4221628359375 0.8183221312500001 0.42547124375 0.8328817453124999 0.42105907187499997 0.8464034703125 0.42688446718749995 0.8490349609375001 0.4303098890625 0.8533042171874999 0.43918880624999995 0.8559541203125001
3 0.0513330078125 0.47496758593750005 0.078863359375 0.472253328125 0.13339328125 0.46075793125000003 0.1372913046875 0.455526246875 0.1361671125 0.44889995625 0.129099275 0.442793665625 0.1086197671875 0.44519672187500003 0.09362319062499999 0.44803708125 0.0848982734375 0.44788341562499995 0.046959384375 0.45609328906249996 0.0513330078125 0.47496758593750005
3 0.58125 0.115625 0.0421875 0.059375
2 0.6765625 0.1390625 0.0359375 0.040625
2 0.68984375 0.04375 0.034375 0.04375
2 0.9640625 0.43046875 0.0640625 0.021875
2 0.7921875 0.7328125 0.0359375 0.0375
2 0.68359375 0.57265625 0.0375 0.0375
2 0.3390625 0.84921875 0.040625 0.0390625
2 0.32421875 0.815625 0.0390625 0.0375
2 0.2921875 0.8125 0.0359375 0.0375
2 0.33828125 0.721875 0.040625 0.034375
1 0.4890625 0.71640625 0.0484375 0.0546875
1 0.43515625 0.89921875 0.0515625 0.0609375
1 0.3875 0.86015625 0.0484375 0.0578125
1 0.32265625 0.76953125 0.0453125 0.059375
1 0.63515625 0.66953125 0.0515625 0.059375
1 0.91484375 0.77265625 0.1234375 0.0609375
1 0.853125 0.87109375 0.0984375 0.059375
1 0.6796875 0.22109375 0.05 0.0609375
1 0.62890625 0.1546875 0.065625 0.0734375
1 0.64453125 0.0734375 0.053125 0.0640625
1 0.57265625 0.0265625 0.0578125 0.053125
1 0.546875 0.228125 0.0453125 0.0625
1 0.52734375 0.346875 0.0828125 0.059375
1 0.42890625 0.425 0.0859375 0.05625
1 0.2859375 0.525 0.0921875 0.04375
1 0.05703125 0.49375 0.0921875 0.0328125
1 0.05546875 0.4421875 0.0921875 0.03125