0 0.6638959515625 0.22653537343750002 0.6573299578125 0.21247403281250002 0.64465135 0.20904807656250002 0.633230084375 0.2073933796875 0.6299176734375 0.21154835625 0.61880285 0.39116155625000004 0.6206362765625 0.400961775 0.6274702578125 0.40738129218749997 0.635430709375 0.4117790015625 0.64150514375 0.41351981875000005 0.6473322421875001 0.412907365625 0.6522163328125 0.41096646718749996 0.6538499609375 0.383195275 0.6638959515625 0.22653537343750002
0 0.6367858953125001 0.7399753437500001 0.6492667546875001 0.609812740625 0.6460219687500001 0.5924683765625 0.6429500671875 0.582180003125 0.629381896875 0.5775425078125 0.6219827687499999 0.5747831046874999 0.618622984375 0.5806945031249999 0.6065437421875 0.717383759375 0.6070843265625 0.7279381859375 0.60984105625 0.7352279 0.612845128125 0.7394598359375 0.6219657125 0.7450700890624999 0.630894796875 0.74615279375 0.6353949109375 0.7456798124999999 0.6367858953125001 0.7399753437500001
0 0.476101890625 1 0.4844386421875 0.8947892859375 0.483510646875 0.841831453125 0.47632720468749995 0.8369203562499999 0.46495015000000006 0.8334802281249999 0.4555956890625 0.8354936203125 0.448389396875 0.9737829109374999 0.4495844203125 1 0.476101890625 1
3 0.49453125 0.9296875 0.03125 0.0671875
3 0.7625 0.71171875 0.0515625 0.0609375
3 0.49140625 0.46171875 0.0609375 0.0875
2 0.903125 0.82890625 0.0359375 0.0453125
2 0.87890625 0.7859375 0.0359375 0.046875
2 0.7390625 0.74609375 0.034375 0.040625
2 0.6765625 0.72265625 0.0359375 0.04375
2 0.5890625 0.7453125 0.0234375 0.0546875
2 0.5921875 0.646875 0.0234375 0.0546875
2 0.496875 0.871875 0.021875 0.0546875
2 0.2953125 0.58359375 0.034375 0.040625
2 0.309375 0.5328125 0.0359375 0.040625
2 0.034375 0.38984375 0.0421875 0.046875
2 0.04140625 0.1265625 0.046875 0.0515625
1 0.2828125 0.33671875 0.0625 0.0625
1 0.28125 0.39296875 0.0609375 0.059375
1 0.13984375 0.50859375 0.0578125 0.0671875
1 0.14765625 0.2890625 0.06875 0.065625
1 0.10703125 0.2140625 0.078125 0.0765625
1 0.184375 0.728125 0.0578125 0.0859375
1 0.6671875 0.678125 0.053125 0.0640625
1 0.53984375 0.8703125 0.0375 0.084375
1 0.5890625 0.8234375 0.0328125 0.0734375
1 0.534375 0.95234375 0.0359375 0.078125