0 0.2929418828125 0.83711458125 0.3016216421875 0.8379718421875 0.3397161421875 0.65537541875 0.338269515625 0.6468028171875 0.332483009375 0.6412306265625001 0.3247676671875 0.6365156953125 0.314159071875 0.6352298046875 0.308372565625 0.6365156953125 0.29559403125 0.6862367875000001 0.26979585781250004 0.80882499375 0.271242484375 0.8178262265624999 0.2763056765625 0.828970609375 0.2929418828125 0.83711458125
0 0.274376840625 1 0.3110247140625 0.8679759484374999 0.31126581875000003 0.8564029359375 0.30740814843750003 0.847401703125 0.298487284375 0.840543621875 0.2905308375 0.83711458125 0.283538809375 0.8375432109375 0.276064571875 0.8401149921875 0.270278065625 0.8641182765625001 0.230495834375 1 0.274376840625 1
0 0.41740176875 0.1806359984375 0.42797405 0.18244322500000001 0.45867432656249996 0.0552144125 0.45623456874999996 0.0385879203125 0.452778246875 0.032443346875 0.44769541874999996 0.0270216640625 0.439969521875 0.0241301015625 0.4350900078125 0.022684318749999998 0.4283806765625 0.048433695312500004 0.4037797921875 0.14132518593750001 0.40296654062500004 0.14385530468750002 0.40418641875 0.1709637171875 0.41740176875 0.1806359984375
0 0.568711325 0.16506427968749998 0.5802751984375 0.16465311875 0.6064095546875 0.0211582921875 0.60548444375 0.0001891328125 0.57981264375 0.00041116093750000004 0.558535115625 0.10607927187499999 0.5541408437500001 0.14656208125 0.5539095656249999 0.155196440625 0.568711325 0.16506427968749998
3 0.9234375 0.61328125 0.06484375 0.0796875
3 0.29609375 0.5015625 0.046875 0.0578125
0 0.1614863140625 0.1325806484375 0.16900178593749998 0.114423609375 0.1676528546875 0.1034608671875 0.1616790171875 0.09112778437499999 0.151272978125 0.0716004015625 0.0799723390625 0.0119904984375 0.0674465515625 0.04179545 0.07708177187500001 0.0688597171875 0.1508875703125 0.139774946875 0.15628329375 0.1390897765625 0.1614863140625 0.1325806484375
2 0.3171875 0.421875 0.02890625 0.04140625
2 0.34765625 0.54921875 0.03203125 0.0453125
2 0.39296875 0.56171875 0.03125 0.04296875
2 0.678125 0.74453125 0.03359375 0.04296875
2 0.77421875 0.8046875 0.0375 0.046875
2 0.746875 0.453125 0.03203125 0.03984375
2 0.16328125 0.23515625 0.03125 0.04140625
1 0.128125 0.15859375 0.053125 0.0671875
1 0.03984375 0.1640625 0.046875 0.0609375
1 0.028125 0.2328125 0.046875 0.05546875
1 0.08046875 0.2796875 0.046875 0.05625
1 0.046875 0.29921875 0.04921875 0.06328125
1 0.05078125 0.35859375 0.04921875 0.05625
1 0.11953125 0.3578125 0.04921875 0.05703125
1 0.18984375 0.396875 0.0484375 0.0546875
1 0.22421875 0.45859375 0.05234375 0.0609375
1 0.26796875 0.4375 0.0515625 0.05703125
1 0.26328125 0.39453125 0.053125 0.05625
1 0.20234375 0.19921875 0.04921875 0.0578125
1 0.3265625 0.22578125 0.053125 0.065625
1 0.421875 0.34140625 0.053125 0.06640625
1 0.378125 0.45 0.05390625 0.05859375
1 0.39140625 0.5171875 0.05 0.05625
1 0.490625 0.56171875 0.05625 0.06015625
1 0.50234375 0.6203125 0.059375 0.06328125
1 0.59296875 0.565625 0.05546875 0.0578125
1 0.6453125 0.64921875 0.05 0.05703125
1 0.71875 0.703125 0.05703125 0.0625
1 0.81328125 0.77578125 0.06015625 0.0703125
1 0.92890625 0.775 0.06640625 0.078125
1 0.8296875 0.5671875 0.04921875 0.06171875
1 0.646875 0.45078125 0.053125 0.06328125
1 0.83046875 0.30859375 0.05 0.08203125
2 0.5453125 0.1234375 0.01640625 0.0546875
2 0.565625 0.67578125 0.0328125 0.03984375