1 0.1139420125 0.8098006375000001 0.084834803125 0.788757765625 0.012067653125 0.8247234718750001 0.045055962500000005 0.8474232921875 0.1077957265625 0.8172288546875001 0.1139420125 0.8098006375000001
1 0 0.771578784375 0.04242836875 0.7964506124999999 0.0515883796875 0.7990791015625 0.0773040421875 0.782055165625 0 0.7347060640625 0 0.771578784375
1 0 0.7363128046875 0.009109353125 0.73817034375 0.0410388625 0.7282099468750001 0 0.6986602484375 0 0.7363128046875
1 0 0.6987372421875 0.0657457953125 0.7422968125 0.079272303125 0.7446354296875 0.112345665625 0.7325477421875 0.0177810140625 0.6714042859375 0 0.6787968171875 0 0.6987372421875
2 0.1734375 0.68828125 0.0453125 0.0421875
1 0.34453125 0.62578125 0.0671875 0.0703125
3 0.34765625 0.796875 0.0609375 0.0578125
1 0.371875 0.965625 0.06875 0.0484375
1 0.47421875 0.71875 0.0578125 0.0625
1 0.5 0.90703125 0.065625 0.06875
1 0.490625 0.965625 0.06875 0.06875
1 0.553125 0.8765625 0.0625 0.0671875
1 0.62890625 0.79453125 0.05625 0.065625
1 0.709375 0.94453125 0.0796875 0.071875
3 0.4984375 0.8078125 0.0953125 0.1171875
0 0.56875 0.78359375 0.10625 0.140625
0 0.553125 0.95078125 0.09375 0.0984375
1 0.925 0.63359375 0.096875 0.046875
1 0.67890625 0.57109375 0.10625 0.0625
1 0.70625 0.54453125 0.1015625 0.0640625
1 0.325 0.3875 0.053125 0.0640625
1 0.52265625 0.32578125 0.096875 0.078125
2 0.3625 0.22265625 0.04375 0.0453125
2 0.30078125 0.2359375 0.0453125 0.0453125
2 0.3921875 0.02421875 0.04375 0.0484375
2 0.43125 0.1890625 0.0515625 0.05
1 0.36796875 0.12265625 0.065625 0.0765625
1 0.51640625 0.07421875 0.065625 0.0734375
1 0.4953125 0.18828125 0.0609375 0.06875
3 0.45390625 0.11640625 0.075 0.0953125
2 0.05 0.36171875 0.0625 0.0328125
1 0.4631038875 0.275469240625 0.43650871562500004 0.2099047546875 0.385982703125 0.20833570781250002 0.4174522875 0.276494084375 0.4631038875 0.275469240625
1 0.486794984375 0.28378857812499997 0.5028631578125 0.2833144953125 0.48330209062499996 0.2239841375 0.476348884375 0.2174255390625 0.4501386453125 0.21674948437500002 0.44050449687500004 0.218483109375 0.464778178125 0.2810562984375 0.486794984375 0.28378857812499997
1 0.93125 0.56171875 0.0984375 0.046875
1 0.96953125 0.55 0.0609375 0.0375
1 0.94609375 0.5125 0.09375 0.046875
1 0.97578125 0.49609375 0.0484375 0.0390625
3 0.9046875 0.521875 0.0859375 0.046875
1 0.9234375 0.1390625 0.075 0.0703125