0 0.660252828125 0.32180613125 0.6719107765625 0.1567600421875 0.6711467703125 0.1446810828125 0.66275341875 0.131458659375 0.6483336859375 0.126284203125 0.6389492875 0.12150992812500001 0.6342195140625 0.1254982 0.622106696875 0.322735825 0.625235490625 0.331712815625 0.6317209109374999 0.3380023640625 0.6456064546875 0.34159012187500004 0.6498787765625 0.3409896859375 0.656134578125 0.3390026421875 0.658880871875 0.336400978125 0.660252828125 0.32180613125
0 0.631491275 0 0.6202654640625 0.09428212968750001 0.6217183203125 0.1046197453125 0.6274575062500001 0.1113430140625 0.63955763125 0.119180271875 0.6458495656250001 0.12180993281250001 0.651311475 0.12054032031249999 0.657671875 0.11563050156250002 0.66126510625 0.0930379203125 0.6739476062499999 0 0.631491275 0
0 0.43503798906249996 0.7331982499999999 0.4356802609375 0.71909071875 0.4359655296875 0.7107441 0.4341035640625 0.6788179875 0.4287401296875 0.6717844000000001 0.3274872265625 0.636175403125 0.322839290625 0.6342328375 0.3204800125 0.63819851875 0.319122615625 0.6513682375000001 0.318623815625 0.6706471828125 0.32112768125 0.6843125531250001 0.3239889234375 0.6963702234375 0.3279224796875 0.7056813984375 0.333643103125 0.7090306828124999 0.4291038359375 0.74078129375 0.4341808828125 0.7437018671875 0.43503798906249996 0.7331982499999999
0 0.47172318593749996 1 0.47379000781249997 0.9464283203124999 0.47202510625 0.896106478125 0.46421775 0.8916466 0.454190946875 0.889165784375 0.4439345796875 0.8872729453125 0.44225164375 0.8975123 0.4390345546875 1 0.47172318593749996 1
3 0.95703125 0.60546875 0.0578125 0.06875
3 0.7828125 0.76171875 0.065625 0.0734375
2 0.9375 0.6796875 0.040625 0.05625
2 0.8953125 0.56015625 0.040625 0.053125
2 0.84765625 0.55859375 0.04375 0.0484375
2 0.840625 0.52109375 0.040625 0.0546875
2 0.84609375 0.34296875 0.0421875 0.0671875
2 0.73203125 0.4484375 0.0390625 0.0515625
2 0.65859375 0.44375 0.040625 0.0515625
2 0.60546875 0.43515625 0.0390625 0.0546875
2 0.50703125 0.3796875 0.040625 0.0515625
2 0.446875 0.3671875 0.040625 0.0546875
2 0.40625 0.32265625 0.0421875 0.0484375
2 0.2390625 0.315625 0.0421875 0.0546875
2 0.0453125 0.209375 0.046875 0.0546875
2 0.48671875 0.9265625 0.025 0.0578125
2 0.340625 0.96953125 0.0328125 0.0578125
2 0.72734375 0.6828125 0.040625 0.0484375
1 0.984375 0.90546875 0.03125 0.0640625
1 0.9796875 0.86640625 0.040625 0.0828125
1 0.93046875 0.87421875 0.059375 0.075
1 0.89375 0.80546875 0.0640625 0.0703125
1 0.83671875 0.8265625 0.0609375 0.065625
1 0.78984375 0.946875 0.0546875 0.040625
1 0.52421875 0.625 0.0640625 0.0703125
1 0.58828125 0.48359375 0.0609375 0.0625
1 0.60546875 0.53984375 0.065625 0.0671875
1 0.45625 0.43203125 0.065625 0.0703125
1 0.359375 0.3546875 0.06875 0.0734375
1 0.30859375 0.3921875 0.071875 0.075
1 0.2515625 0.41875 0.0703125 0.0734375
1 0.13671875 0.378125 0.0765625 0.084375
1 0.06640625 0.4609375 0.0765625 0.0875
1 0.090625 0.5375 0.065625 0.0765625
1 0.215625 0.54453125 0.065625 0.0734375
1 0.1546875 0.775 0.065625 0.096875
1 0.3390625 0.58125 0.06875 0.0796875
1 0.334375 0.44765625 0.0671875 0.0703125
1 0.528125 0.51484375 0.0640625 0.06875
1 0.58125 0.73359375 0.0625 0.0671875
1 0.76484375 0.5078125 0.06875 0.0796875
1 0.78828125 0.56484375 0.065625 0.0703125
1 0.871875 0.65 0.0640625 0.0703125
1 0.871875 0.6 0.0609375 0.0640625
1 0.98984375 0.715625 0.0203125 0.071875
1 0.965625 0.65390625 0.059375 0.06875
1 0.97421875 0.775 0.0515625 0.06875
1 0.91640625 0.7359375 0.0609375 0.06875
1 0.6625 0.65625 0.0609375 0.065625
1 0.53125 0.92421875 0.0421875 0.0875
1 0.703125 0.76015625 0.0640625 0.065625
1 0.81796875 0.70625 0.0625 0.06875
1 0.684375 0.565625 0.059375 0.059375
1 0.14296875 0.32109375 0.075 0.0828125
2 0.5640625 0.1390625 0.0359375 0.0703125
1 0.6046875 0.21875 0.0515625 0.1109375