0 0.623977934375 0.709098703125 0.6295181953125 0.7125227078124999 0.6593070046875 0.7218106546875 0.7955999921875 0.7643158125 0.8143854625 0.7580019546875 0.821452015625 0.7469042640625 0.8261143703125 0.7386323906250001 0.824056484375 0.734153546875 0.6442191734375 0.68091468125 0.6374759796875 0.6809163671875 0.6316140234375001 0.6845627999999999 0.626239421875 0.6956015140625 0.6252810015625 0.7007105625000001 0.6243471984375 0.7055853890625 0.623977934375 0.709098703125
0 0.8594877609375 0.7368137453125 0.85330238125 0.7417370859375 0.8485598812499999 0.746413978125 0.8463113874999999 0.7509548968749999 0.8451554031249999 0.7552125390625 0.84754454375 0.759444684375 0.8495626187499999 0.7638368796874999 0.8528594359375001 0.7661739078124999 0.8607318093749999 0.7687927953125 0.9700939375000001 0.8107410609375 0.9743352312500001 0.77038785625 0.87531808125 0.734496540625 0.8704956125000001 0.7331934718750001 0.865590371875 0.7326779109375 0.8594877609375 0.7368137453125
0 0.163245346875 0.42216397812500006 0.169076128125 0.415464340625 0.1731179265625 0.40702554218750003 0.17378751718750002 0.39690276875 0.0344810984375 0.360323640625 0.021311653125 0.35805311562500003 0.0122783734375 0.35697519375 0.0095006 0.3834039375 0.1110036875 0.412684534375 0.1411739359375 0.41829304843750004 0.1515669828125 0.4207149421875 0.163245346875 0.42216397812500006
3 0.07421875 0.41484375 0.0671875 0.03125
2 0.3375 0.9359375 0.0515625 0.0390625
2 0.13125 0.42890625 0.05625 0.025
2 0.946875 0.1421875 0.0453125 0.0453125
2 0.94375 0.74609375 0.06875 0.034375
2 0.9203125 0.67734375 0.071875 0.0359375
2 0.8078125 0.70703125 0.0671875 0.028125
2 0.81328125 0.659375 0.0640625 0.03125
1 0.29453125 0.86875 0.0625 0.0578125
1 0.33046875 0.88828125 0.0640625 0.059375
1 0.3625 0.83203125 0.065625 0.0609375
1 0.42890625 0.79453125 0.0546875 0.0609375
1 0.16171875 0.809375 0.0625 0.053125
1 0.27265625 0.94765625 0.0625 0.05625
1 0.28515625 0.6359375 0.0609375 0.05625
1 0.48828125 0.3625 0.0609375 0.05625
1 0.7140625 0.29375 0.0625 0.0640625
1 0.65 0.30390625 0.0640625 0.0625
1 0.63046875 0.12421875 0.0703125 0.0625
1 0.33515625 0.15625 0.0859375 0.0578125
1 0.121875 0.4703125 0.0828125 0.0359375