2 0 0.41103544375 0.02352096875 0.41744665156250005 0.0466821703125 0.40816756249999997 0.045101907812499994 0.39623344843749997 0 0.3845453109375 0 0.41103544375
2 0.1370340140625 0.3575860875 0.12719761875 0.344252640625 0.06807356249999999 0.33679570625 0.056866653125 0.36284402656250003 0.1268821765625 0.3654805125 0.1370340140625 0.3575860875
2 0.089515140625 0.3861975421875 0.0788795328125 0.40567624843749994 0.135966490625 0.41432632343750003 0.15300292499999998 0.407855171875 0.1528076625 0.3966686046875 0.096318940625 0.382991890625 0.089515140625 0.3861975421875
2 0 0.34553803437499997 0.0140663296875 0.3473849359375 0.027700865624999998 0.342516609375 0.0240498359375 0.32984691875 0 0.32444795000000004 0 0.34553803437499997
1 0.25002492187500003 0.385711 0.2523034 0.3590468046875 0.15329715 0.3461122375 0.143104915625 0.35169220156250003 0.13796217500000002 0.3714608921875 0.25002492187500003 0.385711
0 0.316873190625 0.3640935140625 0.3326178703125 0.3229173984375 0.12343784218750001 0.2860532203125 0.107201640625 0.29907004375 0.0980654953125 0.3258539421875 0.316873190625 0.3640935140625
0 0 0.32286160937499997 0.0784004609375 0.3389306171875 0.09735279687500001 0.32432293749999996 0.09965820625 0.29920171562500003 0 0.2747045921875 0 0.32286160937499997
1 0.5046875 0.45078125 0.06875 0.065625
1 0.54296875 0.36171875 0.0734375 0.065625
1 0.525 0.29140625 0.0578125 0.0609375
1 0.46953125 0.29765625 0.0625 0.0640625
1 0.68671875 0.4171875 0.0671875 0.0578125
1 0.6046875 0.24921875 0.065625 0.0578125
1 0.5765625 0.19609375 0.0734375 0.0578125
1 0.65703125 0.1484375 0.05625 0.0578125
1 0.59453125 0.0828125 0.0671875 0.05625
1 0.64375 0.0984375 0.0671875 0.0578125
1 0.6984375 0.07578125 0.0671875 0.059375
1 0.91640625 0.04609375 0.0765625 0.0546875
1 0.7640625 0.01328125 0.053125 0.0265625
2 0.66953125 0.0140625 0.0515625 0.028125
2 0.6328125 0.01484375 0.05 0.0296875
2 0.53671875 0.146875 0.0546875 0.0390625
2 0.46171875 0.37265625 0.0578125 0.0375
1 0.3828125 0.6640625 0.0734375 0.0640625
1 0.403125 0.9828125 0.078125 0.034375
2 0.06875 0.98125 0.059375 0.0375
2 0.60703125 0.965625 0.053125 0.0390625
1 0.7296875 0.89375 0.0953125 0.0609375
1 0.8819287359375 0.510504234375 0.875340396875 0.5260536828125 0.95581075 0.5381542125000001 0.9625808859375 0.5330198421875 0.965740390625 0.51753024375 0.8914486703125 0.505707728125 0.8819287359375 0.510504234375
1 1 0.5198754906249999 0.978063990625 0.51615755 0.9647055171875 0.53684136875 0.9785353125 0.5431596109375 1 0.5458261109375 1 0.5198754906249999
2 0.9462783671875 0.581537059375 0.9507218765625 0.5610088515625 0.9060527828125 0.5563864953125 0.8807938828124999 0.5633870328125 0.8898973765625 0.5740322453125 0.9462783671875 0.581537059375
3 1 0.5676979265625001 0.9596570421875 0.5620104718750001 0.9515490390625001 0.5690974984375 0.9517308343750001 0.5795125796875 1 0.5888924421875 1 0.5676979265625001
3 1 0.5917679546875 0.88856624375 0.5763706484375 0.8733188000000001 0.6067339703125 0.9132615921875 0.6156832953125 1 0.6269449609375 1 0.5917679546875