0 0.27933394843750003 0.9851188390625 0.28961464062500003 0.9891308171875 0.3407673578125 0.79617251875 0.3412688546875 0.7863654625 0.338259871875 0.780570384375 0.330235915625 0.77432953125 0.3232149546875 0.770317553125 0.31845073125 0.7689802265625 0.3126835125 0.771654878125 0.30691629531250003 0.781016159375 0.3029043171875 0.79617251875 0.2978893453125 0.8130941500000001 0.2572680703125 0.9610469734375 0.2572680703125 0.9681793781250001 0.2677995125 0.977540659375 0.27933394843750003 0.9851188390625
3 0.43515625 0.8734375 0.04140625 0.14609375
3 0.92890625 0.77578125 0.0734375 0.07890625
1 0.9703125 0.771875 0.059375 0.0796875
2 0.97109375 0.9078125 0.040625 0.04296875
2 0.7875 0.76640625 0.034375 0.0390625
2 0.63984375 0.728125 0.03359375 0.04765625
2 0.62265625 0.67734375 0.034375 0.0453125
2 0.528125 0.675 0.03359375 0.04453125
2 0.3671875 0.5390625 0.03125 0.03828125
2 0.4046875 0.5890625 0.03203125 0.03671875
2 0.48671875 0.51484375 0.03046875 0.0421875
2 0.54921875 0.32890625 0.0296875 0.03828125
2 0.684375 0.3875 0.03125 0.03828125
2 0.33828125 0.253125 0.0296875 0.04140625
2 0.2609375 0.50390625 0.03203125 0.04296875
2 0.2640625 0.0640625 0.0296875 0.0375
1 0.06953125 0.09140625 0.0453125 0.0578125
1 0.20546875 0.08203125 0.04609375 0.04453125
1 0.128125 0.3390625 0.05859375 0.0671875
1 0.29140625 0.43671875 0.05 0.0484375
1 0.44375 0.528125 0.053125 0.05625
1 0.45234375 0.721875 0.0234375 0.10078125
1 0.484375 0.81328125 0.02734375 0.10546875
1 0.5578125 0.4578125 0.053125 0.05546875
1 0.65390625 0.41796875 0.05390625 0.06171875
1 0.49765625 0.13671875 0.02890625 0.07578125
1 0.56015625 0.64609375 0.0578125 0.065625
1 0.6734375 0.61328125 0.05625 0.0578125
1 0.82421875 0.5734375 0.059375 0.0703125
1 0.9484375 0.61796875 0.05390625 0.0671875
1 0.7265625 0.81875 0.0640625 0.0671875
1 0.66875 0.65234375 0.05390625 0.059375
1 0.73984375 0.64296875 0.05546875 0.05234375
1 0.8421875 0.5359375 0.05 0.0609375
1 0.83203125 0.31015625 0.05 0.0828125
1 0.53359375 0.35859375 0.05234375 0.0546875