0 0.56704654375 0.25027830624999997 0.564362646875 0.2394707453125 0.445346021875 0.21895028437500003 0.4385164671875 0.24206761562499998 0.43420333125 0.26776724218750003 0.43528203593750003 0.27891608125 0.4460522171875 0.280522884375 0.5574200312500001 0.297370121875 0.56704654375 0.25027830624999997
0 0 0.57524711875 0.03333444375 0.58180613125 0.0541732484375 0.5684912796875 0.0582087984375 0.54409759375 0.058389778125 0.52161448125 0 0.5121003625 0 0.57524711875
0 0.2493459875 0.5840425859375 0.256521046875 0.5719182484374999 0.26068484375 0.5523291265625 0.261737815625 0.5293488890625 0.1467040046875 0.5117224203124999 0.131592 0.5269370109375 0.126655771875 0.5429495875 0.124086621875 0.5676549671875 0.12810866875 0.5739696578125 0.13475724218750001 0.5733354390625001 0.2337889171875 0.5923378546875 0.2493459875 0.5840425859375
3 0.21993883281249998 0.452343225 0.142732615625 0.4422423734375 0.1346608046875 0.45188436875000004 0.1238969609375 0.450858409375 0.1153216109375 0.45786943906250005 0.113689696875 0.4688802734375 0.10880643593749999 0.4735211578125 0.10395945 0.48132467500000004 0.106816078125 0.4945515453125 0.1109656796875 0.49669553750000006 0.11497720625 0.5044890375 0.1265570078125 0.5000095765625 0.143540378125 0.5067744234375 0.158381278125 0.5036191171875 0.181054115625 0.5052834578125001 0.1826107515625 0.5112931859375001 0.20057467343750002 0.515111534375 0.21139429375000002 0.5092085265625 0.2150961328125 0.5017925859375 0.22019274531250002 0.47448163125000004 0.21993883281249998 0.452343225
3 0.49444656406250004 0.8992563546874999 0.499081628125 0.88386025625 0.50408685 0.8667226937500001 0.5032070171874999 0.8580416640624999 0.4971033171875 0.8531039937499999 0.488788034375 0.8537633859374999 0.4656851015625 0.914377953125 0.4627144453125 0.9331614078125 0.4605028625 0.938758475 0.480417990625 0.946025140625 0.49369686718750005 0.9075910171875 0.49444656406250004 0.8992563546874999
3 0.866660178125 0.351635953125 0.8624770343750001 0.34407293125 0.8137145640625001 0.33310143124999997 0.8077503765625 0.34032771875 0.8029034171875 0.3599257859375 0.8049634859375001 0.36946439375 0.8242268015624999 0.3765925140625 0.8275998703124999 0.38155648750000004 0.8563144515625 0.3906935375 0.866660178125 0.351635953125
1 0.4232927796875 0.7407817031249999 0.42335623125 0.7522718546875 0.43326878750000003 0.7645803140625 0.43923066874999994 0.7601092171875 0.4761815625 0.6991033875 0.47911737656250003 0.686975565625 0.469001846875 0.6688856328125 0.4631329796875 0.66955094375 0.424589440625 0.7346813921875001 0.4232927796875 0.7407817031249999
1 0.424348240625 0.6600318078125 0.4304933875 0.6715394765625 0.4394446828125 0.6715293578125 0.47474656875 0.6216496828125 0.47746955625 0.6088390312499999 0.475470965625 0.6014007 0.4685111703125 0.5903574640625 0.46306795312500004 0.5923884359375 0.4281085578125 0.6423409062500001 0.424348240625 0.6600318078125
2 0.0785771203125 0.6021994390625001 0.10124952812500002 0.609380346875 0.1053386703125 0.607297346875 0.111580053125 0.599767471875 0.11669768750000001 0.5990839546875 0.119493371875 0.5890503703125 0.1143848609375 0.58501235 0.11130851562499999 0.576092365625 0.09089929687500001 0.567621209375 0.08202537343750001 0.5828576062499999 0.0785771203125 0.6021994390625001
2 0.13432691562500002 0.6299911609375 0.1396846984375 0.6281778203124999 0.14501766562500001 0.618683553125 0.1501353 0.618000034375 0.1514992 0.610023853125 0.147058953125 0.60908005 0.1465969 0.601896621875 0.1389511078125 0.5973192843749999 0.12433691093749999 0.5865372890625 0.11697178125 0.60091351875 0.1125289796875 0.621815259375 0.13432691562500002 0.6299911609375
2 0.14181613125 0.6540195640625 0.145323146875 0.6453180484375001 0.15024369531249998 0.644002203125 0.15148751875 0.6365909359375 0.14653302968749998 0.634947390625 0.142856303125 0.628851965625 0.11791158125000001 0.6276828437499999 0.1147987375 0.637649015625 0.1124651078125 0.654866028125 0.1159878140625 0.6585669765625 0.13510357343749999 0.6590875484375001 0.14181613125 0.6540195640625
2 0.24285114062500002 0.619025725 0.2461333890625 0.6093514765625 0.25005643125 0.609639453125 0.2517216828125 0.6018050625 0.2469189421875 0.6013301 0.24428828593750002 0.5964038140625 0.21862621093749998 0.5931327328125 0.21625504062499998 0.6057300890625 0.213186390625 0.618725078125 0.21790949375 0.62245845625 0.2343703390625 0.6243196453125 0.24285114062500002 0.619025725
2 0.2959600171875 0.138467365625 0.30036930625 0.11483953124999999 0.29682756875 0.10699014062500001 0.26833575 0.106938809375 0.2649509203125 0.112770021875 0.2619220859375 0.1241358078125 0.2618340140625 0.13175954843749998 0.264868921875 0.13622586875 0.290855609375 0.1422954015625 0.2959600171875 0.138467365625
1 0.8284522421875 0.6785381562499999 0.825383590625 0.6915331484375 0.82285315 0.71064733125 0.8273856 0.7181614140625 0.8338282828124999 0.7238979703124999 0.8780605203125 0.7191066796875 0.885741259375 0.71036735625 0.8896268453125 0.6920871109375 0.8910555546875001 0.673830528125 0.8833289265625 0.6683669515624999 0.8336278484375 0.6758170359375 0.8284522421875 0.6785381562499999
1 0.9049177859374999 0.9388042953125 0.9151036546875 0.9240467734375001 0.9197181046875 0.9081050125000001 0.8826078125000001 0.8707389093750001 0.8764813078125 0.87216613125 0.8663666359375 0.888030565625 0.8635598359375001 0.8983517640625 0.8656354109375 0.9058895109374999 0.8995683984375 0.9365754671875001 0.9049177859374999 0.9388042953125
1 0.43353399687499994 0.9778105578125 0.43882062031249996 0.9745671437500001 0.4608852828125 0.9039242953125 0.4618614890625 0.8921222125 0.4581689171875 0.886424321875 0.4493007390625 0.88344755 0.44198443281250005 0.8933561156250001 0.42224268593750003 0.957396140625 0.42137749687500003 0.9686759328125 0.42649641406249994 0.9763146734375001 0.43353399687499994 0.9778105578125
1 0.4943924234375 0.984195734375 0.51528415625 0.913303571875 0.5166332296875 0.8983054046875001 0.5097862984375 0.8930288125000001 0.5005054343750001 0.8948773359375 0.49564600625 0.9047622343749999 0.4779255046875 0.9665024390625 0.47622043593749996 0.9759660374999999 0.47811379374999996 0.982919165625 0.48807526875 0.9894036625 0.4943924234375 0.984195734375
1 0.2104821703125 0.6328893124999999 0.21497716718749998 0.6218351703125 0.21650845625 0.6074216234375001 0.2102564265625 0.5979043609375 0.161238321875 0.5934900328125 0.1567433265625 0.6045441734375 0.1526755234375 0.6222398 0.1541248140625 0.6312820984374999 0.1602827 0.632590996875 0.201081853125 0.6396254546875 0.2104821703125 0.6328893124999999
1 0.3677529109375 0.34297537031249997 0.3720129453125 0.31944459375 0.36995294375 0.30645836875 0.33796574218750003 0.30692411875 0.31614261250000003 0.30492722968749997 0.3101773390625 0.3155471875 0.3071261171875 0.3333909484375 0.3103847265625 0.3459715046875 0.318630453125 0.3490450671875 0.3591801796875 0.34841801875 0.3677529109375 0.34297537031249997
1 0.2805599921875 0.46709696093749997 0.2853850390625 0.4496302390625 0.2868828875 0.432116740625 0.278819646875 0.42644020468750005 0.2547715828125 0.42793303125 0.23916193749999998 0.4246150984375 0.233293009375 0.43129289843749996 0.22944611875 0.44764665312499996 0.22990457812499998 0.4629342203125 0.2385532421875 0.4641121109375 0.27456695937500003 0.46912529999999997 0.2805599921875 0.46709696093749997
1 0.23572044218750002 0.254150534375 0.2380139625 0.23812703906250002 0.2372489125 0.22079298593750002 0.231841303125 0.2183226828125 0.182891125 0.22707075781250002 0.1756892796875 0.2347861171875 0.17484257812499998 0.2597028609375 0.17771866249999999 0.2636163921875 0.1841905671875 0.2663129171875 0.1929355765625 0.263548646875 0.22523957499999997 0.259848034375 0.23572044218750002 0.254150534375
1 0.8912626906250001 0.3571661453125 0.8865821640625 0.368719628125 0.8828593796875 0.389722840625 0.8917182890625 0.39688937968750004 0.9348754749999999 0.40143964375 0.9427766421875001 0.39915645 0.9481287328124999 0.3844435140625 0.9504704234375 0.3664489390625 0.9433371656249999 0.36163051875 0.901071996875 0.3546281 0.8912626906250001 0.3571661453125
1 0.9663650203125 0.4748373828125 0.9710835124999999 0.4665941703125 0.9757362796875 0.44644906874999996 0.9713170296875001 0.43758445 0.9347762703125 0.429817471875 0.92098861875 0.424905496875 0.9105457187500001 0.43391326875 0.9046563796875 0.4511537671875 0.9055177750000001 0.464545659375 0.9117590203124999 0.4718162375 0.920273371875 0.47362601875 0.91996678125 0.47157953125 0.9605924390625 0.4775730203125 0.9663650203125 0.4748373828125
1 0.7648570578125 0.3639802328125 0.7704777703125 0.3480035171875 0.772905603125 0.3313481296875 0.7697229265625001 0.3253881125 0.724264875 0.317707025 0.714589884375 0.31961318125 0.7097750453125 0.331798553125 0.7081428812499999 0.34994394375 0.7138950484375 0.357771003125 0.7208560296875001 0.3599110453125 0.7225437125 0.35894889375 0.7591326484375001 0.36474479375 0.7648570578125 0.3639802328125
1 0.2268616890625 0 0.22065875156249998 0.010187709375 0.2192304 0.0278717390625 0.2290915703125 0.047263596875 0.23652411875 0.048843434375 0.24477176875 0.037451715625 0.2656801421875 0 0.2268616890625 0
1 0.11988182812499999 0.55191823125 0.1247557515625 0.5308155890624999 0.118369234375 0.5170051140624999 0.10442785937500002 0.5168091109375 0.071151165625 0.5180379171875 0.0650430484375 0.52850074375 0.0625900484375 0.547350640625 0.06299075625 0.5564296296875 0.0694491203125 0.557110565625 0.07047376875 0.5559446953125 0.110338828125 0.5602672859375 0.11988182812499999 0.55191823125
1 0 0.494517475 0.0179900546875 0.4922097015625 0.0260572359375 0.47801229687499996 0.0269227984375 0.46297596875 0.0234588390625 0.45186220156249995 0.01639791875 0.45036135625 0 0.45349865468750006 0 0.494517475