0 0.1883655890625 0.36383122968750004 0.1871809 0.38278625625 0.1889579328125 0.3917372421875 0.20110099843749998 0.4075330984375 0.30624216875 0.41069226875 0.309203890625 0.3927902984375 0.3097962359375 0.36962304375 0.30209575625 0.354353715625 0.29439527656250003 0.3490884296875 0.2144287515625 0.3490884296875 0.1939928640625 0.346982315625 0.19043879531250002 0.350668015625 0.1883655890625 0.36383122968750004
3 0.2115923328125 0.41059101406250004 0.2107379890625 0.4161600671875 0.1922272203125 0.41413495625 0.17741860468749998 0.41008473749999996 0.1628947703125 0.41059101406250004 0.1503644046875 0.40350313125000004 0.14466878125 0.41160356875000004 0.1392579421875 0.41767889843750006 0.13811881875 0.42982955624999997 0.141251409375 0.43995510624999995 0.1429600953125 0.44603043593749997 0.14666225 0.4510932109375 0.1537817765625 0.457168540625 0.1614708640625 0.4602062046875 0.2377921921875 0.46830664375 0.240070440625 0.44805554531249997 0.2409247828125 0.42729817031249995 0.236937846875 0.4161600671875 0.228394415625 0.41210984687499996 0.2115923328125 0.41059101406250004
3 0.569846915625 0.1574522875 0.57411863125 0.159983675 0.580099034375 0.1574522875 0.58522509375 0.152895790625 0.5846555312499999 0.13315096875000001 0.583231625 0.117962646875 0.58408596875 0.11087476249999999 0.579814253125 0.07341023125 0.559594796875 0.07746045 0.5601643593750001 0.09669899374999999 0.569846915625 0.1574522875
2 0.9828125 0.74375 0.034375 0.03671875
2 0.83671875 0.7546875 0.03671875 0.0328125
2 0.5296875 0.9703125 0.01875 0.059375
2 0.50546875 0.46484375 0.0171875 0.0546875
2 0.278125 0.7765625 0.03203125 0.03359375
2 0.0671875 0.340625 0.0359375 0.0328125
2 0.17109375 0.32734375 0.03359375 0.03515625
2 0.2046875 0.315625 0.0328125 0.0375
2 0.29609375 0.3328125 0.03125 0.03046875
1 0.25078125 0.31875 0.0546875 0.0390625
1 0.28828125 0.48359375 0.04921875 0.040625
1 0.0859375 0.4125 0.0578125 0.04375
1 0.1234375 0.36875 0.0546875 0.0421875
1 0.1984375 0.89609375 0.05 0.1171875
1 0.9328125 0.7375 0.059375 0.04296875
1 0.94140625 0.6890625 0.0703125 0.04765625
1 0.921875 0.63984375 0.06015625 0.0390625
1 0.8609375 0.71796875 0.05625 0.040625
1 0.84375 0.6640625 0.05703125 0.04765625
2 0.971875 0.41953125 0.034375 0.03515625
1 0.478125 0.24921875 0.02734375 0.08359375
1 0.47421875 0.08828125 0.028125 0.090625
1 0.5421875 0.08046875 0.02578125 0.08828125
1 0.59296875 0.08203125 0.02421875 0.08984375
1 0.93984375 0.18125 0.053125 0.059375
1 0.89765625 0.0421875 0.04921875 0.04296875
1 0.83828125 0.18125 0.04765625 0.0796875
1 0.68203125 0.44921875 0.05078125 0.0796875
1 0.77109375 0.425 0.05390625 0.05
1 0.1109375 0.79765625 0.0421875 0.1046875