0 0.187091890625 0.37836337656249996 0.1880817953125 0.394788453125 0.198970740625 0.4106269203125 0.3032406484375 0.4153197984375 0.306870296875 0.408867090625 0.3085201375 0.39420184375 0.30885010468749996 0.37191066875 0.303570615625 0.3607650796875 0.2936715734375 0.35196593125 0.2062300375 0.3537257609375 0.19171144375 0.3525525421875 0.1890717 0.35900525 0.187091890625 0.37836337656249996
3 0.5677212015624999 0.1571150546875 0.573573996875 0.1591960484375 0.5800120734374999 0.15659480625 0.5846943109375 0.15191256875 0.5841090296875 0.133183621875 0.5823531921875 0.11809641562499999 0.5832311109375 0.10821169374999999 0.5779635953125 0.071274046875 0.5601125671875 0.078557528125 0.559819928125 0.10144846249999999 0.5677212015624999 0.1571150546875
3 0.6002234796875 0.5844343265624999 0.5949211515624999 0.5838059015625 0.571237421875 0.6573315109375 0.5903258015625 0.67555580625 0.6125955765625 0.6014017734375 0.6076467375 0.5919754140625 0.6002234796875 0.5844343265624999
3 0.193532553125 0.42040779375000004 0.17668 0.41750843125000003 0.1677100921875 0.4146090671875 0.1581965546875 0.41219293125 0.145693046875 0.4160587484375 0.1378104 0.41026002031250003 0.13237409218750001 0.4092935671875 0.12856867656249998 0.41702520468750004 0.122860553125 0.41992456875000006 0.11959876875 0.4281394328125 0.1220451078125 0.43973688906249997 0.1253068921875 0.444085934375 0.1261223375 0.45423370937499996 0.1334613546875 0.4556833921875 0.1437903390625 0.45616661875000003 0.1437903390625 0.46438148281249997 0.1489548296875 0.467764075 0.218811384375 0.47307957656250005 0.22207316875 0.45036789062500004 0.2234322453125 0.4242736140625 0.21147237031250002 0.41702520468750004 0.19407618437500002 0.413159384375 0.193532553125 0.42040779375000004
2 0.315625 0.47265625 0.03203125 0.03203125
2 0.29609375 0.3359375 0.03125 0.028125
2 0.40078125 0.2078125 0.01796875 0.05234375
2 0.43828125 0.09609375 0.015625 0.05390625
2 0.8578125 0.75859375 0.0375 0.0296875
1 0.04296875 0.4203125 0.05859375 0.046875
1 0.03359375 0.3671875 0.06015625 0.04375
1 0.5703125 0.896875 0.03359375 0.1125
1 0.51875 0.7890625 0.03046875 0.10859375
1 0.4859375 0.94375 0.02734375 0.1125
1 0.48203125 0.61875 0.028125 0.10625
1 0.46953125 0.41328125 0.028125 0.09609375
1 0.41875 0.30078125 0.0265625 0.08359375
1 0.4828125 0.26875 0.028125 0.08203125
1 0.465625 0.128125 0.02109375 0.08359375
1 0.78984375 0.4359375 0.053125 0.04609375
1 0.925 0.4484375 0.05546875 0.04609375
1 0.94296875 0.6859375 0.06796875 0.0484375
1 0.934375 0.73515625 0.059375 0.03984375
1 0.8671875 0.66875 0.05859375 0.0421875
1 0.871875 0.71796875 0.05859375 0.04296875
1 0.92890625 0.58046875 0.05859375 0.04453125
1 0.2 0.90234375 0.05078125 0.1203125
1 0.10390625 0.8125 0.028125 0.09921875
1 0.64140625 0.6359375 0.0390625 0.0859375
1 0.9 0.17890625 0.03515625 0.096875
1 0.59140625 0.08203125 0.025 0.0875
1 0.540625 0.08125 0.02578125 0.08671875