0 0.619569340625 0.708409290625 0.64116104375 0.71753393125 0.7878367109375 0.7750597546875 0.79787515625 0.7741710828125 0.8079929140625 0.7703959734375 0.8152664843749999 0.7583848984375 0.819547290625 0.7511635578125 0.819667940625 0.7480427062499999 0.6462350046875 0.681448221875 0.6384419718750001 0.6793489953125 0.633651759375 0.679712859375 0.6286582328125 0.6836664046875 0.62075460625 0.6919408546875 0.6178478578125 0.6986793734375001 0.618147246875 0.7042913078125 0.619569340625 0.708409290625
0 0.828245740625 0.748052934375 0.824258346875 0.753516684375 0.820561871875 0.7573305343750001 0.8197254718749999 0.76207399375 0.8201765968749999 0.77023421875 0.8247271625 0.7744389984375 0.830447309375 0.7762982140625 0.9491952203125 0.8318725515625 0.9562245296875 0.7920073640624999 0.8491301796874999 0.74322944375 0.8426041 0.7416534203125 0.8356809515625001 0.7444730234375 0.828245740625 0.748052934375
0 0.6576216406250001 0.5300747390625 0.6614389593750001 0.5275809609375 0.7215285453125 0.431558275 0.7053303140625 0.4276464640625 0.6649596375 0.4160944 0.6084980640625 0.5043118062499999 0.603522475 0.5112460984375 0.6093157812500001 0.5167012390625 0.650381228125 0.5306981828125 0.6576216406250001 0.5300747390625
0 0.4438649234375 0.2597423375 0.4821745125 0.26996906875 0.4886261125 0.2683788828125 0.5442767359375 0.177759809375 0.543630315625 0.1739261328125 0.5246010234375 0.1668510609375 0.5133551390625 0.16313224843750002 0.49518430156250004 0.1586883421875 0.4872771109375 0.1585339890625 0.4369938390625 0.23621260781250003 0.4302167375 0.249648425 0.4438649234375 0.2597423375
0 0.1732520453125 0.3668164625 0.1773977109375 0.3599841328125 0.17200998437499998 0.35241622499999997 0.0362910375 0.304849934375 0.02693586875 0.303494765625 0.0219990234375 0.33149300625 0.11067706562499999 0.36429154218750004 0.15982533125 0.378630196875 0.16723400156249998 0.3747367625 0.1732520453125 0.3668164625
3 0.0734375 0.365625 0.06875 0.0359375
3 0.2078125 0.65 0.0984375 0.0984375
3 0.5515625 0.6078125 0.065625 0.0640625
3 0.43359375 0.37421875 0.065625 0.05
2 0.228125 0.92890625 0.053125 0.0421875
2 0.27421875 0.93984375 0.0515625 0.0421875
2 0.46796875 0.77265625 0.0515625 0.040625
2 0.45546875 0.74453125 0.0546875 0.0390625
2 0.596875 0.61484375 0.046875 0.040625
3 0.353125 0.5734375 0.065625 0.053125
2 0.80546875 0.234375 0.0484375 0.04375
2 0.68203125 0.38046875 0.0453125 0.040625
2 0.92265625 0.69921875 0.06875 0.0390625
2 0.9265625 0.7640625 0.071875 0.0390625
2 0.83203125 0.72578125 0.071875 0.0359375
2 0.8234375 0.678125 0.0671875 0.0359375
2 0.1296875 0.3828125 0.0578125 0.025
1 0.1171875 0.425 0.0859375 0.04375
1 0.04453125 0.39765625 0.06875 0.0390625
1 0.2078125 0.88671875 0.0671875 0.0625
1 0.278125 0.878125 0.078125 0.0671875
1 0.26484375 0.8265625 0.0671875 0.0625
1 0.33359375 0.790625 0.0734375 0.0609375
1 0.3578125 0.8515625 0.0640625 0.0609375
1 0.4234375 0.64296875 0.06875 0.0671875
1 0.45546875 0.56640625 0.071875 0.065625
1 0.58046875 0.47734375 0.065625 0.065625
1 0.503125 0.3609375 0.0671875 0.0625
1 0.44140625 0.44765625 0.0640625 0.059375
1 0.50546875 0.50078125 0.065625 0.0640625
1 0.54609375 0.44140625 0.06875 0.065625
1 0.621875 0.40234375 0.0625 0.0640625
1 0.73046875 0.2703125 0.06875 0.0671875
1 0.81328125 0.14453125 0.078125 0.0703125
1 0.35859375 0.1234375 0.0921875 0.0640625
1 0.2375 0.21015625 0.0859375 0.0546875