0 0.7969139281250001 0.6303406734375 0.93607989375 0.6789775578125 0.957827428125 0.6811876390625 0.9645358171874999 0.6731644671875 0.9690068421875001 0.6669129140625001 0.96750664375 0.661774603125 0.8387477140625 0.6141604609375 0.80593380625 0.606479121875 0.7980104328125 0.6132049953125 0.793122675 0.6218199609374999 0.7969139281250001 0.6303406734375
0 0.8125852265625 0.45412765468750005 0.8006390796874999 0.453645821875 0.7978256421875 0.47778943749999997 0.9185927234375001 0.5161421875000001 0.93166124375 0.5184465203124999 0.9418330625 0.518073959375 0.9489118812499999 0.507949975 0.9532829078124999 0.496807003125 0.832234309375 0.4573215515625 0.8125852265625 0.45412765468750005
0 0.7725442421875 0.484703815625 0.7893892359375 0.484695615625 0.796243925 0.4813012625 0.8001093062500001 0.475755215625 0.8044840296875 0.46732055624999996 0.8046192453125001 0.463824440625 0.7989221484375 0.46065375937499997 0.662321365625 0.4111153578125 0.6398755796875 0.410135984375 0.63553976875 0.41289142187500005 0.628272040625 0.42135749999999994 0.6251086046875 0.42838114687499995 0.625023390625 0.434322971875 0.7725442421875 0.484703815625
0 0.274820065625 0.4194608875 0.0807334046875 0.36232391875 0.054881498437499995 0.3589558796875 0.0459696828125 0.36750246875000003 0.0409071515625 0.3782157296875 0.0390242046875 0.388894459375 0.04518386875 0.39295645156250003 0.2451676171875 0.44964529999999997 0.26839973906250003 0.449873109375 0.28252269218750004 0.4267708234375 0.28497762187500003 0.4218471140625 0.274820065625 0.4194608875
0 0.2081001890625 0.269913259375 0.2139850921875 0.26053535625 0.20992006093749999 0.25059336249999997 0.2034000984375 0.2455750765625 0.0503327765625 0.17080431093749998 0.042892321875 0.21300121875000003 0.17641426875 0.275634509375 0.1883692421875 0.2798256078125 0.1975985828125 0.27847711249999996 0.2081001890625 0.269913259375
3 0.75390625 0.33125 0.0625 0.053125
3 0.89140625 0.20546875 0.0625 0.0546875
3 0.42890625 0.4875 0.0890625 0.040625
3 0.16171875 0.84765625 0.0796875 0.096875
3 0.86328125 0.56796875 0.1328125 0.059375
2 0.86640625 0.24140625 0.0484375 0.040625
2 0.8671875 0.271875 0.0515625 0.0359375
2 0.8453125 0.30703125 0.053125 0.0390625
2 0.82109375 0.24375 0.0484375 0.040625
2 0.803125 0.32421875 0.0421875 0.0359375
2 0.78828125 0.3625 0.0453125 0.0375
2 0.76171875 0.396875 0.0453125 0.0375
2 0.98046875 0.2234375 0.0390625 0.0375
2 0.61328125 0.55546875 0.0609375 0.0296875
2 0.1546875 0.65 0.053125 0.04375
2 0.12578125 0.6859375 0.05 0.04375
2 0.0609375 0.75234375 0.05625 0.046875
2 0.0171875 0.87734375 0.034375 0.0484375
2 0.3453125 0.446875 0.065625 0.0328125
1 0.978125 0.0984375 0.04375 0.05
1 0.6765625 0.15234375 0.0734375 0.0640625
1 0.74609375 0.22109375 0.0671875 0.0625
1 0.7921875 0.175 0.0734375 0.0640625
1 0.7828125 0.28515625 0.0640625 0.059375
1 0.71328125 0.39296875 0.0703125 0.0625
1 0.64609375 0.4671875 0.0921875 0.0515625
1 0.7375 0.55703125 0.1046875 0.0578125
1 0.6234375 0.884375 0.0890625 0.0671875
1 0.57265625 0.8609375 0.0921875 0.0640625
1 0.0625 0.88828125 0.084375 0.0828125
1 0.19140625 0.66953125 0.0859375 0.084375
1 0.26484375 0.6734375 0.06875 0.0671875
1 0.20390625 0.7578125 0.071875 0.071875
1 0.07734375 0.30234375 0.103125 0.05625
1 0.55 0.390625 0.0796875 0.0640625
1 0.3203125 0.69140625 0.065625 0.065625