0 0.3952795453125 0.29818451874999996 0.39355199375 0.2929600859375 0.3805669421875 0.2872605453125 0.355295490625 0.27789695625 0.2338427453125 0.23121478906249998 0.22478353593749997 0.22911132812499999 0.212280365625 0.233996309375 0.20146660624999999 0.244377128125 0.1964978921875 0.2517047984375 0.1977426203125 0.256861378125 0.3694461578125 0.3208458765625 0.3761675375 0.3220672625 0.3809325109375 0.3196925984375 0.3872352671875 0.3133826875 0.3920514109375 0.3071406046875 0.3952795453125 0.29818451874999996
0 0.18362055156249998 0.2597277859375 0.1876323140625 0.25670691562500003 0.19234370625 0.2515439390625 0.1959646109375 0.248468134375 0.19763122187499998 0.24511767343750002 0.19849578750000002 0.238965975 0.19592471250000001 0.234571859375 0.19316837343749999 0.23149596562500002 0.17308097656250002 0.2212794453125 0.042521965625000005 0.1624770921875 0.0368720015625 0.2026786703125 0.16527054218749998 0.2598373765625 0.1701046828125 0.26230911562500003 0.1747332265625 0.2634077015625 0.18362055156249998 0.2597277859375
0 0.96373505625 0.512236534375 0.9668134687500001 0.507019521875 0.9665716546875001 0.5039723875 0.9673414171875001 0.5008790984375 0.9407302968750001 0.48998291875 0.8523377953125 0.4538316078125 0.8253455828125 0.45041474531250003 0.818601321875 0.4554932 0.813802346875 0.46103336875 0.81084484375 0.46777395000000005 0.8119944140625 0.47151362656250007 0.9306638875000001 0.5186996749999999 0.939664246875 0.5190229828125 0.9462869609375 0.5195771015624999 0.95418079375 0.5182383234375 0.9576738296875 0.5172226609374999 0.96373505625 0.512236534375
0 0.8296968078125 0.6173144703125 0.8252953703125 0.624793728125 0.8236431625 0.6341659390625 0.972979565625 0.682460471875 0.979169525 0.6831799359375 0.9828950187500001 0.656671675 0.8856613375 0.6219783 0.8511563828125001 0.6124208984374999 0.8370810593750001 0.610066096875 0.8296968078125 0.6173144703125
3 0.8640625 0.06015625 0.0625 0.0359375
3 0.96875 0.203125 0.0625 0.059375
3 0.1078125 0.8109375 0.0734375 0.065625
2 0.13828125 0.8890625 0.0546875 0.046875
2 0.04609375 0.8234375 0.053125 0.046875
2 0.471875 0.7984375 0.0453125 0.0359375
2 0.140625 0.65625 0.0421875 0.0390625
2 0.078125 0.57265625 0.0484375 0.040625
2 0.7453125 0.05078125 0.0546875 0.0390625
2 0.934375 0.1875 0.046875 0.034375
2 0.64140625 0.1546875 0.0515625 0.0375
2 0.61953125 0.24375 0.046875 0.0375
2 0.56640625 0.24296875 0.05 0.0375
2 0.5140625 0.3171875 0.046875 0.034375
2 0.7046875 0.53359375 0.04375 0.034375
2 0.57421875 0.53203125 0.04375 0.034375
2 0.8703125 0.60546875 0.0546875 0.025
2 0.4859375 0.42890625 0.04375 0.034375
2 0.4046875 0.44765625 0.0484375 0.0375
2 0.35234375 0.48984375 0.0484375 0.0375
2 0.33046875 0.540625 0.05 0.0375
1 0.94609375 0.1375 0.0640625 0.0515625
1 0.990625 0.11328125 0.01875 0.0484375
1 0.8765625 0.20703125 0.065625 0.0546875
1 0.8375 0.303125 0.059375 0.053125
1 0.80078125 0.353125 0.0640625 0.0578125
1 0.80234375 0.10625 0.0625 0.0546875
1 0.77890625 0.07421875 0.06875 0.0546875
1 0.7359375 0.171875 0.0671875 0.059375
1 0.6765625 0.23125 0.071875 0.0625
1 0.675 0.35703125 0.0640625 0.0640625
1 0.5234375 0.36328125 0.0640625 0.0609375
1 0.58671875 0.36484375 0.0609375 0.0609375
1 0.61953125 0.53359375 0.059375 0.0546875
1 0.59765625 0.61640625 0.065625 0.0578125
1 0.50625 0.7 0.071875 0.0609375
1 0.3671875 0.5984375 0.0671875 0.0640625
1 0.41953125 0.6046875 0.0625 0.0609375
1 0.28203125 0.6203125 0.0734375 0.0640625
1 0.2890625 0.6796875 0.0734375 0.065625
1 0.27109375 0.7828125 0.0765625 0.0734375
1 0.225 0.76015625 0.071875 0.0640625
1 0.1875 0.73046875 0.0734375 0.0671875
1 0.1546875 0.83046875 0.0765625 0.071875
1 0.25078125 0.940625 0.0875 0.06875
1 0.40234375 0.78828125 0.0734375 0.0640625
1 0.4828125 0.50546875 0.0625 0.0609375
1 0.390625 0.51953125 0.071875 0.0640625
1 0.67421875 0.51484375 0.0625 0.0578125
1 0.915625 0.73359375 0.075 0.0375
1 0.88046875 0.5640625 0.0828125 0.040625
1 0.71484375 0.12109375 0.06875 0.0609375
1 0.63125 0.30078125 0.0625 0.059375