2 0.74609375 0.80234375 0.0453125 0.0453125
2 0.84375 0.6640625 0.0546875 0.065625
2 0.76171875 0.3296875 0.0421875 0.0484375
2 0.8578125 0.2890625 0.0453125 0.04375
2 0.8921875 0.34296875 0.046875 0.0484375
2 0.859375 0.321875 0.0453125 0.0453125
0 0.96484375 0.3765625 0.0703125 0.08125
0 0.80234375 0.38671875 0.1390625 0.0953125
3 0.8390625 0.453125 0.128125 0.0953125
1 0.953125 0.22265625 0.06875 0.0765625
1 0.81015625 0.3203125 0.06875 0.0546875
1 0.90078125 0.38984375 0.0640625 0.0578125
1 0.98359375 0.44609375 0.0328125 0.0671875
1 0.93828125 0.44609375 0.0734375 0.0734375
1 0.7453125 0.4890625 0.0625 0.0625
1 0.64375 0.62890625 0.071875 0.0640625
1 0.88828125 0.88828125 0.078125 0.1078125
1 0.84453125 0.94765625 0.0640625 0.1046875
1 0.6109375 0.04765625 0.040625 0.0765625
1 0.5359375 0.03984375 0.040625 0.0796875
1 0.4828125 0.0375 0.040625 0.075
1 0.51875 0.01015625 0.028125 0.0203125
1 0.4640625 0.01015625 0.03125 0.0203125
3 0.4984375 0.06875 0.0453125 0.09375
1 0.5390625 0.31953125 0.0703125 0.115625
3 0.41640625 0.58359375 0.065625 0.0609375
2 0.42421875 0.9609375 0.034375 0.06875
1 0.27890625 0.61953125 0.0765625 0.06875
1 0.22734375 0.69765625 0.0765625 0.06875
1 0.2734375 0.51328125 0.0796875 0.0875
1 0.190625 0.5140625 0.078125 0.0625
1 0.12734375 0.57421875 0.071875 0.059375
1 0.06875 0.51875 0.071875 0.0625
1 0.03515625 0.578125 0.0703125 0.059375
0 0.065625 0.63515625 0.13125 0.0953125
1 0.1046875 0.0828125 0.075 0.08125