0 0.6604587453125 0.6878433984375001 0.6483253796875 0.6837880968750001 0.6212540484375 0.686457521875 0.6055234281249999 0.6902416953125 0.618006128125 0.802321928125 0.6382052093749999 0.8128953375 0.6589790671875 0.8116798421875 0.675319409375 0.8087452953125001 0.6806935625 0.80285729375 0.679883434375 0.7935974734375 0.6730102453125 0.6966779640625 0.6604587453125 0.6878433984375001
3 0.5493452265625 0.7874374609375 0.5636259296875 0.8618208578125 0.5719235953124999 0.867817821875 0.5734801015625 0.8787744562500001 0.5872057515625 0.8853049703125 0.59628158125 0.8865278125 0.604793215625 0.8881361609375 0.6160090859375 0.8864826078125001 0.621388371875 0.8796252125 0.6216607125 0.8759037812500001 0.6273318531250001 0.8723823093749999 0.6261255734375 0.8654287843749999 0.6196372375 0.8596096703124999 0.6211156812499999 0.8423368890624999 0.61754555 0.828867259375 0.609296409375 0.8097563640625 0.61505510625 0.8072356703124999 0.6124674406249999 0.791327065625 0.60536620625 0.7785025109375 0.5987806421874999 0.7784063828125001 0.57326525625 0.7806386890625 0.5493452265625 0.7874374609375
3 0.8908798484375 0.3703230734375 0.8602839296875 0.370236159375 0.850331190625 0.3750989375 0.8481540734375 0.38143098750000004 0.8510422265625 0.389469434375 0.9120119328125 0.3933476421875 0.936405115625 0.3912135140625 0.9390353250000001 0.37133035625 0.897331375 0.36914448125 0.8908798484375 0.3703230734375
2 0.69609375 0.88203125 0.0421875 0.0421875
2 0.7109375 0.81328125 0.046875 0.0375
2 0.68828125 0.69375 0.034375 0.034375
2 0.92109375 0.53046875 0.0546875 0.0203125
2 0.46796875 0.57421875 0.0640625 0.03125
2 0.19375 0.15390625 0.0359375 0.04375
2 0.52265625 0.2921875 0.053125 0.034375
2 0.4703125 0.28671875 0.053125 0.0390625
1 0.53046875 0.7234375 0.0484375 0.059375
1 0.6203125 0.92265625 0.0546875 0.0671875
1 0.7078125 0.740625 0.0484375 0.0625
2 0.634375 0.4953125 0.0578125 0.025
1 0.63828125 0.5203125 0.1 0.0390625
1 0.653125 0.46953125 0.1 0.0453125
1 0.77265625 0.5359375 0.090625 0.0375
1 0.878125 0.48046875 0.0921875 0.0359375
1 0.3890625 0.49375 0.1046875 0.040625
1 0.93515625 0.4109375 0.0921875 0.0359375
1 0.92890625 0.35546875 0.0953125 0.0359375
1 0.553125 0.12890625 0.0515625 0.059375
1 0.28046875 0.12109375 0.0515625 0.065625
1 0.20546875 0.05625 0.046875 0.065625
1 0.25625 0.05 0.0578125 0.0640625
1 0.09765625 0.47734375 0.128125 0.0484375
1 0.21953125 0.4203125 0.109375 0.04375
1 0.10234375 0.8484375 0.1265625 0.065625
1 0.36796875 0.0484375 0.0515625 0.065625
1 0.3109375 0.05859375 0.046875 0.06875
1 0.2296875 0.11953125 0.053125 0.0671875
1 0.85078125 0.5078125 0.0875 0.0359375