0 0.845301521875 0.601911565625 0.845095275 0.5785819515624999 0.8428758437500001 0.5574654703124999 0.8298969125 0.54081575625 0.7133737015625 0.5503941203125 0.7120765984374999 0.566542765625 0.7139717546875 0.591696409375 0.7202409796875 0.6050482625 0.7337063234375 0.6156422328125 0.8276701796875001 0.605099053125 0.834842875 0.6056795328125 0.845301521875 0.601911565625
3 0.90674109375 0.503189771875 0.900140884375 0.4865782375 0.8947627546874999 0.48514674218750004 0.8859915062500001 0.4834062921875 0.881167821875 0.4765918328125 0.801094334375 0.4750241 0.7982762937500001 0.49795022187500004 0.80072045625 0.5283103015624999 0.815192425 0.538104203125 0.8334277468750001 0.5375187671874999 0.83384380625 0.5308191734375 0.851178728125 0.53232513125 0.8696908171875 0.5343729500000001 0.887349240625 0.5318513890625 0.8953584687499999 0.5369998625 0.900529025 0.5364564140625 0.9039688765625 0.5301045953125 0.9087934734375 0.5262695765625 0.9119565609375 0.5172845015624999 0.9113572046874999 0.5080292890625 0.90674109375 0.503189771875
3 0.4496871234375 0.8518788609374999 0.4425412640625 0.8585473484374999 0.4425775625 0.8703783906250001 0.44798540156250005 0.8988591984375001 0.44770505 0.9048060921875001 0.458037040625 0.9456801015625 0.47661887968750005 0.9415752796874999 0.4739534703125 0.9133441812499999 0.4593880203125 0.8551628390625 0.4496871234375 0.8518788609374999
2 0.88515625 0.61875 0.040625 0.040625
2 0.83203125 0.63984375 0.040625 0.040625
2 0.73203125 0.63203125 0.0375 0.034375
2 0.584375 0.24765625 0.0390625 0.0609375
2 0.09609375 0.2390625 0.0421875 0.0375
2 0.10390625 0.575 0.0375 0.040625
2 0.228125 0.6015625 0.0375 0.0359375
2 0.584375 0.91640625 0.021875 0.0578125
1 0.60546875 0.89140625 0.0359375 0.090625
1 0.56171875 0.9125 0.034375 0.0953125
1 0.49765625 0.93359375 0.0375 0.096875
1 0.4421875 0.93984375 0.0359375 0.0984375
1 0.53984375 0.73359375 0.034375 0.09375
1 0.95 0.51953125 0.0640625 0.0515625
1 0.9765625 0.57265625 0.046875 0.0484375
1 0.7234375 0.46796875 0.0578125 0.0453125
1 0.7828125 0.64296875 0.0640625 0.0484375
1 0.45234375 0.3515625 0.040625 0.10625
1 0.38203125 0.1578125 0.0375 0.1171875
1 0.0171875 0.26875 0.034375 0.05
1 0.01875 0.321875 0.0375 0.059375
1 0.028125 0.434375 0.05625 0.053125
1 0.3171875 0.46171875 0.05625 0.0984375
1 0.4875 0.52578125 0.04375 0.115625
1 0.06171875 0.87109375 0.05625 0.0703125
1 0.7734375 0.0390625 0.06875 0.078125
1 0.8796875 0.10546875 0.05625 0.1203125
1 0.07890625 0.33203125 0.06875 0.0546875