0 0.6929323921874999 0.32030159999999996 0.7091685484375 0.23898330781250002 0.7139201671875 0.21909528749999999 0.70528715625 0.2128452109375 0.68802953125 0.2077052984375 0.6727413078125 0.2056330390625 0.652550590625 0.21429225000000002 0.627991571875 0.3150338109375 0.6306649296875 0.319722784375 0.6456766093749999 0.3255626578125 0.669312903125 0.33029236875 0.6801834546875 0.3284822421875 0.6929323921874999 0.32030159999999996
3 0.663181515625 0.1416441625 0.6612632781250001 0.1347052578125 0.654285515625 0.13104503125 0.646235196875 0.130150278125 0.642435296875 0.13206390625 0.6306193828125 0.1306408859375 0.6254491718749999 0.13444030468749998 0.620639825 0.14566399375 0.6139465484375 0.14750687812500002 0.605772275 0.1517562921875 0.5870430140625 0.2193460296875 0.6057470406250001 0.22713154375000003 0.6296423140625 0.23329917031249997 0.6302167828125 0.2328770125 0.6383224421875 0.23351139375000002 0.6461015453125001 0.22427960625 0.6509795031250001 0.2081721203125 0.6470268406249999 0.2062434265625 0.6577944703124999 0.1829517328125 0.6570118968750001 0.1797919375 0.66132315625 0.170911565625 0.660567121875 0.15850491718749998 0.6716823468750001 0.147260921875 0.663181515625 0.1416441625
3 0.9094985078125 0.6430185625 0.8853818609375 0.6378924109375 0.8289953328124999 0.6340710484375001 0.8252718124999999 0.6379058375 0.823369109375 0.6445768421875 0.8284784765625 0.6524661765624999 0.8485871171875001 0.655924003125 0.864632409375 0.6579738734375 0.873333575 0.660367628125 0.9091687171875 0.6628141125 0.9094985078125 0.6430185625
3 0.2828125 0.946875 0.0515625 0.0453125
2 0.17109375 0.78046875 0.0421875 0.0453125
2 0.4390625 0.40859375 0.0625 0.03125
2 0.709375 0.51640625 0.059375 0.0296875
2 0.98125 0.51953125 0.0375 0.0234375
2 0.74453125 0.23125 0.04375 0.0421875
2 0.73828125 0.15546875 0.046875 0.04375
2 0.7078125 0.32421875 0.0375 0.0375
2 0.471875 0.72890625 0.046875 0.0390625
2 0.528125 0.72109375 0.053125 0.040625
1 0.66953125 0.09921875 0.0578125 0.0671875
1 0.7328125 0.0625 0.053125 0.0546875
1 0.73125 0.2828125 0.0515625 0.0625
1 0.559375 0.28359375 0.053125 0.0609375
1 0.16484375 0.109375 0.128125 0.075
1 0.25625 0.03046875 0.1078125 0.05625
1 0.24375 0.478125 0.1203125 0.05625
1 0.29296875 0.55859375 0.10625 0.0578125
1 0.171875 0.87578125 0.0546875 0.06875
1 0.2203125 0.89609375 0.0625 0.078125
1 0.3265625 0.90390625 0.0546875 0.0671875
1 0.25234375 0.82421875 0.0515625 0.0671875
1 0.49296875 0.89921875 0.0578125 0.0625
1 0.496875 0.49296875 0.1 0.0453125
1 0.7078125 0.49296875 0.09375 0.046875
1 0.71640625 0.5390625 0.0984375 0.05
1 0.840625 0.49375 0.0890625 0.0421875
1 0.91953125 0.559375 0.090625 0.0421875
1 0.89453125 0.52734375 0.0875 0.0421875
1 0.89921875 0.67421875 0.09375 0.0453125