0 0.3481740140625 0.2952919359375 0.35412154375 0.29764000468749996 0.365640890625 0.2980584171875 0.3746571796875 0.2943308578125 0.381763378125 0.2893633875 0.38475290625 0.280463065625 0.37501762968749996 0.0792588390625 0.36562562656250003 0.0787086734375 0.34652596562500004 0.0845887109375 0.339248946875 0.0956221078125 0.33618700156250003 0.1049796515625 0.3429604625 0.24009805 0.3481740140625 0.2952919359375
0 0.3401402171875 0 0.34604249062500003 0.0460794859375 0.348151934375 0.0726602765625 0.355680275 0.07666479375 0.3630569671875 0.0783018375 0.3721128734375 0.075986625 0.382775578125 0.07017637812500001 0.38840618125000004 0.0612256703125 0.390104565625 0.048840015625 0.3845439125 0 0.3401402171875 0
0 0.37946885468749997 0.97145004375 0.384911615625 0.9707311828125 0.39363109375 0.968950396875 0.399962184375 0.9640247359374999 0.4046825734375 0.9580535140625001 0.4100908546875 0.9407296593750001 0.3988788578125 0.7998339390625 0.38731011875 0.7999777640625 0.371596734375 0.808065284375 0.365717165625 0.8367760796875 0.3661561203125 0.8396121921875 0.3766712609375 0.942850975 0.37946885468749997 0.97145004375
0 0.5616846328125 1 0.558130565625 0.8445097421875 0.5458802078125 0.8421198875 0.52844366875 0.8501483203125 0.5272312984374999 0.859397646875 0.525073290625 0.90332228125 0.5290764359375 1 0.5616846328125 1
3 0.97890625 0.421875 0.0421875 0.09375
3 0.3125 0.43828125 0.059375 0.0703125
0 0 0.922533628125 0.0853625609375 0.8713802875000001 0.0997479953125 0.8523062609375 0.10819601875 0.8401585328125 0.111485278125 0.8286921546875 0.1065461234375 0.8080558296874999 0.1021026859375 0.800234575 0.09646999375000001 0.798593234375 0.0058583125 0.8617848875 0 0.8725415078125 0 0.922533628125
2 0.32109375 0.5265625 0.0375 0.0484375
2 0.375 0.39453125 0.0421875 0.0546875
2 0.425 0.38984375 0.040625 0.0515625
2 0.76015625 0.2421875 0.04375 0.0515625
2 0.87265625 0.19453125 0.0484375 0.05625
2 0.784375 0.56484375 0.040625 0.0484375
2 0.12578125 0.69921875 0.040625 0.0484375
1 0.07578125 0.77421875 0.0671875 0.0796875
1 0.00546875 0.6796875 0.0109375 0.065625
1 0.04453125 0.6375 0.059375 0.0671875
1 0.021875 0.61015625 0.04375 0.0765625
1 0.02890625 0.54765625 0.0578125 0.0671875
1 0.10078125 0.5609375 0.0625 0.0703125
1 0.18203125 0.53125 0.0625 0.0671875
1 0.228125 0.47109375 0.065625 0.0734375
1 0.27109375 0.50078125 0.065625 0.0703125
1 0.259375 0.54609375 0.065625 0.0671875
1 0.16171875 0.74375 0.0625 0.0703125
1 0.2984375 0.7359375 0.0671875 0.078125
1 0.41953125 0.6296875 0.06875 0.0796875
1 0.39140625 0.50546875 0.0671875 0.0703125
1 0.41640625 0.4359375 0.0625 0.06875
1 0.5296875 0.40625 0.0703125 0.075
1 0.55234375 0.3453125 0.0734375 0.078125
1 0.6390625 0.41953125 0.06875 0.0703125
1 0.709375 0.33828125 0.0625 0.0703125
1 0.796875 0.29375 0.0703125 0.0765625
1 0.909375 0.23203125 0.0765625 0.084375
1 0.89140625 0.45703125 0.0625 0.0734375
1 0.678125 0.55 0.0671875 0.0765625
1 0.8484375 0.7328125 0.065625 0.0953125
2 0.5140625 0.88203125 0.028125 0.0609375
2 0.62890625 0.296875 0.040625 0.0484375