2 0.78671875 0.7421875 0.0515625 0.0453125
1 0.56875 0.9046875 0.06875 0.065625
1 0.8515625 0.89375 0.10625 0.0640625
1 0.92265625 0.853125 0.10625 0.0546875
1 0.91171875 0.7890625 0.128125 0.06875
1 0.46875 0.7140625 0.053125 0.059375
1 0.40625 0.90234375 0.05 0.0671875
1 0.3578125 0.85859375 0.05 0.0609375
1 0.4046875 0.96640625 0.059375 0.065625
1 0.2953125 0.7640625 0.05 0.0640625
0 0.3578125 0.76171875 0.08125 0.134375
0 0.3421875 0.94453125 0.075 0.1109375
2 0.309375 0.715625 0.0375 0.0359375
2 0.30859375 0.846875 0.0359375 0.0453125
2 0.29453125 0.8125 0.0421875 0.040625
2 0.26171875 0.80625 0.0375 0.0390625
2 0.1921875 0.540625 0.065625 0.028125
1 0.084375 0.53046875 0.0921875 0.034375
1 0.1890625 0.89921875 0.065625 0.0625
2 0.96875 0.43359375 0.0578125 0.028125
2 0.64140625 0.35078125 0.05625 0.071875
2 0.48515625 0.39765625 0.10625 0.0671875
3 0.596875 0.2734375 0.053125 0.065625
1 0.30234375 0.4703125 0.0984375 0.0515625
1 0.0390625 0.46484375 0.078125 0.0296875
1 0.01171875 0.44609375 0.0234375 0.0265625
1 0.03828125 0.41171875 0.0765625 0.0359375
1 0.0140625 0.39140625 0.028125 0.0296875
3 0.06796875 0.43125 0.0859375 0.0328125
1 0.55859375 0.16796875 0.0625 0.075
1 0.53984375 0.1 0.05 0.075
1 0.64453125 0.13671875 0.065625 0.071875
1 0.60546875 0.06640625 0.0625 0.071875
1 0.7203125 0.03828125 0.06875 0.06875
1 0.67734375 0.00625 0.0734375 0.0125
1 0.1203125 0.0453125 0.0671875 0.0546875
1 0.003125 0.0890625 0.00625 0.053125
2 0.7125 0.4765625 0.0421875 0.0453125
3 0.428125 0.80234375 0.0828125 0.1140625