2 0.24921875 0.76875 0.0359375 0.04375
1 0.1078125 0.809375 0.0546875 0.09921875
1 0.140625 0.89609375 0.0515625 0.1015625
1 0.08671875 0.56953125 0.053125 0.06015625
2 0.215625 0.61796875 0.0390625 0.04609375
1 0.29140625 0.4703125 0.05390625 0.04140625
3 0.209375 0.4296875 0.103125 0.0703125
1 0.05859375 0.403125 0.05625 0.065625
1 0.11796875 0.40625 0.05859375 0.05703125
1 0.159375 0.36328125 0.0546875 0.05
1 0.253125 0.30703125 0.05546875 0.04140625
1 0.1328125 0.2 0.05390625 0.065625
0 0.0734375 0.33984375 0.1046875 0.065625
0 0.25078125 0.36796875 0.125 0.06796875
2 0.17421875 0.3171875 0.03671875 0.03984375
2 0.20703125 0.3046875 0.03515625 0.0390625
2 0.2140625 0.2734375 0.0359375 0.04140625
2 0.29765625 0.3234375 0.03203125 0.0359375
1 0.47578125 0.06875 0.02421875 0.0890625
2 0.53046875 0.9640625 0.0203125 0.06796875
2 0.8625 0.71328125 0.03828125 0.03203125
2 0.71953125 0.6765625 0.03515625 0.0375
1 0.96328125 0.68046875 0.06328125 0.05390625
1 0.915625 0.60390625 0.0671875 0.05234375
1 0.96015625 0.57265625 0.06953125 0.0484375
1 0.8359375 0.6703125 0.05859375 0.04296875
1 0.759375 0.6375 0.06640625 0.05859375
1 0.73671875 0.55703125 0.0546875 0.04609375
1 0.6546875 0.52109375 0.05625 0.075
1 0.59140625 0.6703125 0.059375 0.05625
1 0.5625 0.409375 0.046875 0.09609375
1 0.509375 0.2875 0.03828125 0.0953125
3 0.828125 0.61328125 0.05703125 0.04140625
3 0.5765625 0.109375 0.025 0.07890625
1 0.5453125 0.071875 0.025 0.08984375
1 0.565625 0.03359375 0.0234375 0.0671875
1 0.5953125 0.07421875 0.02578125 0.0890625
1 0.6171875 0.03671875 0.0265625 0.06875
1 0.90234375 0.0375 0.04765625 0.04453125
1 0.9421875 0.178125 0.05703125 0.0640625