0 0.1903276046875 0.3516292109375 0.1900405328125 0.3694913625 0.2035328375 0.38990525 0.30429451093750004 0.39500872187499997 0.30860056406249997 0.3924569859375 0.3114712671875 0.378167265625 0.312332478125 0.3552016421875 0.30831349375 0.34346365625 0.2971177515625 0.33121532343750004 0.21989584375 0.32968428125 0.19549486875 0.3286635875 0.19205002499999999 0.337339490625 0.1903276046875 0.3516292109375
0 0.024400975 0.322539421875 0.024400975 0.3409119203125 0.0358837859375 0.358263725 0.12458850625 0.36183615625 0.1283204203125 0.341932615625 0.1283204203125 0.31998768593750004 0.1205695234375 0.3108014359375 0.1119574140625 0.3041669234375 0.03243894375 0.3031462296875 0.027271678124999997 0.302125534375 0.0258363265625 0.30927039375 0.024400975 0.322539421875
0 0.004575328125 0.5768273749999999 0.0024346515625 0.592593628125 0.007939248437500001 0.6040105687499999 0.1171137515625 0.6442416953125 0.1232299703125 0.6306500984375 0.12598226875000001 0.615971175 0.1265938890625 0.596399275 0.1125265875 0.5904189718749999 0.026287904687500002 0.5572554750000001 0.0125264125 0.5523625 0.0085508703125 0.5632357781249999 0.004575328125 0.5768273749999999
3 0.251077865625 0.39537656718749997 0.23280232031249998 0.393877034375 0.2308341859375 0.3998751625 0.2150891015625 0.39537656718749997 0.206091909375 0.39537656718749997 0.1990628546875 0.39137781562499996 0.18219312031249998 0.394876721875 0.1698219828125 0.386379375 0.168416171875 0.393877034375 0.16026246718749998 0.3973759421875 0.1582943328125 0.40587328906250003 0.15941898125 0.4143706359375 0.163074090625 0.4193690765625 0.1644799015625 0.43036564374999997 0.168135009375 0.43536408125000003 0.1771322015625 0.4383631453125 0.18163079531249998 0.4418620546875 0.1878163640625 0.44985955625 0.2564199484375 0.4538583078125 0.25979389375 0.43536408125000003 0.25979389375 0.4063731328125 0.2592315703125 0.4053734453125 0.257263434375 0.39937531875 0.251077865625 0.39537656718749997
3 0.5721651234375 0.14495474531250002 0.5780695312499999 0.1499531859375 0.5853797484375 0.147953809375 0.5893160203125001 0.14095599375 0.5890348578125 0.12646051875 0.587347884375 0.10746644999999999 0.587910209375 0.10096847812500001 0.5839739374999999 0.06348018125 0.5659795562500001 0.0649797140625 0.5645737453125 0.0874726921875 0.5721651234375 0.14495474531250002
3 0.9609375 0.63828125 0.078125 0.04609375
3 0.475 0.625 0.04609375 0.0421875
2 0.246875 0.7609375 0.0328125 0.03046875
2 0.16171875 0.971875 0.034375 0.05234375
2 0.17421875 0.30703125 0.034375 0.0328125
2 0.2140625 0.265625 0.03203125 0.03125
2 0.2078125 0.296875 0.0328125 0.0359375
2 0.29609375 0.31796875 0.03125 0.03046875
2 0.86796875 0.6375 0.03359375 0.03359375
2 0.8859375 0.6796875 0.0375 0.02890625
2 0.925 0.74140625 0.0375 0.03046875
1 0.3109375 0.6078125 0.05625 0.04453125
1 0.2890625 0.4671875 0.05 0.0421875
1 0.11640625 0.39609375 0.05625 0.04609375
1 0.159375 0.35390625 0.053125 0.040625
1 0.2546875 0.30078125 0.05390625 0.03984375
1 0.05703125 0.39140625 0.0578125 0.05390625
2 0.52734375 0.95859375 0.01796875 0.06171875
1 0.82734375 0.72890625 0.0578125 0.03984375
1 0.93828125 0.5828125 0.0625 0.04375
1 0.82578125 0.6671875 0.0640625 0.0484375
1 0.815625 0.62109375 0.06328125 0.04609375
1 0.7921875 0.56796875 0.06015625 0.0421875
1 0.678125 0.6359375 0.06171875 0.07265625
1 0.58984375 0.628125 0.05546875 0.04296875
1 0.68828125 0.54453125 0.05859375 0.0625
1 0.19765625 0.875 0.05078125 0.11640625
1 0.10078125 0.825 0.05546875 0.0859375
1 0.56328125 0.4171875 0.05 0.084375
1 0.5015625 0.2578125 0.0359375 0.0859375
1 0.54609375 0.06875 0.02421875 0.0859375
1 0.596875 0.071875 0.02421875 0.08828125
1 0.07265625 0.91484375 0.06953125 0.078125
1 0.94375 0.17890625 0.05390625 0.0578125