0 0.2992310078125 0.1667937390625 0.29929205312499996 0.33746808281249996 0.30400852343749996 0.3443649734375 0.315596225 0.3439850015625 0.334487965625 0.33643608125 0.3388559109375 0.3244486953125 0.343584803125 0.122942965625 0.3358432953125 0.12264734687500001 0.3164204921875 0.126794746875 0.302869878125 0.140579025 0.2981228984375 0.1614619578125 0.2992310078125 0.1667937390625
0 0.3137717015625 0 0.3192490296875 0.1136062671875 0.326655975 0.11708758125 0.3347367 0.1215541640625 0.3575682296875 0.10926660156250001 0.3606868609375 0.09860228125 0.3575027859375 0 0.3137717015625 0
0 0.4637499921875 1 0.4696218734375 0.9230288609375 0.46701344218749996 0.913531659375 0.440212071875 0.9192349109375 0.43672986874999997 0.9272135468749999 0.4309303 0.97442520625 0.43002035625 0.9978589296875 0.43860772031249995 1 0.4637499921875 1
0 0.273571275 0.8762380500000001 0.27427358125 0.959026896875 0.3078414953125 0.96739631875 0.30947719687499997 0.8474691046875 0.3058643796875 0.8371380046875 0.28330540000000004 0.8425154640624999 0.273571275 0.8762380500000001
3 0.8196208453124999 0.2907422890625 0.8158488687500001 0.3092451203125 0.8190256171874999 0.3234979109375 0.8279587484375 0.3264730109375 0.8783680109375 0.30987651562499996 0.8837562812499999 0.27308120156250004 0.8815513859375 0.265053271875 0.8211150640625 0.28812356562499997 0.8196208453124999 0.2907422890625
2 0.036399210937499996 0.6067280078125 0.0560867640625 0.600174134375 0.0645349234375 0.5938746390625 0.069566203125 0.587487390625 0.0673044015625 0.5655267328125 0.06298628125 0.5621575984375 0.044742453125 0.576713121875 0.0340498953125 0.588566375 0.036399210937499996 0.6067280078125
2 0.10806859687499999 0.5451236359375 0.11202360781250001 0.5430530546875 0.11108513906249999 0.5519890953125001 0.1147316796875 0.5597757984375 0.132170484375 0.5518970796875 0.13998864687499998 0.5446763421874999 0.1457833703125 0.5369511015625 0.14518625000000002 0.5169338328124999 0.1405968890625 0.511204565625 0.1198374203125 0.5289537109375 0.1139508328125 0.5335993718750001 0.1104048578125 0.54264945625 0.10806859687499999 0.5451236359375
2 0.013425314062499999 0.8195522546875 0.01442276875 0.83279181875 0.0188327546875 0.8392405328124999 0.034786251562499995 0.8286989796875 0.044756946874999995 0.8128449015625 0.050238846875 0.8080983421875001 0.0505932515625 0.799780846875 0.044748245312500004 0.79908769375 0.038631996875000005 0.796034403125 0.019082240625 0.807207646875 0.013425314062499999 0.8195522546875
2 0.31621175625000003 0.41843178593749997 0.310855325 0.42749507500000006 0.3075528375 0.44074063125 0.31195137968750003 0.45345949374999994 0.33195865625 0.4504958484375 0.343576771875 0.44115869218750003 0.34600729375 0.4148501578125 0.3423336484375 0.41026405156249995 0.3161049375 0.420240234375 0.31621175625000003 0.41843178593749997
2 0.29938582343750003 0.50109714375 0.2965140953125 0.51261501875 0.30177415625 0.5218785203125 0.31922667968749996 0.519501290625 0.3314226234375 0.513366671875 0.332928540625 0.50456673125 0.334534309375 0.4829461140625 0.3280555046875 0.4813307671875 0.3050294296875 0.49088206718749994 0.29938582343750003 0.50109714375
2 0.3673068484375 0.40670346718749995 0.36738735 0.42018080468749996 0.3719960484375 0.4237766578125 0.38164072031249996 0.42373456875000004 0.395493134375 0.41923634375 0.400345271875 0.4094356265625 0.40119634218750005 0.38946192343749997 0.39630047031250004 0.387017859375 0.3735615671875 0.395417371875 0.3673068484375 0.40670346718749995
2 0.42967328125000004 0.4063491234375 0.42550230781250004 0.41203781875 0.421404871875 0.42019161875 0.4237494703125 0.4287282140625 0.42911635 0.4361832671875 0.4519287875 0.43024886249999994 0.458507446875 0.41904353437499997 0.4607243296875 0.39635189843749996 0.45877720312500003 0.3903611796875 0.4306451015625 0.40659142656249997 0.42967328125000004 0.4063491234375
2 0.40556083750000005 0.12079310624999999 0.4047430515625 0.1364932515625 0.40537158125 0.1629528 0.4079333015625 0.173378609375 0.4139445796875 0.1754890828125 0.420489953125 0.16855731406250002 0.42278733593749995 0.1593430140625 0.42865696406250003 0.1082008015625 0.42422862187500004 0.1052616078125 0.40990868125 0.1102549625 0.40556083750000005 0.12079310624999999
2 0.502117453125 0.7492209453124999 0.5093141890624999 0.7479568234375 0.525180296875 0.740902196875 0.53031960625 0.72994969375 0.53456063125 0.7212199984375001 0.534844321875 0.714562096875 0.5296612781250001 0.71326981875 0.524872225 0.7090173046875 0.508535109375 0.7110609421875 0.50256408125 0.7156891375 0.50142235625 0.7313085140625 0.502117453125 0.7492209453124999
2 0.4263951515625 0.9701252609375001 0.4290393109375 0.9401998296875 0.425722890625 0.9314209312499999 0.42532193281249997 0.9233689421875001 0.42114747656249996 0.9235515218750001 0.4170167546875 0.93597888125 0.4131732046875 0.9472544546874999 0.41073571875 0.9625507624999999 0.409557225 0.976937584375 0.41366162968750003 0.979796009375 0.4233763546875 0.9767129171875 0.4263951515625 0.9701252609375001
2 1 0.513153734375 0.987353371875 0.5204902140625001 0.9863748890625 0.5210024828125001 0.9838896828125 0.5309701 0.9849676890625 0.5471197515624999 0.988439990625 0.550254190625 0.996449684375 0.55225123125 1 0.54995903125 1 0.513153734375
1 0.7304111234375 0.44205890625000005 0.7294867078125 0.45770929687499995 0.7324307703125 0.46978681718750004 0.7410184656250001 0.4711717375 0.7560550609375001 0.46887092499999994 0.7948891546875 0.458135084375 0.798567203125 0.434852696875 0.7997145890625 0.42001413125 0.794991071875 0.408249175 0.736632753125 0.430754184375 0.7304111234375 0.44205890625000005
1 0.6054273734375 0.4298027609375 0.6041933828125 0.44840089375 0.612203075 0.45039793437500003 0.6262611890625001 0.448609390625 0.648502203125 0.441298753125 0.6660283109375 0.43583748437500003 0.6711762390625 0.41519027499999994 0.6715638046875 0.394868640625 0.65968563125 0.396444471875 0.63789055625 0.405378759375 0.607999184375 0.4160755734375 0.6054273734375 0.4298027609375
1 0.4572346484375 0.5123388375 0.4531929578125 0.523430846875 0.4504890875 0.5393938015625 0.4543207265625 0.5479114578125001 0.46433284218750004 0.550407759375 0.505924871875 0.5388470859375001 0.510144078125 0.5270431046875 0.5119149203125 0.513116215625 0.5113737640625 0.5016378078125 0.50452006875 0.4984165265625 0.45990167499999995 0.508466409375 0.4572346484375 0.5123388375
1 0.43300652343749996 0.473023875 0.4352644546875 0.45543726875 0.433876875 0.44223536093750004 0.42840214843749996 0.4386016625 0.392635565625 0.4455649265625 0.379114303125 0.452024715625 0.37356158437500003 0.465764909375 0.37263716874999997 0.4814153 0.37673723125 0.492268578125 0.38550243906250004 0.492941525 0.42576095625 0.483317065625 0.43300652343749996 0.473023875
1 0.25283530781249997 0.64287206875 0.246213196875 0.6540769375 0.2464036296875 0.673786453125 0.2507678125 0.680168190625 0.2976527484375 0.6661460234375001 0.306454796875 0.65472844375 0.306801215625 0.639690171875 0.3056366046875 0.6273000890625 0.289621525 0.6301131703125 0.2599942703125 0.6363384453125 0.25283530781249997 0.64287206875
1 0.3744741828125 0.9041229968750001 0.36822432968749996 0.9103280296875 0.3640514640625 0.923022675 0.36225634375000004 0.9733351078125001 0.36415422343750004 0.9814366578125 0.3795326578125 0.9852709328125 0.38533935 0.973715759375 0.388356784375 0.9117645546875 0.3829412015625 0.9038453562500001 0.3744741828125 0.9041229968750001
1 0.37078988125 0.522802946875 0.3639400171875 0.52467814375 0.35843035156249997 0.534650784375 0.3582353859375 0.5596835875 0.36659812187499996 0.561171475 0.3739403109375 0.56001620625 0.3937531125 0.5559984453125 0.41244108281249997 0.5511030531250001 0.4169626953125 0.5343151234375 0.4179337453125 0.5142532296875 0.40820171875 0.5142154703124999 0.3706138078125 0.5221618718750001 0.37078988125 0.522802946875
1 0.810627209375 0.5507883046875001 0.8036376578125 0.5630379999999999 0.8025177359375 0.58199830625 0.8120924015625001 0.5896326843749999 0.827695315625 0.583611653125 0.8479612515625 0.57467213125 0.863665978125 0.5669274359375 0.8714032515625 0.543786859375 0.8697443968749999 0.5241337265625 0.855064421875 0.525137728125 0.8147394921875 0.54481741875 0.810627209375 0.5507883046875001
1 1 0.439993859375 0.9741204578125 0.454639178125 0.9739764296875 0.458588153125 0.9728081843749999 0.45538179687499997 0.9723625765625 0.4558537109375 0.9662258781249999 0.4607368375 0.9636573609375001 0.4670926296875 0.9623271765625001 0.479004315625 0.9632633953124999 0.49497917812500003 0.9719435265625 0.498309409375 0.9811009890625 0.4970945234375 1 0.48477036562500003 1 0.439993859375
1 1 0.3219670453125 0.9813736000000001 0.3315859046875 0.9759945812499999 0.3413220703125 0.973569559375 0.35762491406249997 0.9775232218750001 0.3720200453125 0.9880875953125001 0.3717389578125 0.9991643437500001 0.368087525 1 0.3676758390625 1 0.3219670453125
1 0.8376329734375 0.3517168921875 0.8383972921874999 0.36706587812499997 0.8465300046875001 0.3725916875 0.8599048796875 0.36893022656249996 0.8806865109375 0.3618683296875 0.9014330984375001 0.3536316625 0.907601521875 0.34467533125 0.9086930390625 0.335036203125 0.9096443843750001 0.3206979953125 0.9050097671874999 0.3142953109375 0.8433174234375 0.33680973281250004 0.8376329734375 0.3517168921875
1 0.7118468765625 0.34192649375 0.7109689390625 0.36386221406249997 0.7211611109375 0.371650553125 0.7762010593750001 0.35214163125 0.78112783125 0.3323814328125 0.7828652609375 0.31357508749999996 0.7768938203125 0.3085881453125 0.719899540625 0.3293588453125 0.7118468765625 0.34192649375
1 0.71952549375 0.3887332328125 0.7158654578125 0.40472815312500005 0.7192016156250001 0.41896932031249995 0.7300396984375 0.4175904453125 0.773044915625 0.40557521875 0.7778097453124999 0.40093306406250007 0.7816066359375 0.3843892515625 0.7830703546875 0.366680696875 0.7779584078124999 0.36482312656250004 0.730118271875 0.3791309703125 0.71952549375 0.3887332328125
1 0.48596212968749997 0.4469177390625 0.4828569890625 0.459371775 0.482901384375 0.47606192500000005 0.4902146390625 0.4830615890625 0.5022596546875 0.48146362343750004 0.5355184578125 0.4765277375 0.543905209375 0.4688413984375 0.5474153671875001 0.454762921875 0.5489597500000001 0.4355931953125 0.540192725 0.4305316265625 0.49367385312499995 0.441938796875 0.48596212968749997 0.4469177390625
1 0.551432803125 0.386747696875 0.549922990625 0.4070763234375 0.5523003328125 0.4208972984375 0.5653595328125001 0.417826775 0.596787565625 0.4072581609375 0.6078842640625 0.404273471875 0.6127131875 0.388798378125 0.612295071875 0.3697144859375 0.6040022046875 0.3653462796875 0.560463290625 0.3803721390625 0.551432803125 0.386747696875
1 0 0.8906428140625 0.00068975625 0.8908147890624999 0.007579059375 0.88684014375 0.025294457812499997 0.8798914718749999 0.045681009375 0.8673577031249999 0.050691443749999995 0.86008273125 0.048944354687500004 0.8465766734375 0.0458600703125 0.8333054953125 0.0382370921875 0.8331097156249999 0 0.8570085078125 0 0.8906428140625
1 0.0351661625 0.6302090171875 0.03740144375 0.6432040859375 0.040111971875 0.65307301875 0.0456801578125 0.6539205515625001 0.084580128125 0.638203128125 0.095391453125 0.6290017140625 0.099267696875 0.62077505 0.098399315625 0.605957696875 0.09568570625 0.5912210531250001 0.0456230203125 0.6138891906249999 0.0374216296875 0.624822878125 0.0351661625 0.6302090171875
1 0.06496343906249999 0.7624168515624999 0.0627913765625 0.7725444125 0.0624320125 0.788144690625 0.06686587656250001 0.7930157484375 0.0764630546875 0.7885050453125 0.095695134375 0.780748240625 0.11297076875 0.773758828125 0.11898384687500001 0.765216534375 0.12037801562499999 0.7511294546875 0.11730774687500001 0.7422052109374999 0.1104754796875 0.7398741421875 0.067951115625 0.7575134078125 0.06496343906249999 0.7624168515624999
1 0.749490615625 0.8374404906249999 0.7541733140625 0.857831415625 0.759722321875 0.86355570625 0.765010415625 0.8605334078125001 0.7881633890625 0.8390212703125 0.800120653125 0.82463948125 0.8097081203125001 0.812767384375 0.8125448125 0.7985920203125 0.8100188640624999 0.784939928125 0.8027568546875001 0.7818890875 0.74864745625 0.8310291718749999 0.749490615625 0.8374404906249999
2 0.0734375 0.53046875 0.0515625 0.0703125
1 0.59296875 0.6453125 0.06875 0.078125
1 0.742474225 0.5384543468749999 0.7167507578125 0.5519214296875 0.7052890328125 0.5530398328125 0.6997971671875 0.5616108890625 0.6972361406250001 0.58085301875 0.7001669796875001 0.5915240890625 0.7043783343750001 0.5925740984375001 0.7488138953125001 0.5758201984375 0.757344778125 0.5640307203125 0.761078140625 0.549057021875 0.75873346875 0.5405201640625 0.742474225 0.5384543468749999
1 0.396875 0.6296875 0.075 0.075
1 0.97421875 0.28515625 0.0515625 0.0984375
2 0.9875 0.22890625 0.025 0.0640625
2 0.9109375 0.37109375 0.0515625 0.0609375
2 0.71015625 0.18984375 0.046875 0.053125
2 0.71484375 0.1328125 0.0484375 0.0546875
2 0.82265625 0.259375 0.0515625 0.059375
1 0.228125 0.521875 0.0703125 0.075
1 0.1578125 0.59765625 0.0671875 0.0734375
1 0.15859375 0.78515625 0.065625 0.071875
1 0.2296875 0.765625 0.06875 0.0734375
1 0.340625 0.69765625 0.0671875 0.0734375
1 0.5984375 0.95390625 0.059375 0.0921875
1 0.08984375 0.8046875 0.065625 0.0734375