0 0.3083745140625 0.8652867656250001 0.316455971875 0.8717884937499999 0.33678326406250003 0.8742045125000001 0.3554342828125 0.8741689375 0.37350311875000003 0.8622841390625 0.38543238125 0.74944965625 0.38209748125 0.7442097171875 0.36304065625000004 0.740509571875 0.33842555937499996 0.7395572265625 0.3224389078125 0.7461483078125 0.3153277875 0.7555682796875 0.310968509375 0.8502272203125001 0.3083745140625 0.8652867656250001
3 0.3953176953125 0.9496889640624999 0.399415875 0.9461392765625 0.41503799218750004 0.9466442921875 0.4190869828125 0.9440331437499999 0.41946408125 0.9368376843749999 0.4249392828125 0.9283408796874999 0.430627521875 0.9264430499999999 0.4303816921875 0.9204697671875 0.435447003125 0.9197941125 0.439545384375 0.894912478125 0.44934820000000003 0.8891521156250001 0.44098809218749996 0.8780480015625001 0.4460701078125 0.8450615765625 0.4229238515625 0.8388292500000001 0.3911878515625 0.836538625 0.3816472625 0.847959425 0.3778603984375 0.8668969859375 0.3822208015625 0.8690077359374999 0.380286328125 0.8845916203125 0.3765979390625 0.89098613125 0.37351598125 0.9071372859375 0.3753845640625 0.9248027109375 0.36789311874999997 0.9291156796875001 0.36866350468750003 0.9357438640625 0.3745975765625 0.9398193203125 0.37808911875 0.9478449359375001 0.385170678125 0.9513531171875 0.3953176953125 0.9496889640624999
3 0.11751529999999999 0.43486138125 0.11572611875000001 0.427055659375 0.1088592890625 0.42176013437500004 0.07362219375 0.4229982171875 0.06382159375 0.42125067656250004 0.021862671875 0.424912790625 0.0268433828125 0.44522490000000003 0.0438010125 0.44673056874999995 0.11553254843750001 0.44123551250000004 0.11751529999999999 0.43486138125
2 0.12890625 0.6265625 0.0578125 0.0203125
2 0.4484375 0.7390625 0.0359375 0.0359375
2 0.29765625 0.75234375 0.0328125 0.034375
2 0.97734375 0.546875 0.0421875 0.0203125
2 0.79609375 0.15546875 0.0359375 0.0421875
3 0.575200771875 0.39950861875 0.566547821875 0.3990551375 0.55093846875 0.409925925 0.548851515625 0.4166350421875 0.62179051875 0.4487056421875 0.64757988125 0.43122518750000005 0.575200771875 0.39950861875
1 0.315625 0.98359375 0.040625 0.0171875
1 0.81484375 0.98671875 0.1109375 0.0265625
1 0.9125 0.5765625 0.1203125 0.034375
1 0.865625 0.48359375 0.1171875 0.0390625
1 0.73125 0.534375 0.1140625 0.0375
1 0.54296875 0.5640625 0.1171875 0.0375
1 0.33828125 0.56640625 0.1046875 0.0328125
1 0.234375 0.6140625 0.0953125 0.0328125
1 0.040625 0.55078125 0.08125 0.0265625
1 0.0421875 0.41171875 0.078125 0.0328125
1 0.03828125 0.46796875 0.0765625 0.03125
1 0.43671875 0.17421875 0.046875 0.059375
1 0.7203125 0.05703125 0.053125 0.078125
1 0.775 0.07109375 0.046875 0.0671875
1 0.16953125 0.0734375 0.1109375 0.0453125
1 0.465625 0.0265625 0.05625 0.053125
1 0.6984375 0.13984375 0.046875 0.0671875
1 0.1875 0.54375 0.0921875 0.0328125
1 0.9171875 0.89140625 0.1296875 0.0625