0 0.26716428593749997 0.32312984375 0.2739876953125 0.3454110390625 0.2815476109375 0.34577686406249997 0.28853948906250004 0.3456548203125 0.30129162656249997 0.33896103437499997 0.3056361359375 0.331418434375 0.3054189796875 0.31897761562500004 0.26378535 0.1295506984375 0.25647905 0.12768709375 0.2459643140625 0.134341825 0.2368392671875 0.14047451718749998 0.23066732499999998 0.15551577968750002 0.23023826875000003 0.16299003437499998 0.25957305937499997 0.288915228125 0.26716428593749997 0.32312984375
0 0.25692642499999996 0.1288729359375 0.2681591875 0.120392734375 0.2744549234375 0.11061802031250001 0.2743103671875 0.10233640937499999 0.24663109843750003 0.00434640625 0.2029482453125 0.00510889375 0.23493303906250002 0.113609025 0.24163835156250002 0.127298871875 0.24970237499999998 0.1299194921875 0.25692642499999996 0.1288729359375
0 0.5422011609374999 0.8751537234375 0.5472919234375 0.9170178296874999 0.56400896875 0.9989588828124999 0.5971705328125 0.9983800453124999 0.5696873828125 0.8539862312500001 0.5582988249999999 0.853754025 0.5417484296875 0.863093790625 0.5422011609374999 0.8751537234375
2 0.5328125 0.896875 0.0203125 0.05625
2 0.009375 0.63203125 0.0140625 0.05
2 0.009375 0.5828125 0.0171875 0.0578125
2 0.1453125 0.5578125 0.0359375 0.05
2 0.1875 0.971875 0.03125 0.040625
2 0.0796875 0.9875 0.034375 0.025
2 0.53046875 0.30546875 0.0375 0.0515625
2 0.5421875 0.565625 0.034375 0.0421875
2 0.96015625 0.47109375 0.0359375 0.0515625
2 0.28125 0.46796875 0.0328125 0.0484375
3 0.50859375 0.6234375 0.059375 0.0703125
1 0.0578125 0.66640625 0.0578125 0.065625
1 0.0578125 0.6171875 0.0609375 0.0734375
1 0.2078125 0.61171875 0.0546875 0.0609375
1 0.2203125 0.553125 0.0515625 0.0578125
1 0.3109375 0.55 0.0578125 0.0609375
1 0.3390625 0.48671875 0.0578125 0.0609375
1 0.36171875 0.4140625 0.059375 0.065625
1 0.4140625 0.50546875 0.059375 0.0609375
1 0.40078125 0.625 0.0578125 0.0625
1 0.38828125 0.68125 0.059375 0.0625
1 0.453125 0.69375 0.0546875 0.0609375
1 0.57890625 0.6171875 0.059375 0.0640625
1 0.50546875 0.4109375 0.0625 0.065625
1 0.56171875 0.43828125 0.0609375 0.0671875
1 0.6234375 0.34375 0.0609375 0.0671875
1 0.70390625 0.35546875 0.0671875 0.0703125
1 0.78984375 0.434375 0.0609375 0.0703125
1 0.88984375 0.4015625 0.0609375 0.0828125
1 0.8890625 0.234375 0.0703125 0.0828125
1 0.86796875 0.14453125 0.0640625 0.0640625
1 0.28515625 0.79375 0.053125 0.0609375
1 0.29609375 0.74140625 0.0578125 0.06875
1 0.37421875 0.73828125 0.05625 0.0609375
1 0.13515625 0.75390625 0.0546875 0.0578125
1 0.140625 0.65703125 0.053125 0.0578125