0 0.3516740453125 0.6954513296875 0.3531858234375 0.6807748546875 0.347706628125 0.6603262156249999 0.34177014687499996 0.6445873421874999 0.33503401875 0.6397662765625001 0.229686071875 0.6690135609375 0.2231220671875 0.6937085484375001 0.22656249218750002 0.7065483921875 0.23065253593750001 0.720743246875 0.23387562343749999 0.7295637828125 0.2403319015625 0.73547921875 0.2625343578125 0.728510703125 0.343923325 0.7082316718749999 0.3516740453125 0.6954513296875
3 0.22102486093749998 0.6053225546875 0.153221265625 0.6302993265625 0.1486047703125 0.6383451671875 0.145100028125 0.6450455984375 0.1342033640625 0.65163165625 0.1330940734375 0.663975321875 0.132049021875 0.671064196875 0.132875665625 0.681841615625 0.1385421421875 0.688703415625 0.145227975 0.69057825625 0.1511434828125 0.6994683609375001 0.1620915375 0.6886784687499999 0.1799230671875 0.6859955578125 0.194940628125 0.6783053078125 0.210795215625 0.6693432625 0.2126540640625 0.6740827640625 0.22887577656250002 0.6686886546874999 0.2369070828125 0.6612990921875 0.23948240156249997 0.6522289109375 0.22958485468749998 0.6218842 0.22102486093749998 0.6053225546875
3 0.465002503125 0.13302409375 0.494743584375 0.22302253749999998 0.5007828421875 0.2245645671875 0.5111495578125 0.22126010468750001 0.514291925 0.21199079531249998 0.48674811093750003 0.12245701093750001 0.465002503125 0.13302409375
3 0.703787175 0.869084728125 0.70091990625 0.8497182890625 0.6966859671875001 0.83175059375 0.6882380359375 0.8273026359375001 0.6824221359375 0.8283447265625 0.6772642453125 0.8307593296875 0.6850029921874999 0.8932201093750001 0.691881628125 0.9156419078125 0.7118576156249999 0.9154521078125001 0.7061357421875 0.8756832812500001 0.703787175 0.869084728125
2 0.33125 0.57734375 0.0421875 0.0421875
2 0.35 0.721875 0.040625 0.0390625
2 0.51953125 0.91328125 0.03125 0.0578125
2 0.5453125 0.8796875 0.0328125 0.059375
2 0.8109375 0.1359375 0.046875 0.040625
2 0.47421875 0.7 0.034375 0.0609375
2 0.521875 0.690625 0.034375 0.059375
1 0.096875 0.1703125 0.08125 0.13125
1 0.034375 0.18359375 0.06875 0.1296875
1 0.025 0.290625 0.05 0.109375
1 0.2703125 0.58046875 0.065625 0.059375
1 0.89140625 0.1421875 0.065625 0.053125
1 0.90703125 0.18984375 0.065625 0.06875
1 0.84453125 0.225 0.0734375 0.0625
1 0.93125 0.2984375 0.071875 0.0578125
1 0.96953125 0.428125 0.0609375 0.05625
1 0.40078125 0.07734375 0.0625 0.1265625
1 0.5296875 0.16875 0.059375 0.1078125
1 0.46796875 0.378125 0.05625 0.1140625
1 0.5453125 0.36953125 0.0578125 0.1109375
1 0.528125 0.553125 0.0515625 0.1
1 0.46484375 0.58984375 0.0546875 0.1
1 0.55625 0.7765625 0.05 0.096875
1 0.58359375 0.90546875 0.04375 0.090625
1 0.67109375 0.91796875 0.0515625 0.0984375
1 0.72265625 0.90234375 0.05 0.1
1 0.8265625 0.478125 0.0671875 0.0625
1 0.990625 0.7578125 0.01875 0.115625
1 0.68984375 0.47265625 0.0703125 0.084375
1 0.20859375 0.89296875 0.075 0.078125