0 0.24352378749999998 0.7359611953125 0.2500937515625 0.744038328125 0.269533603125 0.7506509375 0.28784133125 0.754503690625 0.3080555234375 0.746584775 0.34335435625 0.6381310124999999 0.3411778484375 0.6322838890625 0.3232530890625 0.6246735343750001 0.2993000078125 0.6186062531250001 0.2822357734375 0.6217543390625 0.2732886421875 0.6295338953125 0.24921797968749998 0.7216951546875 0.24352378749999998 0.7359611953125
3 0.31118337500000004 0.8370695343750001 0.3159467359375 0.8344336828125 0.331169484375 0.8381865906250001 0.33568833124999997 0.8364632703125 0.3375629203125 0.829467203125 0.344711859375 0.8222543171875 0.3506899734375 0.8215740374999999 0.3516977921875 0.8156497828125 0.35680913125 0.8160413140625 0.366033240625 0.7924316499999999 0.37685621875 0.7888113437500001 0.3709752125 0.7761509984375 0.38285918125 0.7447776312500001 0.3614513734375 0.733825175 0.3307911328125 0.72495775625 0.31904184375 0.734198140625 0.311366309375 0.7520284484374999 0.31520335625 0.755012675 0.3100466421875 0.7699317234375 0.3050905078125 0.7754500609375 0.2986892671875 0.790687671875 0.29682884062500003 0.8084460515625 0.2885764171875 0.8111250578125 0.28794635468749996 0.8178025625 0.2929166515625 0.8230465406249999 0.294664365625 0.8316652296875 0.300879190625 0.8365906453124999 0.31118337500000004 0.8370695343750001
3 0.14625635625 0.2729773359375 0.1461330078125 0.264929696875 0.1405026125 0.2582917 0.105669253125 0.252163965625 0.096418365625 0.24840286250000002 0.05448271406250001 0.2432573265625 0.0551224640625 0.264266675 0.0714463734375 0.2692818203125 0.142978046875 0.27883116874999997 0.14625635625 0.2729773359375
2 0.1171875 0.46484375 0.059375 0.03125
2 0.40703125 0.640625 0.0421875 0.0421875
2 0.25625 0.62265625 0.0390625 0.040625
2 0.971875 0.5640625 0.05625 0.03125
2 0.8703125 0.13984375 0.04375 0.0484375
3 0.6027275265625 0.3336207890625 0.594332115625 0.3313712453125 0.5767431890625 0.33880584062499997 0.5732925921875001 0.3449673171875 0.6381539796875 0.39170341249999996 0.667113575 0.3798920875 0.6027275265625 0.3336207890625
1 0.278125 0.90625 0.0625 0.0734375
1 0.22109375 0.8765625 0.05625 0.0734375
1 0.7140625 0.965625 0.1125 0.05625
1 0.89609375 0.578125 0.121875 0.0578125
1 0.86953125 0.4765625 0.1203125 0.0609375
1 0.728125 0.49765625 0.1171875 0.059375
1 0.53671875 0.4890625 0.121875 0.0609375
1 0.3359375 0.4484375 0.10625 0.053125
1 0.22265625 0.47421875 0.0984375 0.0515625
1 0.0515625 0.3734375 0.071875 0.0390625
1 0.08515625 0.23671875 0.0671875 0.04375
1 0.0703125 0.290625 0.0640625 0.0421875
1 0.5140625 0.0828125 0.0578125 0.0671875
1 0.778125 0.10390625 0.0609375 0.075
1 0.19140625 0.39453125 0.0953125 0.05
1 0.83515625 0.8875 0.1375 0.0875