0 0.5941431953125 0 0.5701205921875 0.11078410624999999 0.5646500984375 0.1585650375 0.5843914453125 0.16786751875 0.5900997875 0.1695588796875 0.6165008656250001 0.0346728875 0.61864149375 0.002537040625 0.6169765609375 0 0.5941431953125 0
0 0.2782767265625 1 0.316989540625 0.860620953125 0.3176953515625 0.8521931453124999 0.3125333890625 0.8451019640625 0.3033826375 0.8359251406249999 0.2928240765625 0.8330052421874999 0.2881313828125 0.83467375625 0.284846496875 0.8396792953125001 0.23651175468750002 1 0.2782767265625 1
0 0.34749395625 0.6511372984375 0.3439744359375 0.6432118609375 0.3345890484375 0.6369549359375 0.3282539125 0.63486929375 0.320745603125 0.6344521656250001 0.316522178125 0.63570355 0.27780745625000003 0.8079775437500001 0.284377228125 0.82382841875 0.304321175 0.8342566281250001 0.308779234375 0.8321709859374999 0.34749395625 0.6511372984375
0 0.42556703437500004 0.23325025625 0.42854441562499995 0.22831000937499998 0.4567302921875 0.104803821875 0.45573783125 0.093864703125 0.4541498953125 0.08610145625 0.4525619578125 0.080808334375 0.4485921171875 0.0769267109375 0.4440267984375 0.0733979625 0.439858465625 0.0716335890625 0.4339037015625 0.0712807140625 0.403931396875 0.1947869015625 0.4045268734375 0.216312265625 0.40591631875 0.22372263750000002 0.418818303125 0.23148588281250002 0.42556703437500004 0.23325025625
3 0.16171875 0.325 0.0421875 0.0546875
2 0.0703125 0.059375 0.0265625 0.04296875
2 0.0609375 0.37421875 0.0328125 0.04765625
2 0.08046875 0.3171875 0.03203125 0.046875
2 0.115625 0.328125 0.03046875 0.04765625
2 0.1796875 0.24453125 0.03125 0.03984375
2 0.26875 0.15703125 0.0296875 0.0390625
2 0.0234375 0.2671875 0.0296875 0.046875
2 0.26796875 0.50546875 0.03125 0.0453125
2 0.38828125 0.5578125 0.0296875 0.04453125
2 0.503125 0.5578125 0.02890625 0.04375
2 0.5515625 0.65 0.03125 0.03984375
2 0.63515625 0.90703125 0.034375 0.04296875
2 0.66953125 0.83515625 0.034375 0.03828125
2 0.75234375 0.80703125 0.03671875 0.04453125
2 0.7890625 0.79296875 0.03671875 0.0453125
2 0.66796875 0.7109375 0.034375 0.04375
2 0.68046875 0.75234375 0.03671875 0.04140625
2 0.7140625 0.665625 0.0328125 0.04296875
2 0.55625 0.128125 0.01640625 0.05078125
2 0.4203125 0.2703125 0.02890625 0.03984375
1 0.0359375 0.06015625 0.0390625 0.0625
1 0.10078125 0.06328125 0.040625 0.06484375
1 0.14140625 0.11796875 0.04375 0.05859375
1 0.190625 0.146875 0.04609375 0.0578125
1 0.0921875 0.278125 0.04296875 0.0546875
1 0.05 0.1453125 0.046875 0.06640625
1 0.1046875 0.20859375 0.05 0.06171875
1 0.240625 0.378125 0.05 0.05546875
1 0.24375 0.43515625 0.05078125 0.05859375
1 0.32734375 0.23515625 0.0484375 0.0578125
1 0.3109375 0.48203125 0.05234375 0.06015625
1 0.33671875 0.4375 0.05078125 0.0609375
1 0.3453125 0.28828125 0.0515625 0.0609375
1 0.46484375 0.33203125 0.05 0.05234375
1 0.52578125 0.40078125 0.0515625 0.05390625
1 0.4421875 0.39921875 0.0515625 0.05703125
1 0.42890625 0.521875 0.05625 0.0703125
1 0.703125 0.50703125 0.053125 0.05546875
1 0.95703125 0.80078125 0.0609375 0.075
1 0.88671875 0.85 0.06015625 0.07265625
1 0.86015625 0.7140625 0.05859375 0.0671875
1 0.78359375 0.71328125 0.06015625 0.0640625
1 0.725 0.72890625 0.0578125 0.06640625
1 0.76953125 0.653125 0.05703125 0.06015625
1 0.653125 0.64140625 0.05546875 0.065625
1 0.51484375 0.121875 0.0296875 0.07734375
1 0.61796875 0.5703125 0.05546875 0.05859375
1 0.83984375 0.32109375 0.04765625 0.08359375