0 0.6666351265625 0.30789269531249996 0.688130296875 0.22168027812500002 0.6958941203125 0.20021434375 0.6928758859374999 0.19539195625 0.6792418234375 0.18961852031249998 0.6591247328125001 0.18324614687500002 0.6489969484375 0.1827559359375 0.6287032546875 0.191601490625 0.597035165625 0.3041056640625 0.6155392749999999 0.312110803125 0.6403568187500001 0.31897682031249996 0.65888868125 0.3147793109375 0.6666351265625 0.30789269531249996
3 0.62159504375 0.1177066671875 0.6098365765625 0.1183621640625 0.602827428125 0.1185712484375 0.5963740703125 0.1212016796875 0.5879104749999999 0.1272442265625 0.58256870625 0.13471735 0.5533202375 0.21482244218750002 0.574540678125 0.222722175 0.5966896875 0.2292228734375 0.6097694437500001 0.2279184796875 0.6164325046875 0.2197964578125 0.6225864046875 0.202090290625 0.6168120218750001 0.1996722453125 0.6239710390625001 0.1802600203125 0.6323181921875001 0.165383465625 0.6356764109374999 0.149589140625 0.6466860921875 0.137985309375 0.639483953125 0.1296674078125 0.634388546875 0.1222008875 0.62159504375 0.1177066671875
3 0.8881927890625001 0.6668201578125 0.8672984937500001 0.6622628484375 0.7991972890625 0.656371059375 0.7953199375 0.6602959796875 0.7964414984375 0.6674239328125 0.799975990625 0.674175165625 0.8214161078125001 0.6788685671875 0.8381734843749999 0.6814160984375001 0.8455853265625001 0.684242409375 0.8871243234374999 0.6897075906250001 0.8881927890625001 0.6668201578125
2 0.0828125 0.78359375 0.0453125 0.0484375
2 0.48515625 0.5046875 0.0640625 0.0328125
2 0.209375 0.17578125 0.0453125 0.04375
2 0.7375 0.065625 0.046875 0.0484375
2 0.72265625 0.18125 0.046875 0.0453125
2 0.7265625 0.22109375 0.0484375 0.0453125
2 0.68359375 0.3140625 0.0421875 0.0421875
1 0.7109375 0.26953125 0.0578125 0.0703125
1 0.5234375 0.26484375 0.05625 0.0640625
1 0.65390625 0.06640625 0.0625 0.0734375
1 0.690625 0.11875 0.0609375 0.0703125
1 0.13203125 0.06328125 0.0859375 0.0734375
1 0.07890625 0.88359375 0.0578125 0.0609375
1 0.1296875 0.89921875 0.0625 0.0578125
1 0.1859375 0.90390625 0.0578125 0.071875
1 0.11640625 0.81953125 0.059375 0.071875
1 0.17890625 0.815625 0.0671875 0.075
1 0.725 0.53359375 0.0984375 0.053125
1 0.89921875 0.571875 0.1046875 0.0546875
1 0.88984375 0.646875 0.1015625 0.0515625
1 0.87421875 0.7015625 0.103125 0.0515625
1 0.7015625 0.93984375 0.0984375 0.0734375
1 0.4546875 0.6984375 0.0984375 0.075
1 0.45703125 0.8015625 0.06875 0.071875
1 0.23203125 0.01328125 0.1234375 0.0265625