0 0.2942625171875 0.8312275765624999 0.3021275984375 0.83508478125 0.3070093734375 0.8331561781250001 0.34606356875 0.6562069203124999 0.346334778125 0.6494568125 0.34335147187500004 0.6451174578125001 0.3363000203125 0.6398138015625 0.329519778125 0.6359565968750001 0.3202986484375 0.63402799375 0.31541687343749997 0.636438746875 0.3116199375 0.6499389640625 0.305924534375 0.67597509375 0.276905096875 0.8013342421875 0.27609146875 0.8104951015624999 0.2826005 0.822066715625 0.2942625171875 0.8312275765624999
0 0.316154290625 0.8594712921875001 0.31659339375 0.8547875250000001 0.31176325781249997 0.8465909328125001 0.30825043281250003 0.8430781062499999 0.302542090625 0.8391749671875001 0.299029265625 0.83605245625 0.29551644062500004 0.8348815140625 0.2893689953125 0.8348815140625 0.2854170671875 0.838004025 0.2827824484375 0.8411265374999999 0.2755372453125 0.8622034890625001 0.2353593046875 0.9999843109375 0.2755372453125 1 0.3143978765625 0.8645453734374999 0.316154290625 0.8594712921875001
0 0.4222424546875 0.2017708703125 0.4292552234375 0.2037393671875 0.43276160781249995 0.202098953125 0.46265814531249994 0.0793960171875 0.46173541250000005 0.070537784375 0.46136631875 0.06397612968750001 0.45896721406249996 0.0564302265625 0.45749084218749997 0.0531494 0.45176990000000006 0.0479000765625 0.44623350312500004 0.045603496874999996 0.443280759375 0.0462596625 0.44014346875 0.04593158125 0.4331307 0.073490528125 0.4098778375 0.16502560625 0.41024693125 0.1919283890625 0.41615242031250005 0.197833878125 0.4222424546875 0.2017708703125
0 0.5925789 0 0.5700642234375 0.10925154374999999 0.5654505609375 0.14435639375 0.5650814671875 0.15846395156249998 0.5732015140625 0.1646975234375 0.581137015625 0.16797835 0.5905488875 0.1683064328125 0.617308134375 0.015419887500000002 0.6169390421875 0 0.5925789 0
3 0.01796875 0.2078125 0.0359375 0.05859375
3 0.1484375 0.0796875 0.04921875 0.0671875
3 0.8625 0.8453125 0.05703125 0.065625
2 0.93515625 0.80390625 0.03984375 0.04921875
2 0.88359375 0.90390625 0.04140625 0.04765625
2 0.79921875 0.48984375 0.03125 0.040625
2 0.70625 0.834375 0.03515625 0.03671875
2 0.6328125 0.90703125 0.034375 0.04296875
2 0.0296875 0.32578125 0.0328125 0.04921875
2 0.09140625 0.04296875 0.028125 0.04375
2 0.13828125 0.121875 0.02890625 0.0421875
2 0.16640625 0.034375 0.03046875 0.0390625
2 0.14609375 0.4125 0.03125 0.04765625
2 0.23671875 0.421875 0.03046875 0.0421875
2 0.24296875 0.47421875 0.03125 0.046875
2 0.32265625 0.515625 0.02890625 0.04375
2 0.5078125 0.29921875 0.02890625 0.03984375
2 0.52421875 0.4265625 0.0296875 0.040625
2 0.55625 0.1265625 0.0171875 0.05234375
2 0.4359375 0.528125 0.0296875 0.03984375
2 0.46640625 0.60390625 0.03046875 0.04453125
2 0.51328125 0.64921875 0.03046875 0.04375
2 0.56640625 0.66484375 0.03125 0.04609375
1 0.08671875 0.11640625 0.04375 0.05703125
1 0.05390625 0.05 0.0390625 0.06640625
1 0.165625 0.175 0.04609375 0.059375
1 0.2640625 0.2 0.04765625 0.0515625
1 0.31796875 0.2296875 0.04921875 0.05703125
1 0.07578125 0.26171875 0.046875 0.05625
1 0.0484375 0.2890625 0.046875 0.0609375
1 0.15 0.31796875 0.05078125 0.06015625
1 0.215625 0.36796875 0.05234375 0.065625
1 0.33984375 0.35234375 0.0546875 0.05546875
1 0.3671875 0.5 0.053125 0.05703125
1 0.359375 0.4375 0.053125 0.0546875
1 0.5203125 0.38203125 0.0484375 0.05234375
1 0.6046875 0.3921875 0.05 0.05859375
1 0.6984375 0.47109375 0.05078125 0.0640625
1 0.61796875 0.6203125 0.05625 0.05859375
1 0.6171875 0.56796875 0.05390625 0.05703125
1 0.65078125 0.70078125 0.05546875 0.06484375
1 0.70859375 0.68515625 0.05703125 0.06484375
1 0.8125 0.6890625 0.06328125 0.0671875
1 0.796875 0.73671875 0.05625 0.06328125
1 0.77265625 0.778125 0.059375 0.065625
1 0.875 0.796875 0.0609375 0.06875
1 0.97109375 0.68828125 0.0578125 0.078125
1 0.8 0.559375 0.0546875 0.065625
1 0.5109375 0.51953125 0.053125 0.05546875
1 0.5375 0.6078125 0.05390625 0.0640625
1 0.49453125 0.33046875 0.04921875 0.05625
1 0.675 0.06484375 0.02890625 0.071875
1 0.5140625 0.121875 0.0296875 0.07890625
1 0.10234375 0.3453125 0.0515625 0.0625
1 0.28984375 0.40234375 0.05078125 0.0546875