1 0.1188151046875 0.7829861109375 0.1103515625 0.7870370375 0.067057290625 0.8391203703125001 0.080729165625 0.8755787046875 0.1318359375 0.81539351875 0.1188151046875 0.7829861109375
1 0.1142578125 0.8443287046875 0.1145833328125 0.8535879625 0.1402994796875 0.940972221875 0.1634114578125 0.909722221875 0.1363932296875 0.8240740734375 0.1142578125 0.8443287046875
2 0.1764322921875 0.9635416671874999 0.1559244796875 0.9357638890625 0.1422526046875 0.9635416671874999 0.1650390625 0.9988425937500001 0.169921875 0.997685184375 0.1813151046875 0.972222221875 0.1764322921875 0.9635416671874999
1 0.1617838546875 0.8987268515625001 0.1611328125 0.9137731484374999 0.19140625 0.987847221875 0.212239584375 0.9548611109375 0.1787109375 0.8709490734375 0.1617838546875 0.8987268515625001
1 0.1722005203125 0.83101851875 0.1712239578125 0.8443287046875 0.2041015625 0.9369212953125 0.226888021875 0.90625 0.19140625 0.8026620375 0.1722005203125 0.83101851875
2 0.24765625 0.75546875 0.03359375 0.03671875
1 0.346875 0.60859375 0.05859375 0.053125
3 0.1859375 0.565625 0.04609375 0.05
1 0.025 0.503125 0.04765625 0.06171875
1 0.2890625 0.4640625 0.05078125 0.04609375
1 0.11796875 0.39609375 0.05625 0.05234375
1 0.0578125 0.390625 0.05859375 0.0546875
1 0.159375 0.353125 0.0546875 0.0484375
1 0.2546875 0.30078125 0.0546875 0.04140625
1 0.13203125 0.1890625 0.0546875 0.0671875
3 0.2109375 0.42109375 0.1 0.06953125
0 0.25078125 0.36015625 0.121875 0.075
0 0.0765625 0.33203125 0.10625 0.06796875
1 0.4765625 0.059375 0.02421875 0.090625
1 0.47734375 0.30625 0.03828125 0.096875
1 0.509375 0.28671875 0.040625 0.09140625
1 0.5671875 0.6828125 0.0546875 0.03984375
1 0.671875 0.5109375 0.05859375 0.0828125
2 0.73203125 0.68671875 0.0359375 0.03515625
2 0.70390625 0.74140625 0.0375 0.03671875
2 0.9265625 0.70546875 0.04296875 0.034375
2 0.7796875 0.6296875 0.0390625 0.0421875
1 0.828125 0.7046875 0.0640625 0.05
1 0.9078125 0.5765625 0.0609375 0.05
1 0.79609375 0.56875 0.05859375 0.04765625
3 0.85390625 0.625 0.08203125 0.0546875
2 0.52734375 0.95390625 0.01796875 0.06484375
1 0.6940104171875 0.62210648125 0.7509765625 0.6678240734374999 0.7613932296875 0.6197916671875 0.7057291671875 0.57928240625 0.6940104171875 0.62210648125
1 0.7591145828125 0.5723379625 0.7076822921875 0.5399305562500001 0.7034505203125 0.5549768515625 0.7008463546875 0.5763888890625 0.7542317703125 0.6140046296875 0.7581380203125 0.6053240734374999 0.763671875 0.580439815625 0.7591145828125 0.5723379625
1 0.54609375 0.0703125 0.025 0.09296875
1 0.56640625 0.0328125 0.02265625 0.065625
1 0.59609375 0.06796875 0.02421875 0.08828125
1 0.61953125 0.03359375 0.02421875 0.06484375
3 0.57734375 0.1046875 0.0265625 0.078125
1 0.90234375 0.034375 0.046875 0.04140625
1 0.9421875 0.17734375 0.05390625 0.06171875
1 0.8404947921874999 0.033564815625 0.8372395828125001 0.071759259375 0.8834635421874999 0.09664351875 0.8912760421874999 0.07696759375 0.8860677078125001 0.055555556250000006 0.8404947921874999 0.033564815625