0 0.3308674015625 0.6560674875 0.3270320265625 0.657822834375 0.3231034671875 0.6676318390625 0.31886061875 0.7072840312500001 0.3036463375 0.837343178125 0.3060927015625 0.8470677140625 0.31328944375 0.85637664375 0.327588025 0.8617513906250001 0.33500122499999996 0.8644156734375 0.337798325 0.8599115749999999 0.3581988265625 0.6797058703125 0.35737701093749996 0.670312471875 0.354508734375 0.664884234375 0.3468489875 0.659401928125 0.33807514843750003 0.656383421875 0.3308674015625 0.6560674875
0 0.3303303703125 1 0.34853199687499997 0.8977178671875 0.3501873875 0.8883104124999999 0.3494980578125 0.880431328125 0.34421206249999997 0.87383655625 0.3369966765625 0.8678516578125001 0.3291038171875 0.8654546515625 0.32172499062500004 0.866100215625 0.3149912734375 0.8684536484375001 0.309063375 0.8998476921874999 0.2903796375 1 0.3303303703125 1
0 0.5343266375 0 0.525169609375 0.0878595125 0.524717378125 0.1112191140625 0.525040109375 0.13154964062500002 0.52608213125 0.14108261875 0.536091409375 0.14612946875 0.545352890625 0.14976110625 0.5526231140625 0.147274246875 0.5640194843749999 0.0041360171874999995 0.563616509375 0 0.5343266375 0
0 0.3199384125 0.2887963015625 0.3254998328125 0.28792384531250004 0.3316667296875 0.264230578125 0.331508178125 0.2549829546875 0.3257443265625 0.23619244843749998 0.3197086484375 0.22668721718749998 0.2346286359375 0.188595075 0.23108508906249997 0.187747409375 0.22462702031249998 0.21802637656249998 0.2308316234375 0.24681160625 0.3199384125 0.2887963015625
3 0.13828125 0.28203125 0.0515625 0.0609375
3 0.19296875 0.24296875 0.0515625 0.065625
3 0.5171875 0.04609375 0.03125 0.06875
3 0.865625 0.74140625 0.071875 0.06875
3 0.97109375 0.61328125 0.0578125 0.0859375
2 0.0328125 0.37421875 0.0390625 0.05
2 0.0953125 0.42734375 0.0375 0.05
1 0.03671875 0.3015625 0.053125 0.0609375
1 0.11484375 0.35078125 0.05625 0.0640625
1 0.10546875 0.3890625 0.0515625 0.0578125
1 0.1890625 0.43515625 0.05625 0.0609375
1 0.18125 0.48203125 0.0578125 0.0640625
1 0.27109375 0.46484375 0.059375 0.0671875
1 0.33515625 0.45 0.059375 0.0609375
1 0.415625 0.3828125 0.0578125 0.0609375
1 0.4640625 0.50078125 0.0625 0.0640625
1 0.31171875 0.52890625 0.0640625 0.0671875
1 0.3578125 0.49921875 0.0578125 0.0609375
1 0.27421875 0.33828125 0.0546875 0.059375
1 0.61484375 0.38359375 0.059375 0.0640625
1 0.73125 0.4125 0.0546875 0.0671875
1 0.890625 0.4953125 0.0625 0.0703125
1 0.80078125 0.6765625 0.0640625 0.0671875
2 0.78828125 0.8015625 0.0390625 0.040625
1 0.64296875 0.5640625 0.0671875 0.0703125
1 0.58359375 0.58359375 0.059375 0.0640625
1 0.21875 0.403125 0.0578125 0.0640625
2 0.24296875 0.534375 0.034375 0.046875
2 0.0546875 0.4203125 0.0375 0.053125
2 0.215625 0.06796875 0.03125 0.0421875
2 0.30078125 0.03671875 0.03125 0.0421875
2 0.51328125 0.1109375 0.0203125 0.053125
1 0.46953125 0.11015625 0.0359375 0.08125
1 0.7234375 0.59453125 0.0609375 0.0609375
1 0.81953125 0.26640625 0.05625 0.0875
1 0.4 0.5734375 0.0578125 0.0640625
2 0.4671875 0.6234375 0.034375 0.046875
2 0.4109375 0.94765625 0.034375 0.06875
2 0.36171875 0.8671875 0.0296875 0.0703125
1 0.80390625 0.52734375 0.0609375 0.0671875
1 0.6875 0.45703125 0.0625 0.0703125