0 0.648456884375 0.1418143375 0.64972299375 0.1301588890625 0.643208325 0.12523253750000002 0.6225266859375 0.12456049218750001 0.60388204375 0.12694235625 0.5857329703125 0.138780234375 0.5831466 0.25656265 0.6014426234375 0.259466828125 0.627684615625 0.2587939125 0.6399247140625001 0.2535870359375 0.652953825 0.239559190625 0.648456884375 0.1418143375
1 0.60612591875 0 0.607226346875 0.04750028125 0.62223034375 0.050242945312499995 0.6519532906250001 0.0502893171875 0.661777034375 0.041433226562499995 0.66863349375 0.0304869234375 0.6679023859375001 0 0.60612591875 0
3 0.9409963296875 0.5210929125 0.8787842921875001 0.5329483109375001 0.8748815703125 0.539080434375 0.8780565499999999 0.5492873203124999 0.8877051109374999 0.5520418328125001 0.921250378125 0.5473200078125 0.9271045546875 0.5481987203124999 0.9705306374999999 0.540588025 0.9668135093749999 0.520036271875 0.9409963296875 0.5210929125
3 0.550998903125 0.095188840625 0.5443192578125 0.0977703375 0.5343081171875 0.1018015328125 0.5294441640625001 0.10651930312499999 0.5195329890625 0.112457915625 0.5255130984374999 0.118201253125 0.5157518671875 0.1270009875 0.515769253125 0.2031875 0.53294319375 0.20579398750000003 0.5698562890625001 0.20577210781250002 0.57880125625 0.1922335140625 0.5801503484375 0.1746301390625 0.5721380625 0.1734561671875 0.5770351312499999 0.14769745625 0.5803665203125 0.135409384375 0.5760187328125 0.11746701875000001 0.5821485796875 0.10439473437499999 0.5723705859375 0.10203819375 0.5703549671875 0.0960870875 0.56335876875 0.0926284328125 0.550998903125 0.095188840625
1 0.56875 0.04609375 0.053125 0.065625
1 0.6203125 0.090625 0.0453125 0.0640625
1 0.68515625 0.190625 0.046875 0.0609375
2 0.6703125 0.1046875 0.0390625 0.0390625
2 0.68515625 0.14140625 0.0421875 0.0390625
2 0.7203125 0.1453125 0.034375 0.0375
2 0.6703125 0.24140625 0.0359375 0.0359375
2 0.309375 0.28203125 0.04375 0.0359375
2 0.1734375 0.2125 0.0390625 0.0390625
2 0.2875 0.8015625 0.0375 0.040625
2 0.26640625 0.92890625 0.0359375 0.04375
1 0.503125 0.2421875 0.05 0.059375
3 0.3796875 0.86640625 0.04375 0.0609375
1 0.95625 0.49921875 0.0875 0.0328125
1 0.95625 0.55546875 0.0875 0.0296875
1 0.82734375 0.4390625 0.0953125 0.0328125
1 0.28828125 0.68359375 0.053125 0.0625
1 0.334375 0.81015625 0.0625 0.075
1 0.31484375 0.89453125 0.053125 0.06875
1 0.3921875 0.96015625 0.05625 0.0765625
1 0.4296875 0.79140625 0.04375 0.0609375
1 0.05546875 0.16484375 0.1109375 0.0609375
1 0.51484375 0.5890625 0.09375 0.0640625
1 0.3609375 0.1578125 0.05625 0.0640625
1 0.115625 0.06015625 0.1125 0.0625