1 0.8890625 0.125 0.08125 0.0703125
1 0.88125 0.23671875 0.071875 0.065625
2 0.91015625 0.3109375 0.05 0.040625
2 0.8609375 0.325 0.059375 0.0421875
2 0.846875 0.36328125 0.05625 0.0421875
2 0.8171875 0.39765625 0.053125 0.040625
3 0.82265625 0.31953125 0.075 0.0609375
1 0.76640625 0.38984375 0.08125 0.0640625
1 0.9390625 0.5859375 0.084375 0.04375
3 0.9451629203125 0.6444617796875 0.956681584375 0.640597546875 0.9597382109374999 0.626217253125 0.9068155718750001 0.6059502 0.8950681421875 0.60585800625 0.8866268609375 0.61789135625 0.8948601343749999 0.6244509921875 0.9451629203125 0.6444617796875
2 0.8884766015625001 0.6041563296875 0.8490269406250001 0.590961446875 0.8305045734375 0.590030396875 0.8405856625 0.602994796875 0.8675700656249999 0.6144419078125 0.8793401812500001 0.6169437234374999 0.8884766015625001 0.6041563296875
0 0.697077403125 0.5559581765625 0.684426825 0.5752130125 0.691758875 0.5809798875000001 0.8477235406249999 0.6423876 0.8758694640625 0.6483702 0.890582784375 0.6244436140625 0.8869167609374999 0.6215601765625001 0.7450363953125 0.5643485734375 0.705731684375 0.5529880984375 0.697077403125 0.5559581765625
0 0.94585578125 0.5078360515625 0.95516868125 0.48666937031249996 0.9481649765625001 0.48187408749999994 0.8200474906249999 0.43540347500000004 0.78936553125 0.4312866234375 0.77796720625 0.454715434375 0.9235678078125 0.5070063984375001 0.94585578125 0.5078360515625
0 0.7739136281250001 0.43100821875 0.62457895 0.3686049546875 0.5984031046875 0.36845190625 0.58549223125 0.393964015625 0.7522262093750001 0.46006561562500004 0.77237646875 0.45082168593749994 0.7739136281250001 0.43100821875
1 0.674384971875 0.4714757515625 0.7381449718749999 0.50366555625 0.752100090625 0.5009204078125 0.762121971875 0.494032625 0.7603964234375 0.48705264843749996 0.7019983921875 0.45480016562500003 0.6851108390625 0.4512106046875 0.671040375 0.46204743437499995 0.674384971875 0.4714757515625
1 0.3338017484375 0.70238795 0.362153753125 0.7099173546875 0.3716569703125 0.6954043265625 0.38807315625 0.67604809375 0.392642328125 0.6595845015624999 0.37616001875 0.6515720796875 0.3574927015625 0.6488066171875 0.3259579546875 0.6965123 0.3338017484375 0.70238795
1 0.3020567109375 0.632814934375 0.2943490203125 0.6413970124999999 0.27031588125 0.6789738125 0.2792442953125 0.6847794046875 0.31097242812500003 0.691523428125 0.338664671875 0.649313596875 0.3382682734375 0.6411131390625 0.3251236421875 0.6350125625 0.315133290625 0.631686646875 0.3020567109375 0.632814934375
1 0.2722986578125 0.6319004640625 0.2591313421875 0.623390265625 0.2412203 0.6195831562499999 0.2222700046875 0.6206653453125 0.1851968078125 0.67681299375 0.2310319265625 0.69016275 0.2722986578125 0.6319004640625
1 0.23735432812499999 0.7107450171874999 0.202450371875 0.766752553125 0.23944089375000002 0.7764187296875 0.2533890921875 0.7661571125 0.2790570453125 0.725921803125 0.2681812359375 0.7166962796874999 0.23735432812499999 0.7107450171874999
2 0 0.8517919453125 0.0255272375 0.859306178125 0.0444271703125 0.8257484843749999 0.034552167187499996 0.8143308859375 0.0285108171875 0.8100407593750001 0.01578526875 0.814550259375 0 0.8263710156249999 0 0.8517919453125
2 0 0.8995181109375 0.005961765625 0.9035440093749999 0.0280890234375 0.907646103125 0.0319157625 0.9072571015625 0.0436808828125 0.8821026562500001 0.03795404375 0.863751178125 0.02095114375 0.8682532999999999 0.00552884375 0.8779009890625 0 0.8866147046874999 0 0.8995181109375
2 0.08400047656250001 0.92274686875 0.07938762187500001 0.89780855625 0.058268085937500005 0.8990308609375001 0.0357102109375 0.91248245625 0.08400047656250001 0.92274686875
3 0.35023519531249997 0.9018721859375001 0.3849153765625 0.8695644874999999 0.36482817343749996 0.8583810203125 0.34554261406250003 0.850975146875 0.29558507968750003 0.8947649453125001 0.30197745625 0.9024362874999999 0.3300238 0.9114037203124999 0.33710439999999997 0.9108045499999999 0.35023519531249997 0.9018721859375001
1 0.7090070140625 0.8873502906249999 0.7013850671874999 0.8779145953124999 0.6837274 0.86033374375 0.6135534796875 0.8859988156249999 0.618517125 0.8978754703125 0.6377257890625 0.9106757984374999 0.6626266953125 0.90424525 0.7090070140625 0.8873502906249999