2 0.1953125 0.6796875 0.053125 0.0578125
2 0.434375 0.953125 0.04375 0.0859375
2 0.05390625 0.878125 0.053125 0.0703125
1 0.50234375 0.6671875 0.0875 0.0921875
1 0.2953125 0.53828125 0.0859375 0.090625
1 0.1390625 0.45078125 0.0703125 0.0796875
1 0.3109375 0.3890625 0.0765625 0.071875
1 0.084375 0.26171875 0.0796875 0.084375
1 0.146875 0.28046875 0.078125 0.075
1 0.2015625 0.23671875 0.071875 0.071875
1 0.3125 0.2109375 0.0765625 0.0671875
1 0.5359375 0.2125 0.065625 0.1125
1 0.5734375 0.19921875 0.06875 0.1109375
1 0.2125 0.06875 0.078125 0.084375
3 0.23984375 0.32421875 0.13125 0.103125
0 0.29296875 0.2671875 0.1515625 0.1078125
0 0.11875 0.1984375 0.1375 0.10625
2 0.6390625 0.76953125 0.0625 0.0578125
2 0.68046875 0.71328125 0.0609375 0.0609375
2 0.76328125 0.675 0.0484375 0.0484375
2 0.884375 0.78515625 0.05625 0.053125
1 0.78046875 0.75625 0.0859375 0.075
1 0.6875 0.51015625 0.0859375 0.1109375
1 0.73203125 0.5953125 0.084375 0.09375
1 0.71640625 0.6390625 0.0828125 0.096875
1 0.8015625 0.61328125 0.0796875 0.0703125
1 0.9046875 0.646875 0.084375 0.0859375
1 0.9375 0.803125 0.0234375 0.059375
3 0.8359375 0.69375 0.1046875 0.096875
3 0.6890625 0.0875 0.05 0.0921875
1 0.71328125 0.07109375 0.04375 0.0734375
1 0.66171875 0.0578125 0.0515625 0.071875
1 0.74296875 0.0515625 0.028125 0.021875
1 0.97734375 0.12734375 0.0453125 0.0671875