0 0.8191906359375001 0.65323385 0.8175907375 0.629070453125 0.8147815265625 0.613677465625 0.8012212578125 0.5960278015625 0.68225334375 0.608931246875 0.6801053734375 0.62114989375 0.6842753265625 0.6521652812500001 0.6896755890625 0.66516814375 0.7061995249999999 0.6757492765625 0.8099232781250001 0.658001221875 0.815038653125 0.65983068125 0.8191906359375001 0.65323385
3 0.8414440437499999 0.554681728125 0.8364516296875 0.5442539203125001 0.8285060468750001 0.536273590625 0.8214886218749999 0.529466078125 0.8121755343749999 0.5316010421875 0.805158109375 0.5247935328125 0.7509987015624999 0.5320517125 0.727731728125 0.5304575328125 0.7262412640625 0.5491711734375 0.72948305625 0.579013740625 0.733638775 0.593533546875 0.7470266171875 0.5960325156249999 0.76440825 0.5932795343749999 0.7651992140625 0.5865551250000001 0.7935358296875 0.5873463515624999 0.8058373203125001 0.59001738125 0.819664509375 0.5812282359375 0.8221326 0.5874364625 0.8327254671875 0.591038025 0.8361532140625 0.5845559015624999 0.8399888125 0.5806488359374999 0.8447173359375 0.5706611234375 0.8414440437499999 0.554681728125
3 0.4566419625 1 0.45493865 0.9900690593749999 0.43681107812500003 0.9342078953125 0.42911515156249996 0.9301475015625 0.4204700671875 0.9341564015625 0.41760835937499996 0.9418687015625 0.42195750312499997 0.9622970921875 0.42693941874999997 0.9773459546875 0.4270203828125 0.9872318328125 0.43083357031249997 1 0.4566419625 1
2 0.6865277843750001 0.2070269 0.6903176484375 0.200487425 0.6912773062500001 0.1877970765625 0.68607046875 0.1807027953125 0.6815773671875001 0.1781148671875 0.6564435765625001 0.17879609999999999 0.6517255515625 0.18416275625 0.6547281875000001 0.205464328125 0.659618640625 0.21524837031250002 0.6865277843750001 0.2070269
2 0.921201234375 0.675015521875 0.9173255265625 0.6609628578125 0.9118495515625 0.6430570265625 0.9036109031249999 0.647295203125 0.8897902890625 0.660044065625 0.8854866703125 0.672458903125 0.8816642734375 0.675410953125 0.8832145562499999 0.6810320203125 0.8867963421875 0.6828113625000001 0.8907813593749999 0.6892201250000001 0.90121413125 0.6905010390624999 0.9186571875 0.6818717234375 0.921201234375 0.675015521875
2 0.8599829343750001 0.6676983890625 0.8530286515625001 0.652960003125 0.8344292109375001 0.6647057734375 0.82889723125 0.6714485578125 0.8231433078125001 0.6747065328125 0.825006178125 0.6843847140625 0.8314759203125 0.6898132734375 0.8400584765625 0.6960805203125 0.8464968953125 0.695060775 0.8613052625 0.692715359375 0.8645837937499999 0.6863294843750001 0.8599829343750001 0.6676983890625
2 0.828541296875 0.70670456875 0.823990428125 0.686305575 0.818777046875 0.6742247609375001 0.8155171828125001 0.6723944296875 0.795489425 0.6855397453125 0.79335794375 0.6929172671875 0.7881572171875 0.6955009609375 0.7902107093749999 0.702215646875 0.7949895359375 0.7032187390625 0.7977275234375 0.7121716515625 0.806731978125 0.7148521109375 0.8260472375000001 0.711792875 0.828541296875 0.70670456875
2 0.72216009375 0.6871807390625 0.7205285015625 0.6768792671875 0.6923900734374999 0.678402653125 0.6908617796875001 0.683337996875 0.6862235875 0.6811393125 0.6868487609375 0.6892535421875 0.690702478125 0.6927497984375 0.6940436546875 0.699260534375 0.70110725 0.70635501875 0.720553809375 0.7062082890625 0.7246074828125 0.7026329484375 0.72216009375 0.6871807390625
2 0.07352823593749999 0.327625378125 0.079463446875 0.3255120125 0.0786569828125 0.3162531734375 0.073234315625 0.315352059375 0.06750839374999999 0.306285725 0.0420359796875 0.3079735171875 0.03926065625 0.3154530125 0.042251909375 0.33433904375 0.0449085890625 0.338611553125 0.064445790625 0.33903712812500003 0.06987779375 0.33583014218749996 0.07352823593749999 0.327625378125
1 0.0042138078124999995 0.50462865625 0.008270801562500001 0.5198259281250001 0.013774779687499999 0.5254074515625 0.05469940156250001 0.52127226875 0.06514150625000001 0.51844508125 0.069998321875 0.5053559640625 0.065216175 0.4855802609375 0.060546660937499996 0.47693326875000003 0.05282055625 0.4781569640625 0.007429696875 0.48534617031250005 0.0019976953124999997 0.48855315624999995 0.0042138078124999995 0.50462865625
1 0.0945416796875 0.42696278125 0.09372920312500001 0.44058465937499997 0.0964578578125 0.4536456765625 0.11202269843749998 0.462327 0.1371951796875 0.4712466046875 0.156219840625 0.474686659375 0.1602421921875 0.4646630125 0.157854125 0.44333480312500007 0.15217819375 0.432500571875 0.104267965625 0.4154490609375 0.09658251718750001 0.41901295625 0.0945416796875 0.42696278125
1 0.19979099843749998 0.701863246875 0.204538503125 0.69641803125 0.20172853750000003 0.6786766078124999 0.1980434515625 0.6616604484375 0.1900954046875 0.6593993328125001 0.1466267390625 0.67039071875 0.141144746875 0.675365603125 0.1417605875 0.6875879375 0.145264384375 0.7034594875 0.1501245203125 0.709142984375 0.15853512187500002 0.71015751875 0.19284936875 0.7017893703125 0.19979099843749998 0.701863246875
1 0.09778458125 0.9016442437500001 0.09808451406249999 0.8910368484375001 0.09447140625 0.8828092015625 0.0570592875 0.8382818859375 0.047583725 0.8397826671875 0.055211915624999996 0.88794516875 0.0811979765625 0.9177645 0.0868425875 0.9221504250000001 0.0917213921875 0.9196177171875 0.09778458125 0.9016442437500001
1 0.548371934375 0.9358771265625 0.546553040625 0.9473117625 0.5604725 0.996654659375 0.581870071875 0.9932656171875 0.5805240078125 0.9888641390625 0.5657056796875 0.9348917140624999 0.5585014515625 0.9289928234374999 0.548371934375 0.9358771265625
1 0.4864709515625 1 0.479424840625 0.9714370203125 0.47259252343749997 0.96371924375 0.46329746875 0.967538078125 0.459787659375 0.97454724375 0.46145990625 0.9871889171875001 0.46485418906250003 1 0.4864709515625 1
1 0.7883698265625 0.703093875 0.78473473125 0.6843098171875 0.7818061234375 0.6783203984374999 0.73734036875 0.6830164390625 0.7291017234375 0.6872546140625 0.7259544890625 0.696552996875 0.7285831671875 0.7131498125 0.735868703125 0.723729109375 0.7451544250000001 0.724018375 0.778956128125 0.7186647125000001 0.7861790234375 0.716347396875 0.7883698265625 0.703093875
1 0.8406423671875001 0.6414286031249999 0.8483091484375 0.6460809109375 0.888861859375 0.6437646171875 0.8946157828124999 0.6405066421875001 0.8930621796875 0.6161129640625 0.8889052078124999 0.604451490625 0.882657409375 0.602507740625 0.8424766078125 0.6030051484375 0.8348318140625001 0.60890925 0.8324910437499999 0.6274664703124999 0.8406423671875001 0.6414286031249999
1 0.888711265625 0.588642371875 0.8945278312499999 0.5982810078125 0.9174842 0.5911251140625 0.9477947625 0.584564409375 0.9514951937499999 0.5745917515625 0.9485945828125001 0.5562780234375 0.9401619953125 0.54470708125 0.8956962421875 0.549403121875 0.8864418437499999 0.555562159375 0.8859512890625 0.5691330484375 0.888711265625 0.588642371875
1 0.7166295500000001 0.5314183109374999 0.713506996875 0.509619771875 0.7093313578125 0.5061745046875 0.6860217468750001 0.5069330812499999 0.658989715625 0.5071079093749999 0.659183659375 0.522917028125 0.662768765625 0.5434689859375 0.670344903125 0.5475489890625 0.68703480625 0.5466655484375 0.7074971171875 0.544597959375 0.7155451421875 0.5433232765625 0.7166295500000001 0.5314183109374999
1 0.69227301875 0 0.681891071875 0.018312375 0.6859387328125 0.0376177484375 0.730117834375 0.11861955625000001 0.7366468984375001 0.11817211406250001 0.7481827453125 0.09933185781250001 0.7462978875 0.07909726875 0.7026935062499999 0 0.69227301875 0
1 0.836043125 0.1769351953125 0.8469751578125001 0.1001111734375 0.8463499828125001 0.09199694375 0.826609503125 0.0798703515625 0.8221432625 0.082924378125 0.8100861687500001 0.16931316093749998 0.8135399781249999 0.1869526078125 0.823963415625 0.1923416265625 0.8318801390624999 0.1881544390625 0.836043125 0.1769351953125
2 0.48940187812499997 0.72815264375 0.477540790625 0.7282712734375 0.4760438171875 0.7396549218749999 0.48606133125 0.7820678484375 0.49114340937499995 0.79123615625 0.4993820578125 0.78699798125 0.49991326718750007 0.7757672921875 0.49489652343749996 0.7378422687499999 0.48940187812499997 0.72815264375