0 0.2840919421875 0 0.2921349796875 0.1461643921875 0.29432258437500003 0.1645674328125 0.2962290203125 0.180550440625 0.2980599671875 0.185660159375 0.3035390390625 0.1910732578125 0.31289935625 0.190702584375 0.3203601671875 0.1880399421875 0.33026904687499997 0.1825932765625 0.33329311875 0.1770993625 0.3354051375 0.167163096875 0.3274891359375 0 0.2840919421875 0
0 0.462642559375 0.3005030609375 0.46554675312500005 0.3015853 0.4710444515625 0.30275387187499997 0.4776092546875 0.3013596703125 0.4841132703125 0.2990226828125 0.49005670312499994 0.295636675 0.49479115625 0.2868794359375 0.4974656546875 0.276754475 0.5126945968750001 0.0637979625 0.5119921390625 0.054814935937499996 0.5034686671874999 0.05067855624999999 0.4920883265625 0.053838778125 0.48336228124999997 0.05802811875 0.480005621875 0.0652184875 0.47729736093749997 0.07673107031250001 0.4761087671875 0.0946107859375 0.4645942140625 0.258144128125 0.462642559375 0.3005030609375
0 0.30320486562500004 0.7977447 0.2969869078125 0.7928 0.288084803125 0.7909077984375 0.2781677 0.7924228859375 0.2737618328125 0.804943365625 0.268198121875 0.822911071875 0.25648654375 0.95050924375 0.2556713203125 0.9592366328124999 0.28161115 0.9647503140625 0.28409330312500003 0.9587891453124999 0.287905203125 0.9476951421875001 0.3031221984375 0.8049731921875001 0.30320486562500004 0.7977447
3 0.01953125 0.809375 0.0390625 0.065625
3 0.21328125 0.7140625 0.0625 0.071875
3 0.77734375 0.2015625 0.1078125 0.1109375
3 0.4203125 0.40703125 0.0671875 0.1546875
2 0.078125 0.7578125 0.0421875 0.05
2 0.06953125 0.79453125 0.040625 0.05
2 0.1671875 0.76640625 0.040625 0.0484375
2 0.12265625 0.7796875 0.04375 0.0515625
2 0.10390625 0.81484375 0.0421875 0.046875
2 0.24140625 0.74453125 0.040625 0.053125
2 0.3046875 0.72265625 0.040625 0.053125
2 0.48203125 0.53203125 0.0390625 0.0703125
2 0.46015625 0.40546875 0.03125 0.06875
2 0.48828125 0.33984375 0.03125 0.06875
2 0.4578125 0.2109375 0.034375 0.06875
1 0.02890625 0.83984375 0.0578125 0.0734375
1 0.01328125 0.7078125 0.0265625 0.08125
1 0.0734375 0.67421875 0.0671875 0.0703125
1 0.13828125 0.73046875 0.0671875 0.0703125
1 0.1640625 0.64921875 0.0703125 0.071875
1 0.06796875 0.53828125 0.0703125 0.0734375
1 0.31640625 0.61953125 0.0625 0.1015625
1 0.4125 0.82578125 0.053125 0.1015625
1 0.7125 0.3109375 0.090625 0.0921875
1 0.6921875 0.3828125 0.075 0.075
1 0.85625 0.30234375 0.0859375 0.0828125
1 0.940625 0.23515625 0.078125 0.06875
2 0.8484375 0.21875 0.05 0.059375
2 0.78046875 0.27890625 0.0546875 0.075
2 0.7125 0.26484375 0.05 0.059375
2 0.75625 0.25390625 0.0453125 0.0484375
2 0.75 0.4296875 0.046875 0.053125
2 0.84765625 0.35546875 0.05 0.05
1 0.86484375 0.4015625 0.0796875 0.0875