1 0.757057134375 0.8802055484375 0.7598203359375 0.8905066640625 0.8374514718749999 0.9279121859374999 0.8619634749999999 0.9061805843749999 0.7796595859375001 0.8667090703125 0.757057134375 0.8802055484375
1 0.9107857375 0.8405544 0.83082926875 0.86892519375 0.831757946875 0.8831631484375 0.8457242640624999 0.8923368609375 0.861617446875 0.8922835390625 0.9409624078125001 0.8652250265625 0.9107857375 0.8405544
1 0.8696187406250001 0.90598346875 0.9173843546875 0.9683345265625001 0.95868359375 0.96277138125 0.963529484375 0.9549182500000001 0.9227441421875 0.8973193687500001 0.9016186421875 0.8936432390625001 0.880348859375 0.8982330468749999 0.8696187406250001 0.90598346875
2 0.75703125 0.75078125 0.0375 0.040625
1 0.5609375 0.83359375 0.0609375 0.0609375
1 0.4578125 0.703125 0.046875 0.0578125
1 0.39349778281250003 0.9701044140624999 0.413244940625 0.9178617265625 0.38455074375 0.90942315 0.3662750171875 0.911088575 0.35234282656250004 0.9674016218749999 0.38108319375 0.9731950984375001 0.39349778281250003 0.9701044140624999
1 0.36853109375000004 0.8492799124999999 0.361636890625 0.907038759375 0.39922668125 0.9116637484375 0.40640317968749995 0.9051742515625 0.4173701703125 0.8501324015625 0.36853109375000004 0.8492799124999999
1 0.364210140625 0.8607803265625 0.370983146875 0.8099648671875 0.32748604375 0.806559715625 0.3191327015625 0.8130286718749999 0.32006113125 0.8610019171875001 0.3488072703125 0.8664647562500001 0.364210140625 0.8607803265625
0 0.3192827546875 0.8044320984375 0.3622087484375 0.8068350656250001 0.3771443953125 0.7941969765625 0.3901827828125 0.6879268625 0.37621069375 0.6790837859375001 0.3349980265625 0.67968736875 0.319462415625 0.692976459375 0.3192827546875 0.8044320984375
3 0.44557430781249996 0.819204578125 0.45062269375 0.7323085500000001 0.395899390625 0.73135335 0.3797176453125 0.7479385453125 0.37524036562499996 0.83583675625 0.42402172968749996 0.8399956203125001 0.44557430781249996 0.819204578125
0 0.291648728125 0.971303275 0.335140059375 0.9750390640625 0.35015650468750004 0.9577720515625 0.35292622812499996 0.866536653125 0.301179665625 0.863648984375 0.2844210390625 0.8795626328124999 0.2817667421875 0.96418528125 0.291648728125 0.971303275
1 0.26660224375 0.720166528125 0.26582311718749996 0.7648025875 0.272832246875 0.767901575 0.306949215625 0.769158565625 0.3112009140625 0.7616258015625 0.3131857421875 0.7153570984375001 0.29797909375 0.7097998546875 0.27148853281249996 0.7099989359375 0.26660224375 0.720166528125
2 0.31653084531250003 0.8272049984375001 0.3057952046875 0.8015507656249999 0.289896253125 0.8019347265625001 0.2750183203125 0.8112664390625 0.27866403281249996 0.8384506078125 0.3122156625 0.8383747765624999 0.31653084531250003 0.8272049984375001
2 0.30859375 0.69375 0.0390625 0.034375
2 0.2828125 0.78671875 0.03125 0.0375
2 0.2546875 0.77890625 0.034375 0.0359375
1 0.1765492484375 0.888594084375 0.2125817890625 0.847550021875 0.20681876093749998 0.8405039249999999 0.17931295 0.831424615625 0.16448696093749998 0.8377805921875 0.1389652296875 0.8836384578124999 0.168865128125 0.8904443875 0.1765492484375 0.888594084375
1 0.9095516781249999 0.7763696484375 0.8071947515625 0.8066646078125 0.8117232218750001 0.8169965359375 0.833252465625 0.8312633359375001 0.8503340328125001 0.8305692812500001 0.93975720625 0.7993870875 0.9095516781249999 0.7763696484375
2 0.95859375 0.47109375 0.0703125 0.0265625
2 0.7125 0.4390625 0.0375 0.04375
1 0.653125 0.33125 0.0625 0.0640625
3 0.6078125 0.2796875 0.0421875 0.05625
1 0.6671875 0.1484375 0.0578125 0.06875
1 0.634375 0.084375 0.053125 0.0625
1 0.5504219109374999 0.20784606874999997 0.5586252 0.2099736875 0.59624961875 0.212614853125 0.611572190625 0.14408876406249999 0.560402509375 0.141872640625 0.5504219109374999 0.20784606874999997
1 0.7032685062499999 0.083841284375 0.7455021937499999 0.0921854546875 0.762076140625 0.0868522046875 0.79483208125 0.031198467187500002 0.7478852390624999 0.0231027671875 0.7032685062499999 0.083841284375
1 0.5933777609375 0.0736546796875 0.5379506109375 0.079301959375 0.5462688234375 0.1422874109375 0.5898063265625 0.1433781015625 0.5933777609375 0.0736546796875
1 0.567046546875 0.36821354375 0.524357178125 0.352254440625 0.472933309375 0.3983216578125 0.46923540625 0.40784851875 0.49492977656250003 0.419542115625 0.5120286609375 0.41785614843749996 0.567046546875 0.36821354375
1 0.370213040625 0.41571148593749996 0.30959949062500003 0.44871950624999996 0.337537896875 0.4667363 0.40108778906250003 0.43411026875000003 0.370213040625 0.41571148593749996
1 0.1702158375 0.0037588390625000003 0.13107983750000002 0.0202741046875 0.17324401875 0.0663212171875 0.209334021875 0.055706071875 0.1702158375 0.0037588390625000003
1 0.0187571265625 0.4529035046875 0.0953559484375 0.448287253125 0.105463015625 0.44251038749999994 0.1015806796875 0.428882353125 0.09045836562500001 0.42538083125000004 0.050387914062500004 0.42798877968750004 0.0073638078125 0.43120665156250004 0.0187571265625 0.4529035046875
1 0.1086650875 0.3939477640625 0.104869321875 0.37536016875 0.0890165390625 0.373099028125 0.0082699015625 0.37929656718750004 0.01557311875 0.3992683390625 0.0337738203125 0.4019012015625 0.1086650875 0.3939477640625
1 0.0020557359375 0.3778635328125 0.058960815624999996 0.3752203078125 0.0546862828125 0.3503403296875 0.0025071859375000003 0.352000015625 0.0020557359375 0.3778635328125
1 0.0396003328125 0.40531028437499994 0.0015636500000000002 0.40605507812499997 0.0011646984375 0.42891101093749995 0.038613690625 0.4281139984375 0.0557298875 0.42543611875 0.0536878484375 0.40754061249999995 0.0396003328125 0.40531028437499994
3 0.13578446875 0.391444490625 0.1045403578125 0.394206503125 0.05207840625 0.39858258750000003 0.058181690625000004 0.4198563671875 0.0793302765625 0.4222099453125 0.1424184640625 0.41603491249999996 0.13578446875 0.391444490625
2 0.2525912546875 0.511226159375 0.2665979703125 0.5180854125 0.31914072187500003 0.509080403125 0.30653593125 0.48934683124999995 0.25453543125 0.5010072125 0.2525912546875 0.511226159375
1 0.20258712499999998 0.47595656093749994 0.11518892812499999 0.4922908828125 0.1348374765625 0.5131396171875 0.21808208750000002 0.49871722500000004 0.20258712499999998 0.47595656093749994