0 0.8358743515624999 0.67849429375 0.8421734390625 0.6687741328125 0.846771659375 0.6497590343749999 0.8481482328125001 0.633054159375 0.83757901875 0.6116367734375 0.7266677734375 0.5906855796875 0.7217241171875 0.5938512578124999 0.7162363734375 0.6104690828125 0.7124494984374999 0.636381846875 0.7150398953125 0.6480740609375 0.724662540625 0.66144416875 0.8139842109375 0.6744631390625 0.8358743515624999 0.67849429375
3 0.9281665515625 0.608812859375 0.928677890625 0.6000276812500001 0.9263801 0.5960129734375 0.927249909375 0.583112259375 0.922823790625 0.577717378125 0.9103483046875 0.573133759375 0.9079616343750001 0.5659757390625 0.9028742640624999 0.5573468921875 0.828332428125 0.5408467734375 0.8209413640625 0.5615807859374999 0.815606340625 0.5878558375 0.8160981328125001 0.58845526875 0.8158729812500001 0.5972857734375 0.8263534578125 0.6052041890625001 0.844141465625 0.6095861484375 0.8460114515624999 0.6051884734375 0.87194600625 0.6155545734375 0.8753358062500001 0.614526846875 0.8852356109375 0.6187025171875 0.898678084375 0.617180821875 0.9115369328125 0.6286051687499999 0.9171551906250001 0.6190642296875 0.9245877437500001 0.61659065625 0.9281665515625 0.608812859375
3 0.391396828125 0.8268111250000001 0.38701515 0.8229879015625 0.3796548796875 0.8213006093749999 0.3713720640625 0.8272902890625 0.3687655890625 0.8493036453125 0.367456725 0.8668286734375 0.36535328906250003 0.876404765625 0.3647471671875 0.9154242 0.3862834484375 0.9146629000000001 0.39047372343750003 0.8882065390625 0.391396828125 0.8268111250000001
2 0.19453125 0.121875 0.0484375 0.04375
2 0.6140625 0.390625 0.028125 0.065625
2 0.5125 0.69140625 0.03125 0.065625
2 0.52421875 0.98203125 0.0234375 0.0359375
2 0.825 0.71328125 0.04375 0.0453125
2 0.90625 0.70234375 0.0453125 0.05
2 0.72109375 0.67734375 0.0390625 0.0390625
2 0.26796875 0.4453125 0.040625 0.05
2 0.28046875 0.5046875 0.0421875 0.0578125
1 0.959375 0.625 0.0609375 0.0609375
1 0.76796875 0.7015625 0.065625 0.053125
1 0.75703125 0.51484375 0.0625 0.0546875
1 0.9203125 0.10234375 0.06875 0.090625
1 0.99296875 0.171875 0.0140625 0.115625
1 0.52734375 0.1828125 0.053125 0.128125
1 0.4421875 0.23984375 0.0578125 0.1140625
1 0.090625 0.12734375 0.071875 0.05625
1 0.07734375 0.1828125 0.0734375 0.065625
1 0.06953125 0.296875 0.071875 0.05625
1 0.1515625 0.21171875 0.071875 0.053125
1 0.08359375 0.478125 0.0671875 0.059375
1 0.52578125 0.4578125 0.04375 0.1078125
1 0.5375 0.68671875 0.046875 0.103125
1 0.4890625 0.6984375 0.0484375 0.103125
1 0.54453125 0.83125 0.0421875 0.096875
1 0.47734375 0.9203125 0.0421875 0.096875
1 0.51171875 0.89140625 0.0421875 0.09375
1 0.3515625 0.90546875 0.0421875 0.1