0 0.29873397968750004 0.7659289140625 0.296997275 0.774548265625 0.30296142187499997 0.7807045296874999 0.3161926984375 0.7837458546875 0.3394156015625 0.786714175 0.35843760156250004 0.778455978125 0.3808784453125 0.6711123999999999 0.36817650625 0.6643046484374999 0.3403171671875 0.6606847218749999 0.3280205953125 0.662206475 0.314502478125 0.6724199828125 0.29873397968750004 0.7659289140625
0 0.2484465625 0.936424109375 0.2467101875 0.9412430625000001 0.24977065468749998 0.9458427015625 0.2670164265625 0.9512446625000001 0.2863126453125 0.9533609234375 0.3046131359375 0.9437221609374999 0.3220930453125 0.8532581359375 0.3074027328125 0.84851314375 0.28839383281250003 0.8443525031249999 0.27520608750000003 0.8439882000000001 0.2604853640625 0.858299584375 0.2484465625 0.936424109375
0 0.6831763234375 0.4703181734375 0.6906671125 0.47603565468750003 0.7117718046875 0.4793127078125 0.7329193578125001 0.48228480312500005 0.740439990625 0.47992096406250007 0.764260071875 0.36944950468750004 0.758239503125 0.3611398171875 0.7346378812500001 0.3559569375 0.712105825 0.35496713281250003 0.688201934375 0.4542314875 0.6831763234375 0.4703181734375
3 0.10298594531250001 0.36236968125 0.1619307578125 0.36229562187500003 0.16722221406249999 0.3538164328125 0.1626872296875 0.3459737296875 0.1529143421875 0.342582740625 0.12584242031249998 0.341948384375 0.1190053703125 0.33954643125 0.07812635625 0.33870089999999997 0.07986878750000001 0.3591207765625 0.10298594531250001 0.36236968125
3 0.71953125 0.1546875 0.0515625 0.065625
3 0.48984375 0.9109375 0.059375 0.059375
2 0.7484375 0.784375 0.040625 0.0390625
2 0.2734375 0.79453125 0.0421875 0.040625
2 0.26640625 0.75859375 0.04375 0.040625
2 0.234375 0.74765625 0.0359375 0.0390625
2 0.29921875 0.66953125 0.034375 0.0375
1 0.34453125 0.92734375 0.0640625 0.0671875
1 0.3578125 0.865625 0.0640625 0.0671875
1 0.31796875 0.81640625 0.0578125 0.0625
1 0.27734375 0.7109375 0.0515625 0.0625
1 0.4515625 0.69921875 0.05 0.059375
1 0.68203125 0.67890625 0.0546875 0.0625
1 0.86484375 0.915625 0.1078125 0.0609375
1 0.85859375 0.85078125 0.1234375 0.0703125
2 0.978125 0.5234375 0.04375 0.028125
1 0.08046875 0.378125 0.0953125 0.0390625
1 0.0890625 0.3265625 0.09375 0.0375
3 0.379622478125 0.8249240453125 0.38536249843750003 0.8213162234375 0.392897684375 0.8235524328125001 0.40247320000000003 0.81871784375 0.4114138734375 0.814676940625 0.410456353125 0.80659621875 0.41904610625 0.8013287890624999 0.43526300156250003 0.7306210578125001 0.4152232546875 0.724273034375 0.3845957921875 0.7187914171875 0.37302050468750003 0.7304082000000001 0.3696822453125 0.7467142453125 0.374016778125 0.7493835390625 0.3665449796875 0.7727605015625 0.36227563906250004 0.7845211640625 0.3605985453125 0.8001777640625001 0.352913434375 0.806455240625 0.361811740625 0.8138861546875 0.3620268578125 0.819802425 0.367779196875 0.8235538828125 0.379622478125 0.8249240453125
1 0.63203125 0.52734375 0.0578125 0.0625
1 0.5296875 0.39921875 0.084375 0.0625
1 0.4359375 0.38984375 0.09375 0.0671875
1 0.65546875 0.196875 0.0515625 0.0640625
1 0.7109375 0.2328125 0.053125 0.065625
1 0.671875 0.0546875 0.05 0.0734375
1 0.7421875 0.06171875 0.0515625 0.0671875
1 0.8140625 0.0796875 0.096875 0.0796875
1 0.40078125 0.16875 0.06875 0.0671875
1 0.2484375 0.00859375 0.071875 0.0171875