0 0.2888846640625 0.2428507234375 0.3051948203125 0.2357119859375 0.3152782 0.2208099765625 0.2434756515625 0.020533053125 0.2430718796875 0.0205683796875 0.2324094140625 0.024512890625 0.21049752812500003 0.047719304687500005 0.2813443390625 0.23676012812499997 0.2888846640625 0.2428507234375
1 0.3413486921875 0.14167966406250002 0.3576137640625 0.1340256171875 0.3589850875 0.1230013296875 0.3403874640625 0.047259720312499996 0.33506848125 0.0331859875 0.3206513921875 0.03860134375 0.3156869578125 0.045266709375000005 0.33690555624999996 0.13427959218750002 0.3413486921875 0.14167966406250002
1 0.3164176484375 0.544204884375 0.362425584375 0.5661423609375 0.36690066718750003 0.5605583125 0.3724376078125 0.523726184375 0.31896025625 0.49984593437499997 0.31479419062499997 0.5022874296875 0.3112531765625 0.5285598765625 0.3164176484375 0.544204884375
1 0.1983242734375 0.5493441890625 0.20225879687499998 0.560942778125 0.20915526093749998 0.5696859703125 0.24619900625 0.5425594265625 0.24886461875000002 0.5329796609375 0.238072146875 0.5064034734375 0.197242265625 0.5369767796875 0.1983242734375 0.5493441890625
1 0.232755390625 0.6091614640625 0.2374882859375 0.616536184375 0.2428650421875 0.6212583078125 0.28051413125 0.5977135734375 0.2809452640625 0.58261751875 0.27203317031249996 0.5641848656249999 0.247616303125 0.5787831375 0.2374361890625 0.585904815625 0.2338496453125 0.5882956109374999 0.23064959375 0.5984413859375 0.232755390625 0.6091614640625
1 0.061379915625 0.6994465562500001 0.0678321125 0.7097863734375001 0.075906875 0.715310959375 0.0988942 0.697722240625 0.111070240625 0.6800408796874999 0.09729000156249999 0.65268758125 0.06386519375000001 0.6878055562500001 0.061379915625 0.6994465562500001
1 0.0650597453125 0.8616507906249999 0.0939902109375 0.8352340671875 0.0969263265625 0.8287461546875001 0.09147209375000001 0.8131264953124999 0.0823862328125 0.799382321875 0.0548787390625 0.8220397828125 0.0479892875 0.84341265 0.048981128125 0.8547494406249999 0.05710754375 0.8675390500000001 0.0650597453125 0.8616507906249999
1 0.134993859375 0.79997228125 0.13645535 0.7899786125 0.1341692171875 0.7771972984375 0.126603065625 0.767474190625 0.1087797671875 0.7773415734375 0.0887609515625 0.79882460625 0.0920323546875 0.816192996875 0.101137475 0.8268199671875 0.134993859375 0.79997228125
1 0.145071115625 0.8016869 0.1674981796875 0.7810316796875 0.1839304515625 0.761939440625 0.1826230265625 0.746995490625 0.17186294687499998 0.730801528125 0.1339306640625 0.7611213265625 0.1332806796875 0.7803905531249999 0.1397845265625 0.7979953937500001 0.145071115625 0.8016869
1 0.1984311390625 0.7508049890625 0.2266534015625 0.7296427546875 0.23217153124999998 0.719294175 0.2278955953125 0.700455909375 0.22160447656249999 0.6952945296874999 0.2030471484375 0.7067838921875 0.1844062234375 0.72399235 0.18356933749999998 0.7344506265625 0.1904531109375 0.753060734375 0.1984311390625 0.7508049890625
1 0.2462345171875 0.7165060640625 0.27249936875 0.699669103125 0.285705765625 0.687090128125 0.283947503125 0.666993090625 0.27493255156249996 0.6573967374999999 0.24973657187499998 0.6731016765625 0.2327440375 0.6891274140625 0.23947987187500003 0.7160585140625 0.2462345171875 0.7165060640625
1 0.10079216718749999 0.9530286484375001 0.1271471875 0.93722230625 0.1394519109375 0.9143371578125 0.132439453125 0.9009308390624999 0.1201986265625 0.8978477484375 0.100289234375 0.9172441953125 0.093753884375 0.9359898187500001 0.10079216718749999 0.9530286484375001
1 0.1233925515625 0.9043186046875 0.149354509375 0.8740075671875 0.16017191718749998 0.857483578125 0.16015878125 0.84398415 0.1556254796875 0.8355534625000001 0.14670069531250002 0.8269877265625001 0.1146152640625 0.8640655328125 0.1101984 0.88366431875 0.1233925515625 0.9043186046875
1 0.1642491515625 0.9241104984374999 0.174854275 0.91850939375 0.190649253125 0.9088194640625 0.20140888750000002 0.901647084375 0.2044286015625 0.8894400734374999 0.2007838390625 0.87781613125 0.1953361734375 0.8689461859375 0.1801592296875 0.8723510093750001 0.1596252359375 0.8912828484374999 0.1556911578125 0.9030506015625 0.1642491515625 0.9241104984374999
1 0.1873638234375 0.8312189578125 0.1979431234375 0.821985340625 0.20344199375 0.8147539640625 0.20637810937499998 0.8082660515625 0.20485183281250002 0.797495271875 0.1966352515625 0.783675046875 0.160885796875 0.8122461124999999 0.15875461875000002 0.82125986875 0.16090549999999998 0.83249525625 0.16764745625 0.842809721875 0.1873638234375 0.8312189578125
1 0.24322225937500003 0.7821954765625 0.24947486406250002 0.7935912625 0.2834472421875 0.7714067046874999 0.291437959375 0.7592840421875 0.281070496875 0.7342284296875 0.2417344984375 0.765190290625 0.24322225937500003 0.7821954765625
1 0.3682046421875 0.7323169609375 0.40083107812499996 0.7014228578124999 0.3993433171875 0.6844176734375 0.3878041234375 0.6693303796875 0.3713267703125 0.6879073078125 0.3531366796875 0.7102688546875 0.3559121640625 0.7219688484375 0.36312421562499997 0.7343192000000001 0.3682046421875 0.7323169609375
1 0.31936834687500004 0.965060890625 0.33794537812500003 0.9738206703125 0.3543522703125 0.9744622640625 0.3608876203125 0.9557166421875 0.3560194734375 0.9467959953125 0.3325357828125 0.935349975 0.3182924625 0.9360768515625001 0.314325990625 0.9374623796874999 0.3129227203125 0.9614707859375 0.31936834687500004 0.965060890625
3 0.20984342812499998 0.8645614500000001 0.21758290156250001 0.8462297328125 0.21636564374999998 0.8323163984375 0.204543259375 0.8240041703125 0.173938575 0.8479711046875 0.1786846046875 0.868845253125 0.18558107031249998 0.87758844375 0.20984342812499998 0.8645614500000001
3 0.35325311875 0.738298328125 0.3429176046875 0.7002585953125 0.30288609218749996 0.726608028125 0.3139105515625 0.7625104734375 0.35325311875 0.738298328125
2 0.236146796875 0.8414900843750001 0.2413559078125 0.8342840578124999 0.24517399375 0.817853175 0.2379234265625 0.8117372296875001 0.22707362656250002 0.8178789953125 0.213513128125 0.8330852140625 0.22053215312500002 0.8532412484374999 0.236146796875 0.8414900843750001
2 0.228895784375 0.81200779375 0.23894677187500002 0.78672355625 0.2327843359375 0.7763583875 0.215959 0.78094593125 0.20724694375000002 0.7848236546875 0.20672564218749997 0.79888909375 0.2116905234375 0.8155900703125001 0.228895784375 0.81200779375
2 0.2658244265625 0.826950809375 0.2801898640625 0.81427043125 0.2830358109375 0.8067519015625001 0.2874785 0.790785628125 0.2783090390625 0.7827605515625 0.25975171406249997 0.7942499140625 0.259275496875 0.8088306609375 0.2658244265625 0.826950809375
2 0.28930811875 0.8383968296875001 0.2930876875 0.8282003546875 0.29396309062500003 0.8115076718750001 0.28210219062499997 0.8094298468750001 0.26604984531250003 0.829527353125 0.265657228125 0.8383890031250001 0.27151064687500004 0.8518967249999999 0.28930811875 0.8383968296875001
2 0.3057206875 0.79905545 0.315108553125 0.7795410109375001 0.314966734375 0.771245371875 0.3047542265625 0.767984825 0.2845419390625 0.7739071953125001 0.283595628125 0.7864520578125 0.290260553125 0.8092353359375 0.3057206875 0.79905545
2 0.35089084531250003 0.7847185140625 0.35741350625 0.7758398078125001 0.35935778125 0.7580151046875 0.35450889218750004 0.74597725625 0.3317145921875 0.7557602921875 0.3294162171875 0.7762122406249999 0.3366991765625 0.7927104125 0.35089084531250003 0.7847185140625
2 0.3785143296875 0.7667241828125 0.3870972578125 0.7446839015625 0.38624066875 0.7348930390625 0.3600721046875 0.7361439843750001 0.354418725 0.7449466390625 0.3618049890625 0.7759748546874999 0.3785143296875 0.7667241828125
0 0.48579430625000003 0.988405971875 0.4857938609375 0.9650396265625 0.4578201703125 0.8522128484374999 0.44233420937499995 0.8587602234375 0.43969397499999996 0.84860615625 0.43447829687499995 0.84906246875 0.4341438984375 0.8719388546875001 0.463618040625 0.9919039015625 0.48579430625000003 0.988405971875
0 0.44179977187499997 0.859326234375 0.462346903125 0.8538938234375 0.46549530156249996 0.836483025 0.4366260609375 0.69673344375 0.43171283125000004 0.6872974890625 0.4102513359375 0.6922906453125 0.40938250312499996 0.715733040625 0.438741096875 0.854401303125 0.44179977187499997 0.859326234375
1 0.7438189140625 0.787208721875 0.7501551171874999 0.7928854125 0.7582942218750001 0.7958081031249999 0.77663180625 0.7417592234375 0.7765735874999999 0.7277444859375 0.768627509375 0.7170161125 0.7618728625 0.7165685609375 0.7571080203125 0.7221779625 0.74271765 0.7779585171875001 0.7438189140625 0.787208721875
2 0.6137578859375 0.932554853125 0.6242085015625001 0.9285250250000001 0.6248265375 0.9222399171875001 0.6195395046875001 0.8951820671874999 0.614220521875 0.8811083343749999 0.6059203421875 0.87300720625 0.604040409375 0.888230015625 0.6102291156249999 0.925594040625 0.6137578859375 0.932554853125
2 0.582146 0.8148538484375001 0.59072280625 0.8094301984375001 0.5922293796875 0.7999518359375 0.5828147968749999 0.7691010734375 0.5732395828125 0.75643821875 0.56971125625 0.77284375 0.577992625 0.807428425 0.582146 0.8148538484375001
2 0.5674391515625 0.820294553125 0.5683403796875 0.80723438125 0.561127884375 0.7715176859375 0.55063830625 0.7584155734375 0.5518757140624999 0.81594439375 0.5674391515625 0.820294553125
2 0.5243515234375 0.63817166875 0.525497428125 0.6245708390625 0.5166431078125 0.5967865781249999 0.5051490000000001 0.5822145921875 0.5024063546875001 0.60426316875 0.5127418687499999 0.6423029 0.5243515234375 0.63817166875
1 0.52800508125 0.7733770484375 0.5390479078125 0.7594296015625 0.5094267171875 0.6945182359375 0.501165496875 0.703549046875 0.49417274375 0.71039186875 0.49463014687499995 0.72229466875 0.5206258328125 0.772464890625 0.52800508125 0.7733770484375
3 0.5020798609375 0.7039883031249999 0.5047262156250001 0.697525740625 0.49090567968750004 0.58294146875 0.4754516671875 0.5765047265625001 0.4636489859375 0.5884416390625 0.4789441484375 0.7065316671875 0.5020798609375 0.7039883031249999
0 0.5380083109375 0.6073794359375 0.5427665875 0.595020321875 0.50105685 0.40862286562500005 0.4846499578125 0.40798127187500005 0.47302761249999997 0.42197941875 0.516276315625 0.6092807390625 0.5380083109375 0.6073794359375
3 0.46592320625 0.314077103125 0.4473960453125 0.21911696875 0.4199205015625 0.22879030781249998 0.441989121875 0.320844340625 0.46592320625 0.314077103125
2 0.4254705796875 0.20545760781250003 0.4119599515625 0.1344634734375 0.39049845625 0.13945662812499998 0.4038996609375 0.2125373484375 0.4254705796875 0.20545760781250003
2 0.43217791562499996 0.088558128125 0.45401276875 0.077820525 0.4409337203125 0.0150966796875 0.42054109687499996 0.0189578140625 0.43340129687499995 0.08585483125 0.43217791562499996 0.088558128125
1 0.65625 0.10625 0.06875 0.0703125
1 0.68671875 0.35625 0.0609375 0.0640625
1 0.6454907734375 0.3040787609375 0.6500630359375 0.3296413859375 0.6634436453125 0.33574027812499996 0.70481453125 0.311350675 0.6992955109375 0.274966565625 0.649115834375 0.295453559375 0.6454907734375 0.3040787609375
1 0.73985578125 0.28803409687500003 0.77690609375 0.267657265625 0.773673203125 0.244054471875 0.7666156640625 0.23013284218750002 0.715663440625 0.25847622187499997 0.718406978125 0.283160334375 0.7231013546875 0.2967694609375 0.73985578125 0.28803409687500003
1 0.70874115 0.24610051875 0.699306865625 0.1950006140625 0.640402440625 0.2292322515625 0.6403319765625 0.2484507765625 0.646687884375 0.27437660625000004 0.70874115 0.24610051875
2 0.6821790796875 0.20948042656250002 0.6719529921875 0.1693541078125 0.647967703125 0.19222266875 0.642881153125 0.21084153749999998 0.6529457187500001 0.222423071875 0.6821790796875 0.20948042656250002
2 0.711907471875 0.155473484375 0.70492740625 0.15244939062500001 0.6795125750000001 0.1723275 0.677162546875 0.1855144265625 0.6867377625 0.19817728125 0.7155526796875 0.19046377187500002 0.711907471875 0.155473484375
2 0.7400277656250001 0.189880240625 0.7362219249999999 0.173077859375 0.72271875625 0.1555661265625 0.7172457109375 0.16643001562499998 0.709635365625 0.20292428906249999 0.7050123421875 0.216829328125 0.7115932218750001 0.22196535781249999 0.7118829796874999 0.2219400078125 0.70965506875 0.22317343125 0.725682034375 0.22280975937499997 0.7400277656250001 0.189880240625
2 0.7766653125 0.134749571875 0.8066585281249999 0.1238174578125 0.803960075 0.099648653125 0.7981517421875 0.0866562390625 0.7681909203124999 0.10797057968749998 0.764237584375 0.12285553281249999 0.7740316484374999 0.1313452171875 0.7766653125 0.134749571875
1 0.8417715781249999 0.1513813890625 0.8458930046875001 0.1717909296875 0.855197715625 0.1813619328125 0.9120287359375 0.1467924453125 0.9098647203124999 0.12205762812500001 0.8987697984375 0.1053737078125 0.8438576718749999 0.1418523265625 0.8417715781249999 0.1513813890625
3 0.7775875796875 0.2120375765625 0.82794848125 0.24034450624999998 0.840252759375 0.19409301406249999 0.8040515796875001 0.170778303125 0.7670971109375 0.1522027765625 0.760342465625 0.1517552265625 0.7528030296875 0.1923973203125 0.7775875796875 0.2120375765625
1 0.8397473796874999 0.7056014015625001 0.8575124578125 0.6817192796875 0.8723668015625 0.6445912390624999 0.8670929031249999 0.6310328140625 0.8537958937499999 0.619214828125 0.8205067843749999 0.6792450750000001 0.8397473796874999 0.7056014015625001